7738	192	22	0
87
106
80
38
75
164
84
98
143
82
22
6
141
156
41
146
5
53
29
71
68
92
26
90
177
111
151
114
42
86
39
155
35
51
149
175
6
124
71
33
110
10
197
29
197
186
21
95
174
6
95
150
5
23
139
45
194
32
11
118
4
26
170
35
130
128
156
83
53
62
87
61
49
139
31
187
2
80
8
14
43
68
20
98
138
189
180
70
72
37
195
195
148
183
118
167
55
4
0
132
146
87
26
65
123
169
128
101
47
121
70
27
25
92
57
167
105
149
82
147
176
185
21
118
23
169
64
26
31
109
15
80
50
186
132
2
185
159
11
13
24
2
44
33
20
138
138
39
124
152
184
110
117
143
27
9
103
53
59
112
117
61
179
162
66
3
111
100
159
83
13
65
177
182
181
109
183
138
90
15
177
196
178
107
187
197
130
66
113
14
3
23
197
169
113
150
84
30
1
98
47
31
18
91
6
105
101
195
158
31
7
44
170
36
61
88
127
93
134
67
146
121
4
49
69
6
196
104
134
169
126
66
64
129
166
169
66
184
104
30
102
135
187
129
181
21
164
7
149
92
155
26
116
89
138
67
158
142
66
156
19
181
184
77
180
43
5
158
179
46
195
76
26
101
19
185
44
146
179
116
8
78
140
122
165
18
98
40
199
6
29
55
14
72
61
98
15
90
58
6
28
8
9
134
183
36
10
99
61
152
134
68
157
192
71
32
79
113
103
173
169
170
170
51
189
125
160
187
126
114
2
141
121
9
166
115
65
41
198
56
98
58
186
3
191
19
62
94
136
25
150
30
75
86
5
30
42
89
37
52
141
79
177
136
6
109
111
85
51
145
185
181
161
61
82
101
171
198
166
130
146
127
154
142
62
173
138
91
75
135
81
179
55
5
91
10
119
9
183
120
170
86
192
71
21
115
194
69
141
36
58
174
75
70
143
90
25
37
76
22
115
132
103
10
1
15
91
30
17
80
130
50
49
37
71
0
90
179
47
48
72
41
23
80
69
11
9
126
118
40
32
20
118
155
27
198
46
123
71
42
166
175
92
133
92
90
121
182
19
134
140
89
160
120
74
139
150
136
180
117
97
20
186
55
95
184
138
106
19
28
73
169
187
81
90
197
137
41
188
36
150
34
69
62
34
183
85
147
25
188
21
124
159
51
190
196
60
48
174
139
139
101
142
80
100
19
79
103
97
46
90
62
158
171
6
80
73
24
4
125
57
48
7
159
68
43
176
56
32
126
29
13
194
147
145
113
61
80
151
55
171
164
64
137
87
156
172
166
2
49
109
51
52
178
103
73
83
198
75
158
79
118
163
115
134
131
0
2
75
4
7
73
144
145
2
95
53
1
194
18
65
76
114
163
61
54
95
183
24
145
12
34
125
29
146
194
73
87
85
133
168
156
185
176
23
160
75
198
92
31
148
113
193
102
16
136
96
167
61
12
128
192
175
128
118
39
192
189
183
12
149
48
121
131
99
137
74
20
104
33
88
17
167
46
119
179
187
37
1
73
188
30
199
95
120
85
182
71
48
10
109
70
131
46
194
117
81
16
181
26
189
195
125
179
150
70
46
199
111
57
59
41
97
54
48
49
186
147
81
185
127
19
54
25
173
187
0
87
93
144
197
87
30
163
39
74
61
77
146
102
159
37
44
114
199
3
32
4
146
88
59
1
128
196
79
169
117
68
189
132
45
142
101
93
15
34
186
89
112
199
49
92
16
174
87
177
170
15
34
131
28
103
96
84
55
155
44
41
168
155
183
49
165
37
18
49
163
29
10
21
148
127
156
164
198
89
72
152
142
151
171
193
164
36
84
78
48
105
16
167
162
134
56
161
135
27
32
7
63
153
171
121
116
169
114
4
13
105
83
150
176
127
22
196
110
147
83
98
15
117
135
21
39
144
126
121
145
178
58
19
111
144
185
18
20
123
141
190
160
145
68
61
3
34
16
38
149
8
81
156
161
97
86
73
170
125
131
124
134
126
28
80
191
64
72
163
80
63
73
64
93
143
167
9
83
133
196
116
110
48
194
24
137
122
113
109
56
169
85
198
170
60
27
52
187
172
196
88
173
82
27
20
46
127
112
166
92
123
191
10
21
181
115
11
164
52
171
158
101
8
102
100
58
8
19
114
182
73
194
6
14
167
94
47
136
195
27
49
179
113
12
116
78
117
102
9
197
178
105
145
133
86
156
33
185
13
199
45
157
161
132
16
175
91
191
197
30
145
157
158
43
99
64
190
196
19
184
45
103
105
46
144
92
192
162
26
155
49
140
59
4
185
191
138
165
90
185
146
182
19
144
167
88
133
127
4
84
107
69
187
129
36
79
192
5
185
27
186
100
85
149
86
159
14
95
73
171
103
41
98
194
119
89
123
143
74
148
90
99
9
50
128
92
72
47
156
149
189
101
117
185
88
15
171
129
67
161
33
61
95
139
129
183
184
164
3
51
22
51
180
2
106
161
199
102
65
155
178
80
72
27
0
133
76
189
30
15
140
39
140
120
46
90
147
81
122
134
69
48
119
185
189
136
184
111
36
2
3
30
53
58
46
89
190
52
102
84
3
157
117
191
65
30
31
123
131
99
185
9
77
146
199
154
3
23
57
137
116
157
25
21
33
142
43
162
36
187
193
159
182
127
2
35
9
37
95
73
119
155
122
146
189
46
3
137
136
188
24
33
26
49
192
3
49
185
84
36
61
5
178
91
123
160
104
89
138
113
41
136
57
27
183
174
156
63
134
179
121
67
129
93
187
116
67
125
114
79
147
98
117
166
61
164
38
166
137
195
176
100
107
94
79
72
54
79
19
145
197
35
155
64
112
119
186
161
159
166
57
116
102
8
41
186
125
45
130
139
115
63
165
164
135
28
27
69
42
2
160
145
196
38
168
31
161
21
180
93
136
123
72
60
128
154
196
78
103
42
45
140
185
15
120
12
161
168
10
24
87
60
111
162
46
39
117
59
105
10
36
43
129
16
52
146
149
12
163
173
15
88
113
36
119
105
74
129
94
86
104
43
33
15
10
176
40
155
54
113
162
185
6
63
135
32
193
187
66
114
169
179
72
99
124
161
129
167
81
133
130
154
129
187
165
177
24
183
198
37
86
29
66
24
159
157
134
64
131
27
89
168
98
141
7
174
184
21
132
7
113
86
41
70
185
172
61
156
154
116
19
66
99
42
124
154
146
18
65
59
198
54
184
10
115
102
56
69
98
85
162
20
148
80
38
193
148
74
111
134
174
178
84
149
56
38
116
90
171
177
173
157
54
31
2
44
111
178
182
158
198
21
65
81
177
133
62
29
38
112
142
106
144
53
13
51
152
75
102
94
183
54
158
35
102
164
82
146
99
109
94
194
88
9
36
4
121
67
149
94
146
27
182
67
51
90
137
71
65
150
127
153
194
93
144
33
124
143
39
49
98
188
44
7
36
92
15
32
194
165
102
17
166
127
99
95
83
108
61
110
37
107
153
183
158
91
94
10
42
20
162
107
16
74
195
65
78
27
54
161
72
40
118
137
164
88
49
161
85
119
101
148
121
5
162
43
169
179
68
163
110
129
24
29
170
107
8
171
82
66
29
107
30
30
64
124
129
89
61
188
132
23
156
20
154
34
133
83
191
153
55
71
18
112
126
155
84
188
183
2
19
13
65
34
128
93
41
35
114
7
89
150
196
89
7
91
138
28
190
98
179
178
51
123
99
159
54
89
160
151
91
106
183
95
124
50
91
32
69
172
25
31
195
90
178
136
58
124
54
136
17
68
145
57
20
154
29
40
190
172
60
122
97
45
128
197
4
86
170
20
191
59
83
2
78
12
185
8
128
179
82
81
195
157
190
50
93
121
188
159
169
126
44
105
133
114
60
44
132
20
97
68
157
19
188
63
78
32
118
45
118
21
105
133
22
33
181
106
99
36
4
114
100
181
99
14
50
195
77
69
80
71
77
116
32
73
168
184
152
186
4
12
15
150
129
166
80
164
75
27
2
38
25
147
169
67
61
31
189
164
136
79
36
180
33
144
135
88
2
155
142
13
48
8
113
145
53
81
100
186
51
115
93
179
62
15
21
149
15
96
161
82
49
84
85
77
154
93
132
149
64
194
190
95
125
142
29
179
144
122
30
31
153
38
97
184
113
66
21
24
60
43
148
97
172
50
93
127
131
102
76
35
117
81
34
171
79
128
90
103
56
92
34
39
58
182
106
145
109
168
84
54
193
62
87
92
109
194
154
166
105
63
10
7
124
102
0
45
83
116
10
138
167
69
156
23
177
185
147
17
181
92
46
165
0
196
193
7
120
115
199
158
191
149
195
156
82
123
83
33
196
133
82
143
162
127
161
177
147
130
137
164
126
163
47
143
184
73
84
143
40
24
8
147
129
82
67
167
60
173
63
12
127
40
77
3
5
143
187
186
51
198
135
112
165
49
3
186
27
130
37
144
91
132
33
137
52
60
61
35
100
96
129
72
151
136
81
170
196
176
88
166
133
7
114
174
52
178
159
89
101
50
7
197
180
172
78
101
27
103
166
109
183
184
107
114
32
49
23
143
147
136
123
65
142
83
86
12
96
186
197
63
130
173
15
3
70
60
196
25
26
45
2
73
25
64
123
174
47
87
166
134
182
185
192
104
10
102
151
62
181
4
3
122
71
191
49
61
190
80
182
154
14
188
76
58
94
117
68
192
119
126
40
148
89
72
67
109
19
106
48
183
119
165
188
149
160
125
145
8
120
131
183
77
59
159
193
108
98
51
178
76
100
155
106
173
16
1
17
46
159
69
70
132
177
1
92
196
23
2
170
167
169
90
117
148
11
51
181
60
176
110
137
191
155
2
143
140
14
184
140
101
154
162
44
168
145
116
127
194
163
138
145
87
123
177
147
93
173
155
139
174
118
186
189
107
160
69
124
165
121
176
82
95
87
21
175
120
154
97
177
165
53
90
57
59
35
196
118
186
122
139
8
93
175
162
115
165
142
74
165
181
147
38
198
57
162
27
139
32
47
53
47
80
155
61
167
160
44
23
96
88
160
15
128
93
150
171
69
2
137
12
61
16
89
54
20
85
48
31
156
35
150
124
68
119
41
63
175
138
124
29
71
172
51
44
150
20
56
17
57
92
37
87
106
161
111
52
120
113
196
173
157
141
193
50
155
150
50
148
92
52
14
139
126
81
5
180
199
107
74
72
186
161
103
184
173
181
58
75
158
103
114
90
130
3
141
35
18
177
146
145
155
178
141
125
144
130
165
166
174
129
22
43
172
99
75
33
157
71
156
49
195
109
63
176
169
120
158
130
117
76
101
193
136
105
63
7
147
125
140
107
121
151
113
151
75
47
92
32
116
108
178
152
177
6
182
46
28
34
40
164
78
3
88
8
78
101
94
100
131
124
176
97
73
156
143
136
140
2
110
49
70
175
183
84
94
101
76
157
0
26
191
77
114
122
151
195
66
65
23
1
154
29
5
19
77
105
68
178
105
71
126
87
65
157
121
195
165
56
148
131
56
30
95
177
94
125
29
117
128
57
159
74
54
11
37
61
183
197
131
33
72
105
159
94
63
57
107
191
122
18
163
178
33
66
196
35
5
16
6
26
43
114
48
187
1
113
23
44
20
98
58
96
108
198
37
10
84
16
16
118
153
62
52
25
151
41
137
96
139
79
71
118
96
184
39
136
33
157
188
18
80
116
20
28
25
72
173
119
158
14
158
122
23
98
187
49
181
96
76
101
60
158
3
174
107
94
24
60
121
146
186
181
142
72
92
105
27
125
122
58
15
30
191
31
102
1
173
8
32
194
127
139
92
97
166
125
71
57
110
188
117
44
133
41
163
26
152
75
118
144
9
38
59
180
56
67
196
15
29
193
188
68
136
105
143
13
165
175
137
52
127
76
162
143
104
177
42
77
122
54
23
165
45
112
119
5
22
24
4
176
56
48
20
161
25
105
194
180
187
81
69
124
158
80
26
7
15
81
120
117
31
173
80
79
19
194
79
45
51
83
42
56
184
90
109
158
159
121
80
123
141
93
70
188
166
123
35
111
63
101
129
199
43
149
39
28
109
162
95
63
100
192
146
115
76
34
171
134
198
42
93
7
70
57
33
137
93
91
47
197
11
17
49
167
194
186
39
167
146
171
130
56
116
179
145
5
174
116
193
134
26
27
5
58
83
73
90
95
93
170
84
28
159
162
11
136
88
167
36
196
179
106
93
163
121
183
41
154
186
180
108
57
87
63
28
81
151
159
156
48
3
124
70
112
88
171
91
103
177
10
50
71
95
90
76
52
110
66
184
6
108
151
40
100
73
33
54
137
118
193
12
155
188
63
39
21
73
1
119
151
177
141
134
188
191
167
106
33
167
150
105
53
17
88
144
27
20
86
160
132
133
187
141
130
66
77
44
80
119
6
73
173
68
77
2
127
153
125
100
155
151
23
64
19
77
3
193
105
35
170
148
88
191
143
44
169
186
148
178
155
125
128
134
60
149
150
172
132
144
65
69
121
11
131
129
172
43
29
134
42
156
73
168
15
104
163
109
141
111
54
195
107
64
170
73
89
154
179
23
167
81
54
139
116
56
76
128
156
143
41
196
3
73
102
55
127
21
58
12
130
95
47
53
148
91
105
119
31
141
129
23
76
31
104
63
99
48
119
122
47
6
27
119
144
88
198
109
138
82
80
84
123
5
101
59
50
114
136
36
123
35
109
168
79
159
75
16
32
128
128
177
169
3
31
195
36
147
29
190
70
169
10
186
69
196
2
74
81
114
91
35
136
136
32
30
140
116
180
0
87
52
171
3
95
106
66
59
188
199
111
95
5
49
51
65
35
2
19
68
78
46
54
113
75
105
57
86
15
154
38
4
77
184
171
59
51
152
15
164
123
72
119
114
141
107
79
22
10
25
180
102
139
154
6
98
120
128
171
195
132
126
181
39
85
136
102
133
114
8
154
145
46
90
75
117
57
117
170
149
29
191
161
109
69
35
173
49
98
194
73
96
23
147
150
134
188
8
142
197
153
23
160
152
168
9
157
3
164
66
113
82
137
158
85
172
193
181
58
51
189
82
0
35
189
14
180
101
22
51
64
72
66
152
92
10
118
121
10
152
132
55
151
72
169
27
101
87
57
146
118
52
182
14
196
128
88
66
59
184
126
103
151
176
162
31
154
118
19
45
77
24
140
199
72
187
178
170
93
58
66
185
127
167
97
25
176
113
109
171
55
26
57
151
25
35
150
81
126
174
100
147
60
168
0
167
113
57
119
7
137
17
97
115
184
9
161
134
129
11
73
38
53
103
122
86
72
76
96
185
197
55
156
21
57
178
20
74
21
12
141
94
93
57
48
54
157
142
58
147
180
51
126
14
48
189
109
121
65
127
110
180
42
68
72
153
1
148
132
93
80
177
135
115
76
100
133
166
187
17
122
50
114
4
41
56
60
142
24
188
39
48
98
101
113
2
28
121
16
49
52
178
86
27
178
41
35
0
130
5
85
167
162
48
90
90
71
31
30
191
140
180
128
27
34
33
78
5
3
106
194
125
159
168
4
183
42
134
94
192
197
114
87
187
81
129
55
153
34
199
25
91
128
147
22
165
160
139
166
0
1
136
26
28
179
88
93
153
50
156
57
0
41
94
141
195
64
25
132
85
104
77
73
7
93
21
6
96
138
127
108
193
195
7
157
74
139
192
141
148
142
161
119
108
145
159
172
97
126
12
134
90
107
124
130
183
130
168
84
74
99
2
45
169
37
27
7
132
67
92
25
181
147
103
5
33
59
113
7
193
21
94
185
133
9
161
89
94
8
39
156
86
134
47
75
15
18
136
148
28
112
127
44
56
109
43
55
17
186
174
34
160
161
131
16
80
180
119
1
169
46
102
137
128
193
194
12
37
14
106
191
0
28
189
98
8
103
185
81
170
185
173
2
138
151
95
41
145
58
162
78
164
190
152
0
164
47
192
147
119
47
13
69
147
4
122
7
74
190
125
39
71
190
159
146
171
74
29
126
139
54
55
157
34
180
27
85
47
92
37
109
107
22
84
50
97
156
180
152
178
133
123
196
132
116
90
94
38
55
139
100
2
27
82
97
72
197
49
140
59
155
3
133
35
145
125
114
6
112
148
0
27
161
151
45
21
39
106
162
40
162
163
78
147
135
77
182
2
125
39
89
190
130
57
79
43
108
122
193
31
196
152
179
90
5
189
86
142
187
138
35
44
46
99
98
0
77
150
176
115
31
145
167
163
76
104
103
177
42
64
154
86
77
3
174
35
158
136
163
172
20
38
156
7
167
149
186
95
176
129
156
176
55
91
43
94
197
78
42
175
8
3
154
121
101
138
59
73
127
14
87
57
189
195
33
165
98
126
179
179
54
193
165
132
194
97
1
83
89
198
34
89
146
175
197
187
97
56
120
9
5
1
32
27
188
44
111
114
131
74
73
136
82
66
47
173
4
71
165
7
44
133
6
5
163
64
31
104
166
177
9
110
131
47
88
101
76
85
160
145
101
53
96
90
144
65
182
45
72
25
130
140
146
142
159
181
127
170
172
100
22
34
120
182
70
170
188
67
145
139
178
30
157
35
139
93
164
105
23
80
123
187
141
104
71
38
11
37
11
33
135
27
62
199
35
186
138
183
175
161
7
105
161
199
22
160
159
157
194
46
173
123
56
168
122
134
119
112
85
130
74
49
197
146
147
50
6
161
130
170
119
116
75
28
39
166
181
71
8
135
22
109
165
170
140
70
101
58
102
16
57
8
153
93
2
163
159
58
163
53
66
55
102
54
175
31
26
24
5
86
66
174
92
42
89
1
90
31
146
16
176
107
12
59
148
43
137
164
168
160
88
83
183
58
1
149
40
39
142
112
19
15
169
22
184
127
55
83
47
177
36
172
161
100
89
142
54
149
40
0
24
90
72
31
21
79
67
196
130
167
181
51
50
16
16
171
118
115
122
173
38
102
0
187
118
32
36
110
4
161
105
179
21
99
7
164
95
153
74
135
1
67
85
173
111
171
92
89
10
135
63
66
180
171
138
71
161
90
81
62
33
153
89
114
9
88
34
63
82
22
16
138
137
80
33
193
77
133
169
100
0
49
17
23
92
84
158
38
23
191
85
92
129
50
140
15
2
188
180
51
97
80
90
105
135
25
85
148
185
26
154
81
148
108
60
128
27
5
151
115
108
25
11
114
98
104
5
40
195
116
81
93
56
77
124
169
109
186
78
162
143
70
189
130
82
165
12
17
69
82
26
130
5
175
95
180
45
175
186
143
23
187
109
161
197
175
178
45
80
112
135
126
138
53
76
5
71
143
133
157
141
119
139
15
172
114
118
143
104
3
149
178
140
157
181
130
153
155
39
72
5
95
36
37
126
35
76
53
157
7
36
185
47
167
70
95
38
96
82
39
159
152
43
164
125
167
76
166
99
157
65
72
78
154
81
99
64
156
121
38
105
144
21
96
168
48
159
172
152
85
193
167
118
121
183
26
110
68
14
118
165
33
42
152
128
173
27
19
20
99
134
149
15
126
186
191
180
84
185
12
44
100
39
5
39
100
23
126
147
49
176
89
99
115
158
197
192
180
29
74
69
190
1
12
92
174
57
138
86
57
97
18
80
185
23
114
97
131
149
165
39
97
69
65
50
71
43
121
8
20
123
28
88
183
124
73
98
59
181
12
67
81
99
18
126
113
68
125
54
156
22
100
160
48
113
75
77
145
51
42
78
89
186
116
72
188
116
134
94
26
18
130
62
105
27
24
20
167
197
112
178
145
134
118
137
3
64
194
49
133
43
194
68
101
61
111
89
31
109
41
125
14
69
56
84
13
181
8
44
87
75
112
114
39
104
55
174
37
79
107
162
118
79
119
128
15
88
193
185
53
26
117
129
83
8
89
152
73
164
119
132
158
76
168
90
131
114
115
139
11
57
90
147
130
91
52
125
48
15
77
1
162
136
47
168
142
9
130
183
33
5
135
79
175
19
69
141
103
102
158
140
16
74
58
104
139
90
126
14
54
119
128
104
154
11
1
52
75
28
31
4
145
100
182
96
15
84
123
111
71
113
117
21
56
191
32
158
22
170
119
145
125
35
85
24
81
55
128
51
92
12
131
196
165
188
175
13
153
68
13
29
25
15
90
82
144
155
80
113
135
37
141
1
64
15
129
157
3
24
169
160
111
77
11
170
57
187
78
17
122
46
56
51
56
107
115
183
52
82
117
116
83
183
42
65
43
40
152
28
147
25
39
14
8
75
139
11
32
131
47
39
101
142
24
188
72
194
163
24
94
128
76
60
4
14
156
79
162
161
70
16
23
127
54
155
58
2
182
34
104
193
71
109
126
145
72
93
164
64
174
42
68
34
105
124
166
68
46
22
106
190
6
134
106
150
154
17
153
63
129
108
155
81
160
110
170
185
45
137
74
169
152
47
162
123
119
81
63
134
44
90
151
115
85
130
191
66
112
174
2
125
56
53
126
110
88
78
12
52
123
149
172
73
6
28
179
111
131
38
66
0
35
143
108
45
22
39
147
174
74
45
40
177
46
144
141
198
162
9
89
38
53
172
15
195
98
141
131
171
144
112
83
38
53
88
37
135
174
153
195
184
62
26
47
21
184
153
76
83
162
187
196
1
120
19
32
156
146
63
103
17
20
130
93
132
32
155
87
165
65
53
145
34
38
80
28
87
138
126
119
82
4
191
193
75
144
125
81
8
17
36
18
191
153
65
54
85
118
195
189
164
187
151
146
16
88
141
18
10
55
8
186
150
21
107
37
87
136
183
39
27
139
81
136
57
123
192
104
30
197
60
107
103
183
178
2
80
15
180
126
139
52
69
161
133
167
178
59
66
165
12
13
8
12
187
110
153
167
36
40
3
120
178
78
154
42
115
5
85
152
137
59
117
188
153
112
193
48
64
64
175
139
81
33
173
153
28
16
125
9
89
26
183
92
49
97
65
79
53
14
154
85
80
118
68
5
39
18
95
155
170
71
26
85
26
6
180
172
17
184
33
117
114
90
96
123
37
9
161
83
37
75
116
108
149
26
188
9
180
69
195
100
154
196
119
120
122
160
194
83
15
172
199
126
75
44
168
131
19
89
37
90
54
30
38
159
196
83
18
84
195
187
176
39
5
164
58
199
93
114
50
64
136
24
45
73
1
100
68
110
5
86
145
135
197
157
6
60
113
110
177
75
41
114
28
192
127
2
0
0
97
74
2
89
178
175
158
113
176
150
176
106
56
139
121
119
77
154
54
38
48
6
85
114
145
20
41
76
12
75
180
165
7
82
36
138
160
5
38
92
107
150
55
146
160
20
50
70
11
11
123
146
165
199
34
69
112
134
36
45
120
50
67
90
61
183
141
181
165
7
42
43
30
111
54
26
73
150
31
47
2
122
137
2
84
118
165
175
178
100
48
185
192
59
136
100
47
29
129
103
191
144
93
93
39
47
186
183
152
76
164
103
103
180
140
3
169
191
169
197
18
178
179
91
118
131
95
63
128
88
67
29
80
37
51
108
95
40
116
19
175
50
158
90
14
125
63
146
49
181
66
130
132
148
159
143
39
13
52
31
141
100
169
162
30
9
88
173
172
87
75
4
187
141
88
123
74
97
160
2
30
4
109
115
29
158
9
193
111
190
155
39
65
189
181
65
180
160
177
131
170
193
105
29
121
57
190
183
175
76
145
191
53
104
141
44
105
107
109
174
3
25
169
164
17
31
92
57
126
39
185
99
21
72
108
106
27
9
157
170
186
17
174
173
186
86
46
48
107
145
190
80
85
130
57
193
168
54
33
83
199
57
84
89
167
161
70
55
158
25
103
15
31
198
133
56
90
106
60
20
151
82
34
21
131
6
32
115
131
13
146
28
101
35
63
113
71
40
123
160
159
13
146
35
177
198
32
117
63
102
116
44
170
76
139
192
47
113
32
158
85
146
145
105
27
56
5
38
111
145
161
130
16
74
106
138
157
164
44
134
174
153
33
140
160
145
78
173
159
133
87
5
99
47
155
196
45
100
122
84
139
15
162
175
63
100
17
15
62
69
45
105
188
52
15
111
124
94
71
40
37
128
0
158
161
121
180
107
143
116
50
161
144
168
35
173
62
181
5
71
89
110
79
41
123
93
99
41
91
199
137
53
175
150
160
66
146
21
55
177
101
3
106
151
121
63
24
127
155
172
137
46
113
81
141
18
113
192
120
152
0
40
121
121
47
34
138
184
138
189
34
170
35
62
189
178
91
79
21
145
65
74
26
191
147
107
29
64
88
176
18
14
112
69
140
70
139
128
58
58
110
102
95
99
85
104
71
144
130
109
197
7
27
45
162
111
194
96
161
24
158
177
5
127
110
130
67
106
94
149
156
4
130
20
195
166
7
93
21
163
145
46
46
126
191
193
199
65
131
196
69
140
141
16
102
121
63
123
173
80
171
44
189
92
81
26
41
97
109
34
90
48
21
180
138
72
24
169
173
171
121
18
111
186
59
160
8
110
54
155
164
36
104
161
8
20
88
134
151
190
107
146
130
26
153
68
134
3
129
65
62
102
81
32
89
133
50
69
23
58
128
152
78
122
40
129
137
137
18
171
47
147
13
42
41
158
1
34
21
114
160
45
88
41
14
9
153
65
88
4
120
35
57
92
157
127
183
152
36
142
155
92
22
27
31
29
148
55
131
106
52
17
112
42
166
174
197
144
112
26
80
136
110
99
68
13
109
45
80
8
94
72
57
71
144
91
118
64
134
163
80
32
152
132
5
140
77
42
82
35
77
108
117
62
109
110
101
77
180
42
113
72
98
179
61
158
145
157
116
53
171
132
119
23
35
71
75
54
55
88
16
12
51
132
141
17
193
34
113
177
156
169
13
73
133
194
14
166
180
143
30
35
184
78
57
149
137
191
189
116
90
54
155
64
61
172
27
157
159
104
132
189
42
22
48
193
153
130
149
4
134
35
160
99
47
95
125
133
8
158
97
107
98
77
160
91
48
10
27
175
130
143
129
109
170
45
78
51
92
111
169
42
187
87
23
76
158
48
197
162
122
162
162
78
105
188
139
193
176
137
185
91
54
33
173
5
168
187
139
116
145
156
188
53
191
38
5
23
169
24
13
161
36
46
180
73
141
5
47
166
161
45
16
75
7
107
131
137
167
138
131
111
181
78
42
41
197
12
119
98
122
161
130
47
138
94
123
169
73
77
25
62
118
10
182
101
138
169
151
101
36
88
98
145
130
48
32
169
187
158
26
40
143
32
151
78
119
126
27
170
65
31
4
109
180
149
158
77
58
198
167
140
75
104
156
45
198
160
41
51
123
38
88
158
60
73
73
27
161
99
0
150
98
64
69
151
87
152
44
46
188
47
92
180
8
30
109
7
77
167
114
18
194
178
191
111
3
79
92
34
18
175
31
3
15
188
95
47
83
9
196
36
186
31
125
71
119
54
129
148
1
188
175
25
115
117
105
128
2
143
99
151
39
88
58
21
12
14
127
187
195
19
26
76
90
156
67
115
195
156
156
120
16
193
163
22
148
147
68
108
100
132
146
157
76
177
142
143
78
163
184
157
29
58
162
33
47
63
125
154
81
12
19
189
149
51
131
195
63
136
82
183
117
99
15
122
124
174
55
21
111
87
63
98
123
10
16
104
38
71
157
81
101
91
120
129
29
86
138
5
161
16
65
110
194
8
75
177
165
107
73
132
141
21
71
46
34
64
136
100
10
30
55
124
171
196
112
104
58
189
196
128
14
151
148
52
62
183
172
149
73
100
73
127
124
18
149
158
141
78
95
1
87
169
184
183
22
3
119
140
2
109
111
184
193
98
118
5
69
11
198
44
141
142
193
187
198
98
77
180
154
162
119
60
9
171
43
118
12
100
42
140
161
137
68
97
119
164
45
22
107
185
28
144
4
59
150
26
65
168
58
157
59
111
13
88
77
129
149
117
7
67
187
105
9
118
130
167
5
81
148
67
157
92
11
14
4
153
164
35
24
137
112
132
173
169
61
42
29
31
18
175
27
4
151
81
136
56
162
30
116
69
94
167
150
185
62
2
175
139
88
192
128
129
132
71
116
108
83
61
104
177
37
10
190
156
195
8
33
11
131
82
91
156
121
158
18
68
66
112
138
197
100
85
60
35
186
193
59
52
164
149
39
122
147
64
10
134
73
121
144
10
31
46
101
162
24
172
174
96
123
28
17
132
54
30
168
196
53
21
40
45
82
95
32
14
127
23
29
30
95
32
114
186
18
0
21
60
39
6
37
106
163
138
95
42
32
192
16
136
2
97
37
108
178
38
190
195
125
1
25
40
191
98
138
54
49
130
184
21
90
96
83
190
65
182
25
45
112
87
161
2
92
199
31
28
9
111
181
187
75
51
146
152
119
74
116
123
151
130
194
176
21
173
84
120
159
91
52
15
192
6
29
47
32
140
65
105
137
13
130
123
2
193
14
130
129
52
69
149
113
98
142
27
188
17
133
107
121
143
185
182
166
9
123
115
145
12
145
167
168
100
7
38
96
55
7
147
51
133
40
15
155
183
42
154
163
1
97
67
132
116
23
77
12
156
36
25
100
51
185
194
24
33
131
153
129
1
66
37
47
41
17
70
56
189
0
175
14
168
108
158
76
168
185
145
96
84
86
46
60
29
94
118
55
159
135
40
177
51
35
94
147
106
52
70
132
128
125
79
161
66
147
182
116
149
50
76
69
29
164
149
174
78
116
128
183
83
177
14
66
1
54
113
2
62
30
194
60
68
148
175
176
60
49
167
97
88
95
172
134
170
146
20
149
58
102
187
158
96
196
96
83
94
158
122
135
145
41
167
148
36
155
178
31
41
2
199
86
133
84
99
65
79
77
197
22
77
186
34
119
106
60
138
6
64
120
173
160
150
124
41
103
78
12
124
146
134
74
192
183
144
132
71
33
112
15
156
44
114
90
180
173
86
133
31
39
1
152
63
112
121
176
44
162
61
116
9
53
30
182
102
74
197
189
67
98
19
38
86
84
127
51
122
110
95
52
148
99
95
194
170
3
167
155
83
96
28
135
197
44
77
185
95
88
144
9
139
0
161
134
71
178
110
57
137
133
50
84
117
118
172
161
172
157
171
112
18
190
56
160
180
83
104
127
181
127
37
69
92
14
24
82
19
57
157
103
77
109
2
66
61
115
93
51
112
194
82
83
151
199
70
125
187
111
187
45
180
131
39
60
160
58
139
14
37
69
14
130
27
188
52
96
49
142
174
74
18
117
87
41
99
16
40
56
189
162
8
85
145
152
76
188
53
63
135
198
65
179
118
110
190
125
3
60
36
188
19
59
62
124
182
29
77
140
3
14
69
121
157
125
104
40
54
79
5
49
103
70
197
71
65
175
130
172
131
81
36
105
40
153
121
194
68
27
143
128
19
155
193
97
126
113
21
186
27
114
86
60
191
91
163
52
187
193
131
133
89
28
11
96
169
162
125
43
180
103
190
160
36
130
21
28
182
107
27
152
181
113
59
108
180
176
152
191
96
127
117
147
184
16
157
86
178
0
112
147
155
70
182
199
146
169
83
159
57
81
175
174
113
80
177
173
162
130
87
195
180
158
197
100
148
161
119
38
70
40
29
86
148
147
10
145
160
82
8
159
156
143
45
17
35
74
90
11
3
43
157
13
178
122
13
51
26
19
125
5
147
158
160
161
155
74
55
147
164
161
89
134
66
95
40
125
111
84
124
18
141
73
182
88
112
183
67
164
86
83
163
134
83
181
85
30
149
88
169
1
192
52
129
170
7
87
29
37
81
66
97
63
28
31
37
185
24
1
194
19
186
124
76
110
139
43
96
66
85
80
11
54
82
54
108
37
176
138
127
197
5
192
63
60
171
18
87
11
144
83
70
124
84
26
53
184
24
18
45
137
0
190
50
14
12
162
30
181
25
196
27
138
111
17
113
118
30
61
144
171
2
162
27
148
160
177
89
105
188
31
113
143
137
62
73
190
51
133
147
197
93
106
109
88
146
107
107
33
154
180
4
53
19
170
173
61
137
142
37
188
188
110
87
0
20
101
21
50
44
186
168
56
160
71
121
26
140
128
74
1
66
155
54
11
111
151
97
52
163
196
117
70
164
114
75
17
198
86
10
109
113
135
79
196
174
31
114
141
127
93
88
27
51
71
154
180
34
84
66
45
43
55
141
27
144
112
89
156
82
173
148
36
159
94
6
196
180
70
109
148
64
181
147
49
32
115
102
10
128
134
115
92
20
188
184
54
107
4
85
118
77
31
174
194
1
180
152
123
182
145
29
12
28
22
22
72
13
11
156
17
45
49
122
125
19
198
11
115
139
42
147
44
26
87
5
84
29
37
153
159
54
155
191
168
85
170
29
5
199
91
152
102
157
57
122
117
91
129
169
71
19
118
120
24
61
121
148
37
62
37
125
147
83
112
31
5
112
22
28
106
17
72
24
149
67
10
120
174
160
41
23
54
166
115
183
104
83
81
112
106
175
119
25
131
70
165
176
198
33
126
191
37
103
141
13
177
93
103
30
13
175
11
105
179
90
62
76
38
168
172
61
55
86
169
103
42
157
37
159
8
43
109
123
80
14
174
54
167
157
165
170
95
75
98
162
155
145
179
19
72
70
173
79
198
173
109
21
6
52
28
184
159
20
73
154
57
106
16
69
178
1
16
135
70
33
194
23
89
184
134
176
48
59
48
9
190
154
31
198
178
189
14
14
6
159
92
114
154
190
102
7
47
187
92
160
192
36
136
52
122
107
186
167
180
139
9
199
1
127
125
198
146
151
24
30
25
47
35
62
65
158
140
136
129
8
92
92
151
144
135
124
169
46
141
37
190
193
85
199
59
137
1
81
178
147
5
60
189
114
137
114
80
94
14
75
125
156
141
116
152
26
51
100
99
61
1
188
36
41
47
35
89
68
137
131
78
79
17
164
14
18
108
186
45
179
89
5
30
107
27
109
192
165
56
8
43
148
115
10
33
152
76
88
175
68
78
177
138
199
73
153
95
173
110
154
163
113
0
26
97
177
194
164
98
166
107
123
126
47
86
98
112
9
94
185
112
141
175
165
34
198
144
15
164
133
100
63
125
155
183
29
1
18
78
195
145
16
103
66
151
177
64
72
103
160
3
3
169
75
159
141
98
64
178
116
42
39
98
140
177
93
11
155
75
121
178
64
179
144
40
49
115
80
155
96
177
42
110
186
173
129
193
84
167
50
67
162
93
71
179
77
58
36
39
151
50
172
35
62
98
48
187
179
133
54
116
183
57
3
20
65
33
21
106
126
147
55
88
37
40
161
133
78
100
171
31
46
155
134
45
9
60
159
163
117
130
81
167
159
69
6
24
109
120
169
110
55
19
35
92
154
96
57
178
35
11
110
87
196
194
194
68
118
148
22
116
195
14
3
31
158
136
111
46
18
30
67
192
36
163
115
3
125
160
42
95
152
2
82
148
157
50
53
