5539	128	77	0
18
5
141
10
186
64
195
133
6
171
50
0
98
171
95
145
91
96
132
162
100
32
119
137
131
23
190
129
90
116
1
67
121
27
88
90
64
50
91
18
34
67
57
84
46
93
79
129
95
39
122
32
3
34
112
46
161
106
81
185
35
185
115
97
107
160
67
124
66
155
55
76
116
135
79
198
55
178
85
138
161
79
146
10
185
53
151
57
94
147
37
162
5
123
76
98
118
56
112
195
29
69
178
102
118
107
163
19
129
54
147
72
118
141
23
44
74
124
160
39
159
184
192
88
113
62
48
98
29
80
149
4
36
61
194
156
93
20
94
7
113
21
93
79
8
84
93
177
121
170
135
130
174
98
53
39
30
93
75
45
116
131
22
171
132
7
129
50
190
69
150
133
75
10
161
67
60
184
160
127
67
197
71
176
65
55
137
2
182
142
88
168
62
142
149
67
105
47
155
124
67
186
62
82
154
163
137
33
191
38
13
127
59
111
173
132
34
146
22
157
61
179
5
165
129
196
128
161
69
89
78
198
98
0
90
114
75
58
106
59
83
113
111
176
189
6
181
130
79
96
98
62
192
154
28
162
152
161
2
185
111
120
148
13
133
155
119
176
121
77
96
111
125
150
154
76
54
76
35
142
42
124
184
7
74
5
113
170
23
74
32
62
65
178
82
52
66
70
24
17
9
94
199
176
82
16
155
112
74
30
99
36
25
170
165
69
96
145
50
97
194
170
188
117
87
82
4
55
35
45
137
137
198
82
154
138
148
27
53
47
196
160
176
25
182
87
172
99
30
26
73
99
109
198
140
82
134
163
38
2
134
20
46
155
29
125
127
185
193
12
84
46
33
134
31
112
71
135
41
46
143
20
3
60
108
81
12
97
42
106
115
89
182
136
52
12
1
99
152
90
107
126
196
153
61
100
60
148
191
132
32
170
39
43
132
193
115
119
46
157
22
108
57
192
110
29
134
31
151
64
114
167
72
134
2
171
98
77
58
59
17
180
150
130
11
187
184
68
150
125
184
186
190
19
154
156
44
30
56
73
130
64
184
150
122
87
137
145
79
55
95
192
91
187
78
187
143
192
138
131
65
70
37
86
136
172
114
168
3
175
151
94
119
14
32
186
159
5
117
55
166
157
133
96
40
60
36
9
94
78
176
81
160
199
89
83
101
91
79
119
142
189
158
2
177
160
44
71
138
165
187
160
11
186
145
149
51
195
140
135
157
128
108
90
23
51
145
173
11
28
43
7
83
35
153
56
117
145
33
193
198
187
13
105
11
35
39
93
98
45
67
26
39
116
27
194
51
70
192
153
166
147
195
196
21
61
148
29
151
100
194
92
153
137
89
133
42
165
130
146
96
189
52
190
17
140
168
110
190
109
170
195
25
11
163
96
0
128
116
60
58
94
45
133
174
125
67
186
147
154
8
130
113
48
123
54
118
5
49
184
69
12
12
119
65
138
79
144
8
63
172
3
122
91
28
190
17
107
54
138
18
167
11
32
33
193
165
175
107
11
112
70
84
5
121
104
26
59
51
97
17
79
120
83
20
24
76
109
45
38
141
113
20
144
151
9
196
132
37
173
139
83
122
171
32
22
181
99
14
73
106
78
79
171
181
51
172
39
121
117
120
194
47
173
189
65
130
111
54
78
55
123
27
6
114
179
59
171
108
172
76
33
33
35
46
87
5
29
13
45
183
114
165
180
85
39
0
165
63
23
51
18
80
110
143
75
70
178
42
135
179
142
54
112
156
20
74
120
38
70
4
181
65
17
72
103
149
110
58
98
153
118
23
189
82
98
90
165
160
180
98
86
53
182
160
96
46
197
15
122
124
49
188
93
196
28
197
95
90
132
142
139
13
7
22
26
147
2
96
32
141
182
157
69
62
183
63
126
173
146
137
183
81
171
66
128
100
57
160
145
176
22
137
35
39
126
52
13
103
35
78
152
25
66
129
183
10
135
103
46
147
192
76
61
163
16
129
41
77
122
149
25
76
168
102
56
82
183
133
43
72
57
96
56
64
54
136
113
182
191
91
12
189
170
124
144
102
139
150
14
66
157
104
129
9
101
146
68
172
134
181
95
12
39
105
29
93
13
176
86
5
22
95
115
47
76
101
115
44
169
140
89
113
29
61
72
171
58
80
140
87
24
160
158
70
138
53
4
189
67
115
194
35
174
136
137
100
50
155
186
43
102
128
16
116
142
0
167
87
162
125
4
184
111
59
131
131
141
145
95
12
109
151
34
133
156
42
97
97
88
155
90
158
157
61
157
136
77
125
188
119
2
52
88
122
89
80
82
85
109
169
3
78
117
55
145
166
83
0
174
131
154
199
158
97
115
128
173
32
12
136
170
169
182
18
132
75
57
156
48
74
86
24
60
23
121
142
155
10
9
119
110
3
101
76
75
137
68
77
196
58
121
197
166
33
42
99
52
173
147
132
72
14
84
187
22
130
115
170
93
22
95
194
107
80
195
199
188
137
59
55
190
80
7
25
147
97
81
106
44
61
171
122
183
59
106
181
21
4
97
14
67
52
132
30
138
132
122
170
53
165
189
106
159
63
122
86
190
31
191
51
144
135
94
187
136
175
101
51
61
121
78
110
56
146
98
166
159
5
69
186
107
81
198
75
178
139
198
177
26
30
90
107
115
158
182
124
128
53
24
24
18
117
63
133
72
164
166
103
38
197
136
68
97
82
113
190
85
63
191
190
171
163
164
102
107
144
9
135
153
1
152
129
95
131
38
113
199
108
195
92
27
48
7
82
99
91
147
126
130
129
90
122
6
192
106
7
66
71
2
74
42
8
169
113
170
176
192
45
26
72
126
122
2
196
71
138
54
168
184
112
47
163
89
15
158
123
31
27
45
72
85
183
28
189
70
149
149
96
66
61
13
19
163
69
63
91
3
126
62
182
67
71
38
26
34
155
32
72
176
117
105
95
174
44
69
20
53
105
69
183
175
109
19
154
149
88
125
170
110
28
78
112
105
0
13
145
16
136
103
153
169
162
160
39
161
107
33
122
47
48
158
9
11
65
48
79
185
127
194
61
182
70
58
186
46
78
46
6
151
179
159
148
37
125
167
173
51
26
27
105
43
102
85
1
26
165
8
88
195
79
8
168
150
50
30
80
181
22
158
115
59
137
53
124
49
59
162
21
87
83
23
80
187
72
68
196
88
29
0
129
182
156
189
158
2
115
7
79
171
11
41
189
168
84
197
166
177
95
93
179
176
12
98
184
180
74
32
22
18
141
140
164
175
145
99
173
71
92
41
10
195
74
163
152
123
50
73
172
0
38
35
99
20
168
71
151
1
167
20
3
146
177
47
119
122
194
143
39
103
187
31
181
139
78
79
56
23
198
199
84
83
83
74
104
126
82
83
63
79
132
102
22
166
189
45
5
26
36
109
1
24
83
181
53
172
140
51
128
56
171
83
194
86
59
60
88
123
40
97
15
90
148
81
189
137
85
35
130
124
75
17
62
125
151
48
5
197
143
154
69
122
7
48
136
100
17
23
61
173
13
37
16
53
171
112
2
39
173
180
147
108
18
39
147
186
173
99
137
32
12
151
43
145
21
98
116
130
10
69
155
130
173
76
168
5
55
57
81
197
185
52
179
141
134
51
5
139
160
50
125
42
7
192
62
121
80
6
41
188
178
187
136
148
84
185
82
110
177
102
8
21
78
64
198
164
34
73
110
60
188
26
94
30
67
15
65
71
182
183
123
77
148
38
38
121
93
0
146
115
8
28
9
44
166
139
105
149
91
84
82
194
93
134
111
170
84
9
137
109
106
121
135
58
12
192
34
188
166
134
61
89
190
112
106
183
70
34
31
187
188
74
167
111
119
179
92
39
168
106
187
129
152
177
88
143
160
110
24
170
122
15
14
140
39
108
69
1
58
184
148
139
138
29
79
161
174
132
18
52
24
166
184
158
91
170
26
15
89
180
52
165
5
21
161
183
184
5
78
190
39
114
76
1
41
147
63
91
54
189
132
99
66
49
191
160
33
25
122
191
29
125
193
178
171
191
18
87
164
151
195
146
111
115
68
192
76
30
107
113
3
83
190
121
154
111
90
35
189
73
42
154
32
183
132
6
32
134
198
7
160
165
118
42
72
135
87
61
159
171
174
95
57
42
20
193
123
28
191
44
75
167
97
22
29
109
137
12
0
96
56
13
192
173
188
112
100
3
153
51
191
62
158
146
76
140
27
160
162
4
48
133
7
70
0
36
161
138
188
104
119
153
76
139
47
58
105
138
177
186
102
103
135
187
69
68
104
63
78
66
146
170
161
156
85
146
60
107
63
132
113
54
42
195
191
189
177
151
177
131
177
152
195
5
21
54
128
171
57
151
25
74
192
180
184
108
161
56
90
109
36
125
11
114
115
189
12
16
171
90
167
118
138
162
91
25
74
43
131
82
3
199
136
117
71
172
151
137
95
187
182
23
19
170
87
25
135
184
55
136
49
157
104
90
54
68
186
46
140
166
57
77
122
59
152
151
84
159
35
15
115
31
170
156
33
63
177
85
34
146
84
97
134
93
40
88
51
184
197
1
127
66
16
120
147
128
188
3
139
153
56
122
49
65
148
98
50
88
181
196
120
31
192
110
143
182
171
157
131
165
23
29
70
93
74
144
144
97
120
191
198
183
122
95
157
125
71
146
65
177
38
25
158
90
46
140
103
124
5
134
108
20
44
95
54
81
140
175
110
195
185
4
140
107
36
41
92
109
175
19
50
86
170
192
102
119
26
166
194
11
105
14
1
19
65
99
26
19
57
171
129
17
90
121
175
145
75
27
16
56
17
151
18
11
139
21
5
83
137
137
14
111
116
185
165
38
64
61
135
56
111
111
30
71
31
48
171
127
123
67
38
103
40
67
53
44
5
133
64
177
190
17
109
100
66
155
54
199
71
80
152
34
56
167
63
58
5
133
45
0
48
85
106
128
56
26
14
76
38
74
153
29
77
10
195
182
111
88
47
101
130
105
162
102
145
191
122
157
102
53
113
96
22
139
177
111
109
177
193
97
56
106
166
188
58
175
29
184
46
92
12
193
139
75
104
72
182
163
129
53
40
124
10
26
176
170
29
134
4
100
67
37
57
136
185
185
50
181
182
184
172
156
185
185
48
179
119
35
170
103
90
13
103
134
197
172
171
95
171
156
104
22
176
109
147
40
23
97
8
39
163
192
5
34
98
9
156
133
98
197
98
176
127
169
197
62
117
104
139
141
80
162
5
180
163
86
122
182
37
127
24
138
127
189
61
60
50
11
28
20
142
153
19
121
166
86
128
105
119
155
36
64
134
158
192
138
105
74
108
38
38
96
22
98
199
116
40
165
47
190
66
117
175
178
94
134
169
39
83
147
30
9
169
172
187
124
196
68
157
198
131
13
69
86
111
26
39
47
105
9
172
83
196
60
96
78
106
107
150
73
187
175
71
158
143
21
17
159
85
173
36
6
12
94
0
104
182
103
50
195
189
197
21
128
102
52
69
39
90
76
71
31
26
10
125
14
83
7
190
147
135
137
57
37
83
60
41
47
112
53
52
92
192
67
94
89
34
138
140
99
1
37
66
165
182
71
141
141
46
159
36
116
159
54
185
121
92
189
134
34
87
152
83
126
190
73
19
153
118
122
158
4
84
155
18
48
83
44
178
199
151
47
145
16
160
182
63
189
162
108
154
50
1
187
160
140
50
153
105
28
77
143
177
95
119
193
131
187
19
3
169
152
128
69
55
64
166
149
96
108
194
134
193
37
129
122
1
20
2
41
18
182
155
182
41
88
5
98
40
83
84
24
94
187
174
124
140
146
30
113
24
180
88
21
102
166
92
139
58
80
16
84
83
77
69
107
169
163
84
148
39
179
161
16
11
46
149
184
83
129
194
68
26
71
32
199
15
2
85
32
198
22
136
47
24
178
46
33
22
60
158
99
155
31
55
119
167
179
17
62
23
2
0
178
186
146
85
54
87
36
152
157
186
168
176
148
157
35
194
101
139
142
184
97
48
140
56
185
180
0
182
40
22
8
140
192
189
138
109
168
50
25
161
112
9
12
58
169
87
19
102
67
117
103
61
51
106
173
50
89
31
63
159
180
187
39
57
90
103
73
106
88
100
52
93
11
160
108
124
184
112
135
197
70
111
185
59
62
45
95
169
92
27
197
161
133
10
76
98
52
171
76
49
155
193
81
22
82
194
85
191
135
165
90
99
11
6
58
124
5
85
125
135
61
4
70
104
79
71
51
6
121
181
87
117
123
13
181
11
114
36
27
170
65
75
49
196
5
149
4
189
36
110
20
34
129
15
30
119
14
117
78
62
86
43
165
188
77
124
163
197
191
114
186
40
194
12
174
181
146
169
108
50
135
4
78
101
164
104
161
60
166
130
187
32
151
78
28
8
94
74
24
98
149
15
22
124
159
5
72
33
44
118
159
199
34
43
122
68
73
26
51
1
75
185
14
191
135
148
151
190
49
131
143
197
183
127
66
27
98
35
16
180
127
7
199
39
73
183
185
180
173
26
15
123
74
6
26
167
43
177
9
194
130
35
108
10
194
87
12
129
41
104
117
98
120
96
193
127
153
20
98
136
100
147
51
62
158
45
43
125
86
105
144
111
29
70
28
182
154
163
30
34
151
194
192
192
27
6
144
171
149
198
174
124
17
26
129
77
147
18
62
28
61
150
62
51
46
64
178
52
34
54
62
73
24
27
159
65
44
157
178
151
89
185
187
149
186
18
87
134
125
169
70
32
84
151
184
32
186
53
139
64
39
28
182
67
120
33
45
17
86
88
170
134
89
97
52
149
56
24
135
59
144
70
56
198
127
14
130
3
91
58
106
126
164
154
107
196
91
62
111
189
30
164
92
182
33
35
198
154
154
32
134
72
136
125
111
160
57
127
120
152
79
97
51
195
55
52
194
72
54
160
40
168
175
148
155
129
93
73
4
136
10
69
80
75
154
155
151
196
103
111
134
170
89
167
59
82
25
109
5
122
67
130
149
62
134
173
180
172
66
80
51
97
140
11
49
111
0
106
189
142
44
105
8
102
93
32
149
191
105
34
169
176
120
103
161
28
71
122
92
122
162
52
166
3
198
111
165
151
160
87
100
40
133
154
90
32
183
193
190
95
25
70
33
52
64
77
0
44
126
8
157
73
115
58
17
153
178
85
128
88
117
198
153
120
54
86
64
12
140
124
89
12
94
46
187
171
103
167
143
84
94
162
148
123
136
44
49
88
68
48
198
118
147
140
95
129
155
24
149
110
150
87
27
148
51
141
114
56
73
105
49
192
91
29
45
173
85
80
185
51
122
84
2
60
119
35
34
48
15
156
23
89
75
4
22
187
117
168
9
193
106
103
3
122
115
164
12
171
102
0
142
30
46
62
154
183
131
152
79
135
94
80
144
50
6
160
81
76
176
51
142
152
151
140
112
152
184
84
5
184
40
50
139
37
116
106
32
68
181
160
33
124
6
109
125
165
123
24
141
130
96
57
75
122
187
198
140
173
7
128
76
178
61
96
156
37
81
147
170
156
31
133
197
67
177
97
146
174
6
30
177
124
136
6
30
27
169
136
196
30
51
117
92
3
51
96
86
120
57
70
66
166
23
84
166
118
36
32
12
160
19
8
78
99
37
111
97
31
31
30
91
133
137
119
51
48
13
164
196
149
192
126
61
29
152
146
184
131
34
149
53
49
175
41
74
117
162
183
113
73
41
116
62
160
157
25
163
164
111
66
115
61
113
160
111
124
71
81
16
85
96
53
122
43
109
132
72
173
148
115
26
126
105
118
160
91
42
127
186
141
37
196
94
62
73
95
44
128
6
95
145
121
194
115
150
59
184
127
69
199
183
47
168
98
84
0
14
32
85
198
66
189
108
88
49
99
68
72
168
173
170
174
160
113
19
188
63
68
62
101
44
40
22
30
71
57
7
102
146
69
34
178
96
113
158
105
1
80
117
166
95
30
24
76
8
51
112
188
184
188
98
121
2
19
190
141
194
38
29
132
171
101
92
62
112
109
57
27
177
50
129
54
28
73
67
148
93
115
197
30
140
21
153
145
186
156
179
7
199
86
106
22
146
76
64
159
166
164
112
97
190
67
43
92
21
184
71
193
36
131
29
6
57
188
181
104
32
48
8
161
161
181
10
121
45
39
34
176
46
132
55
25
35
25
184
51
85
8
104
121
80
1
29
65
1
77
92
194
65
97
66
6
163
31
9
183
8
129
197
94
100
151
18
62
172
112
156
79
15
196
107
135
158
112
145
50
57
75
120
58
64
93
181
123
106
16
83
141
134
110
30
108
84
154
85
148
110
3
139
109
96
10
178
70
105
44
4
182
29
115
135
174
185
0
188
139
195
99
165
143
115
123
105
15
145
152
133
175
36
110
40
137
196
36
91
60
94
186
35
33
42
114
156
113
49
188
76
75
112
77
58
162
20
99
89
66
25
135
148
35
147
157
144
46
136
183
56
188
96
29
73
126
130
9
100
167
124
143
177
6
46
154
77
104
156
26
59
2
22
65
144
4
78
156
94
120
30
191
119
2
123
25
100
18
185
7
185
68
93
36
190
121
177
110
85
14
191
172
130
82
54
155
140
166
74
16
7
188
123
8
59
130
156
187
165
168
141
166
32
140
56
0
88
71
5
37
75
41
138
134
52
71
27
145
196
93
17
100
103
102
106
45
49
80
86
181
123
53
145
44
6
163
169
110
27
125
126
10
164
91
169
75
82
29
122
151
60
149
42
69
9
153
137
131
3
39
53
78
176
36
89
35
102
165
69
106
162
167
23
146
141
1
182
87
67
103
127
168
169
138
110
117
194
186
179
14
111
85
158
71
73
154
24
64
196
182
120
136
138
0
46
145
152
48
47
6
97
81
38
41
13
64
20
194
174
76
147
2
111
29
189
198
114
170
131
126
60
186
173
84
182
196
198
90
115
18
8
93
73
48
195
54
62
99
29
79
89
60
23
51
57
155
148
189
54
57
71
34
2
86
32
19
164
136
170
123
1
125
52
159
159
96
114
163
39
15
159
185
14
101
185
188
176
131
97
131
66
26
38
153
139
52
77
32
13
16
127
94
6
28
159
24
22
84
78
60
12
56
109
59
81
84
95
98
9
186
88
65
73
90
165
140
169
1
57
192
104
175
2
0
190
66
198
13
27
112
85
196
97
146
116
113
184
101
51
33
198
98
52
141
160
92
56
106
42
17
32
30
95
10
21
13
6
165
108
73
161
98
105
112
155
82
151
23
61
115
58
172
12
96
105
66
115
93
83
134
17
177
85
118
135
196
109
112
136
175
78
96
69
147
136
84
164
186
187
178
188
178
112
193
120
128
140
140
110
33
162
187
178
3
180
148
187
98
22
183
130
198
111
7
11
154
36
83
146
135
187
13
171
167
185
146
29
94
88
64
148
59
177
46
193
44
10
20
1
183
84
12
151
13
91
0
78
120
82
43
48
126
11
188
172
14
137
28
47
94
178
9
57
71
59
107
163
113
18
179
106
88
194
100
163
8
183
105
3
20
31
102
73
161
112
59
11
170
195
147
106
133
37
171
155
138
150
117
122
100
152
108
13
128
6
170
82
114
166
134
142
31
181
89
4
38
29
191
46
55
173
114
50
45
29
186
140
16
157
130
36
18
177
124
36
4
131
92
169
193
181
105
83
56
144
48
42
95
183
43
111
50
33
119
188
91
103
131
129
4
163
132
140
48
192
125
12
167
76
148
90
168
103
192
117
9
86
190
184
81
161
179
98
119
189
52
10
4
38
73
5
11
29
160
30
16
114
149
88
166
102
183
163
67
56
94
120
102
106
97
3
1
63
84
156
161
139
6
26
106
7
128
117
80
87
74
102
96
162
111
85
21
62
121
15
14
125
96
178
52
136
107
126
50
134
97
161
69
97
153
7
99
173
93
197
39
29
13
120
122
13
192
95
47
198
29
42
157
57
80
141
7
139
81
133
143
49
118
53
198
97
176
5
145
164
155
152
126
92
86
113
76
61
67
66
96
51
113
128
188
57
140
182
18
177
70
164
54
45
167
27
193
8
32
24
90
129
166
11
6
181
121
123
153
41
196
185
21
49
119
141
7
160
72
104
137
172
8
71
153
149
73
112
185
122
181
125
32
71
42
170
142
159
50
100
124
163
135
24
106
68
60
22
50
26
46
176
185
33
105
2
78
157
71
56
195
131
19
70
17
107
196
48
0
197
21
103
107
143
153
61
42
32
76
133
9
92
172
18
70
133
6
26
80
18
13
46
90
46
62
161
71
160
159
154
40
3
173
168
65
121
109
82
145
113
18
48
8
89
45
137
107
154
75
113
106
39
56
159
11
9
65
161
0
83
127
92
19
164
151
12
113
62
39
91
132
138
131
58
83
142
173
42
197
29
115
197
170
177
195
78
18
31
81
66
142
6
65
41
60
166
87
45
169
89
27
86
135
145
195
167
110
158
97
65
63
98
84
121
43
187
90
80
74
35
130
160
127
16
47
86
96
75
57
65
140
7
198
125
125
40
166
3
133
14
132
17
77
164
144
1
1
65
33
161
7
67
48
7
134
10
24
39
19
96
169
162
70
107
51
44
123
149
136
19
101
185
10
39
125
73
196
66
168
136
45
117
86
17
182
92
167
42
77
143
56
97
114
54
67
10
159
97
124
34
44
153
0
99
144
102
121
116
156
166
188
35
81
119
99
66
186
193
37
180
100
3
107
42
161
136
39
191
148
30
53
44
183
195
187
16
129
140
93
184
163
35
185
111
65
4
185
122
46
52
174
155
143
47
161
175
154
108
118
150
72
63
34
183
133
148
139
62
33
83
14
99
190
180
42
135
74
31
52
45
23
128
189
35
37
126
110
36
9
15
180
148
134
138
93
119
34
40
170
22
20
79
135
103
65
45
141
160
38
77
129
15
16
193
102
129
135
29
45
173
161
67
61
52
171
153
133
144
121
155
5
86
7
21
181
25
120
170
45
20
131
2
52
84
135
75
93
168
75
199
75
62
15
126
125
195
185
8
76
134
24
193
137
161
101
145
43
133
71
135
63
186
141
33
32
168
54
75
110
69
172
106
187
154
39
171
64
84
30
108
134
173
1
103
104
140
26
95
86
7
57
72
141
116
30
176
130
127
122
35
141
170
166
23
162
31
61
14
10
91
6
73
56
56
161
7
160
122
42
162
50
163
195
186
148
46
164
104
37
36
14
57
158
62
22
117
115
95
21
19
71
21
43
171
38
125
163
183
147
144
26
79
114
133
33
80
80
148
35
176
166
37
16
128
157
75
7
86
91
16
114
158
91
181
163
197
171
54
189
138
175
89
117
105
11
57
87
189
165
163
61
106
65
188
114
180
46
157
93
199
5
100
49
124
130
24
161
92
51
152
65
4
134
105
63
150
152
35
73
192
183
94
176
90
72
150
81
145
197
144
29
60
6
144
134
175
0
65
82
188
124
8
92
18
198
45
141
39
149
22
114
138
82
50
183
182
114
7
145
92
22
33
33
0
114
80
85
197
50
124
0
144
135
168
138
166
129
16
170
91
95
152
151
40
123
130
78
152
121
172
6
63
109
4
111
103
107
168
65
81
186
54
105
29
74
61
174
22
181
159
138
156
106
139
124
119
196
3
146
172
145
95
51
40
158
107
43
167
152
92
48
183
101
138
97
118
137
163
134
44
165
21
10
183
1
173
53
9
50
48
110
128
159
148
118
18
165
197
143
178
131
80
4
51
184
13
114
8
95
78
108
174
53
22
4
191
113
192
5
28
170
133
6
142
47
49
81
185
127
75
97
93
40
199
153
114
37
170
42
39
65
153
69
39
152
23
22
129
21
121
193
139
158
143
118
90
60
81
56
145
150
83
164
123
117
103
69
62
89
54
156
175
83
162
28
139
100
155
100
33
170
180
21
42
195
49
139
74
42
192
185
62
143
1
197
177
11
130
178
21
89
140
172
155
151
124
175
79
52
86
0
115
28
173
5
165
182
48
176
80
158
89
166
124
7
191
150
155
8
86
102
34
63
96
151
95
36
82
48
149
84
125
144
114
142
120
149
9
57
167
1
160
188
170
36
16
88
28
197
52
80
21
18
65
153
183
112
121
44
90
132
155
120
172
103
66
124
160
136
56
26
146
35
88
175
189
183
101
159
129
174
18
86
116
5
86
113
188
139
131
59
174
95
116
44
118
122
49
11
139
83
40
123
198
81
130
148
15
19
95
9
92
91
14
79
143
194
21
197
91
101
162
142
179
44
140
187
7
67
129
102
180
10
124
162
134
39
58
190
28
171
106
184
153
26
95
14
90
116
67
31
81
9
25
1
37
89
39
91
36
64
46
42
142
9
128
74
159
74
69
26
160
109
2
18
114
174
23
8
65
160
34
149
33
107
189
127
160
192
97
143
96
181
102
163
7
51
128
14
4
108
95
75
151
115
187
1
166
92
50
80
56
122
120
58
192
175
98
180
112
54
47
139
199
124
