8038	190	28	2
48
130
171
18
140
55
40
121
188
55
12
155
185
22
111
184
68
65
126
162
5
186
128
113
11
49
26
78
138
154
67
178
43
71
169
18
189
91
106
169
193
91
167
130
11
104
106
32
188
53
161
101
125
41
147
171
86
114
127
146
52
167
4
135
185
63
26
93
140
163
23
114
154
109
38
161
53
20
90
143
16
53
73
92
117
32
139
16
197
83
154
104
143
103
35
180
12
141
154
198
38
148
28
64
89
107
93
170
178
133
131
88
116
54
42
52
1
88
133
53
61
34
174
171
174
6
37
117
48
46
133
161
62
10
148
88
155
16
9
115
38
160
79
190
27
155
136
8
14
0
149
84
50
162
1
111
80
98
62
110
11
36
7
91
152
0
180
91
179
32
60
160
125
161
125
110
162
152
79
124
86
106
134
58
80
15
118
105
158
188
161
114
192
188
172
7
97
115
184
120
39
79
19
180
148
43
15
53
117
33
107
189
95
59
117
178
58
38
137
60
86
195
171
135
122
99
120
58
155
7
107
34
17
185
91
163
54
83
121
21
199
74
104
79
125
166
61
146
21
89
86
196
51
17
7
184
150
36
167
71
4
63
177
157
30
51
62
106
119
116
24
107
166
151
130
148
42
40
99
37
109
174
161
166
25
51
42
168
112
171
133
154
72
48
71
109
106
87
98
188
99
156
136
131
20
117
117
138
100
109
2
166
142
127
142
142
77
53
143
101
107
28
14
8
33
158
9
101
73
179
185
158
183
156
148
17
86
15
13
61
191
48
39
163
139
42
9
94
186
194
67
81
69
115
6
92
109
76
18
26
198
138
193
91
14
27
56
88
120
129
142
104
21
46
69
190
130
18
46
149
116
87
193
81
40
53
65
19
15
159
70
57
94
64
164
199
164
179
177
6
13
119
124
7
68
83
121
157
149
123
89
60
112
15
54
73
193
164
68
88
60
66
2
180
165
106
128
39
70
169
131
142
186
37
44
71
71
98
158
114
161
186
150
25
64
7
149
5
155
30
121
191
110
122
194
152
127
130
144
38
31
192
9
11
156
23
32
75
66
120
129
186
121
17
1
183
10
131
115
65
188
182
61
133
99
59
185
185
72
182
175
192
163
14
128
123
156
50
61
80
170
121
110
9
195
94
174
67
90
183
164
57
150
48
149
45
183
113
4
155
91
112
131
34
15
84
99
128
145
128
184
137
42
160
72
27
65
164
170
72
130
142
99
137
30
32
163
180
164
183
134
34
13
46
143
0
141
17
199
79
85
71
99
98
150
26
147
156
16
199
39
67
112
116
84
141
176
115
92
53
64
10
180
10
138
107
159
181
35
199
191
92
174
170
107
16
58
187
124
63
108
187
122
111
87
63
196
104
199
11
165
93
86
157
89
167
30
44
30
141
181
131
112
27
118
117
189
94
83
126
175
114
80
68
7
136
188
49
127
32
129
22
120
166
154
53
18
196
116
171
58
132
93
96
53
56
169
68
75
40
116
192
79
63
66
199
147
59
153
23
160
15
160
191
3
47
33
6
42
199
105
181
22
151
41
179
147
167
189
164
51
59
145
133
177
84
140
166
144
83
164
92
180
122
193
130
112
105
70
171
78
34
137
55
46
50
20
64
174
140
148
160
31
147
23
0
8
43
115
95
4
13
73
5
22
70
160
131
29
106
69
186
34
74
112
124
118
104
27
154
49
10
123
179
133
139
17
174
41
2
178
37
193
12
34
198
155
53
96
190
20
110
3
100
129
59
114
184
170
69
56
94
32
79
174
155
71
143
51
123
135
19
127
52
60
132
77
178
86
140
158
0
107
152
26
112
47
58
138
15
94
85
49
128
40
117
105
99
147
35
153
74
191
123
44
128
194
26
125
126
20
167
174
68
196
4
105
144
1
65
197
149
174
13
10
163
61
154
31
103
52
140
168
16
180
54
118
197
165
82
167
110
40
2
140
53
53
183
137
169
131
165
47
151
166
121
69
164
66
96
102
92
29
70
83
184
179
0
113
192
99
46
173
37
63
32
68
137
121
76
128
6
168
193
52
175
170
44
168
47
91
20
8
84
196
4
134
0
159
124
169
124
63
172
5
176
156
183
1
35
75
24
80
116
181
187
87
75
174
170
94
111
117
18
66
53
12
10
150
153
197
128
9
181
60
96
131
75
68
121
153
168
1
166
120
183
29
158
14
94
174
136
35
25
100
150
151
26
72
93
102
194
192
151
86
39
0
189
25
49
130
132
166
26
174
90
89
66
20
189
131
84
70
73
84
89
107
52
124
95
46
48
74
21
141
60
76
182
166
95
181
103
35
50
156
119
134
113
89
122
56
14
26
66
98
105
108
58
119
48
22
192
81
95
190
111
184
133
103
198
161
51
50
129
67
32
81
81
157
30
123
19
170
11
97
186
127
77
79
97
171
86
63
113
5
103
175
11
148
124
130
28
63
116
156
194
197
83
23
126
70
181
139
88
49
41
146
89
79
24
154
178
12
9
67
15
54
147
8
71
61
110
170
42
43
158
24
55
125
197
11
193
167
115
198
14
151
141
123
84
199
199
80
184
109
47
192
108
32
136
13
20
33
55
12
166
105
150
185
148
153
195
1
31
107
28
103
97
72
153
190
110
27
13
93
88
163
162
112
62
15
25
99
113
177
19
169
195
172
47
155
116
98
105
61
2
78
50
186
84
169
138
167
67
160
95
45
38
74
104
192
24
167
122
133
8
59
150
0
141
114
150
83
164
62
66
34
199
132
148
91
52
21
100
164
135
136
24
165
77
69
11
148
190
12
8
151
142
163
28
91
80
110
142
123
191
129
172
85
147
193
91
119
44
105
90
39
159
193
172
104
66
176
144
175
44
122
87
77
78
92
73
56
33
148
108
26
19
166
58
18
113
33
21
17
154
41
50
93
125
13
16
130
192
160
91
55
87
197
145
108
165
67
73
121
138
128
83
1
73
154
175
157
141
64
38
69
168
72
159
194
143
186
103
127
116
56
168
142
153
25
52
111
95
195
119
2
169
182
175
13
128
32
25
74
19
115
184
160
170
114
124
26
88
2
165
116
82
118
43
161
56
26
124
50
55
89
161
185
177
154
125
83
146
5
26
76
47
12
66
117
133
76
47
32
131
67
63
164
142
59
40
164
63
180
156
57
130
64
161
184
142
104
80
119
140
172
31
128
150
192
149
168
69
154
98
81
39
151
65
139
99
13
91
194
122
83
32
41
116
125
188
116
156
116
124
179
25
26
84
130
82
27
47
109
102
151
90
113
157
164
197
182
30
32
143
129
197
188
165
45
160
140
142
145
191
178
102
133
127
59
29
6
193
129
148
153
51
24
11
76
170
148
154
24
154
7
138
115
5
89
94
33
28
191
20
83
116
14
10
24
111
98
6
127
70
167
167
111
73
96
41
86
35
13
113
37
148
127
118
189
36
167
72
74
137
77
128
141
198
157
26
24
0
51
3
147
37
159
188
155
115
195
192
66
43
26
192
162
152
11
128
186
144
146
6
75
182
88
22
12
40
193
109
194
60
75
80
124
58
126
152
186
182
79
28
29
118
102
3
137
10
24
93
136
84
159
188
184
109
124
140
4
32
119
92
25
128
6
121
14
18
89
110
119
22
54
1
179
176
111
124
40
173
113
167
145
36
48
47
6
42
198
173
9
2
75
181
193
159
103
145
191
63
106
178
110
103
156
27
104
133
0
58
83
30
51
91
74
92
75
58
95
114
122
181
31
192
66
68
6
78
74
150
33
87
103
169
139
180
22
173
135
113
61
22
132
32
65
197
87
104
74
194
89
25
83
127
97
7
78
123
141
73
60
58
106
5
114
166
91
50
151
85
165
17
18
190
113
168
40
136
59
92
75
34
0
187
54
33
164
12
76
81
137
107
129
146
188
85
48
174
105
132
92
181
110
135
91
174
53
82
75
146
59
53
176
6
70
123
94
37
164
162
9
79
182
89
156
43
155
67
166
60
9
7
144
122
46
121
75
144
13
169
175
190
68
142
87
155
137
166
176
72
13
125
127
59
97
183
98
87
21
83
95
37
71
15
32
65
177
106
24
51
131
146
128
39
183
99
66
60
140
104
55
54
82
49
60
65
109
193
158
67
100
122
94
11
144
167
24
84
42
30
29
8
37
73
9
83
91
96
15
158
156
76
136
83
0
10
74
44
142
138
53
123
61
187
9
93
127
76
139
168
46
114
54
173
71
9
6
68
19
25
56
116
75
23
46
19
68
108
31
112
184
94
2
74
196
57
34
68
161
130
109
9
169
136
167
102
147
79
197
72
186
170
131
82
47
68
30
50
127
108
157
105
160
131
130
6
157
194
95
23
96
5
156
35
175
126
172
6
159
111
175
65
149
16
187
69
172
137
51
92
88
196
194
13
97
67
0
90
187
129
11
191
2
112
177
161
75
182
114
1
6
84
138
44
56
134
4
144
12
72
2
197
177
114
144
77
151
66
193
113
59
27
178
146
130
175
74
73
99
22
195
43
164
163
82
157
182
47
89
104
149
149
31
168
143
145
149
87
111
6
25
177
153
114
47
19
93
120
99
173
169
65
188
162
38
176
186
104
5
1
176
72
154
5
116
99
54
165
164
142
59
33
115
132
193
124
120
119
78
5
15
179
97
172
65
127
199
30
175
73
63
96
28
108
176
44
136
72
90
131
56
103
185
143
139
7
78
179
168
9
73
194
51
5
161
49
102
168
3
186
60
107
9
6
57
9
9
62
141
61
127
45
127
53
85
149
182
79
22
29
51
54
106
117
50
25
59
182
168
168
151
8
14
108
190
96
99
10
195
54
8
164
160
25
172
20
10
23
16
102
27
21
93
73
118
104
177
57
165
197
81
28
126
67
24
14
140
59
134
76
34
193
188
186
34
106
35
193
123
25
148
57
178
176
138
94
199
127
115
66
80
156
150
31
124
32
71
15
13
90
94
10
16
26
69
99
153
132
0
192
191
102
182
76
22
8
14
90
36
7
69
56
163
62
188
46
53
66
142
49
14
145
87
89
107
62
120
43
48
147
22
155
175
35
4
82
109
42
37
152
150
132
155
135
41
119
157
27
142
143
74
89
115
188
125
51
118
113
49
166
173
59
3
168
121
196
63
1
65
131
59
37
91
82
56
147
189
140
174
197
106
81
71
36
192
167
68
47
29
118
131
8
114
64
42
147
48
52
61
188
39
158
12
116
38
20
112
39
180
55
28
181
117
4
64
84
184
14
112
70
29
106
195
164
116
191
191
183
184
144
114
30
179
143
52
1
51
103
112
49
10
30
177
122
51
5
81
126
96
158
101
191
17
57
164
144
87
3
190
88
142
147
58
69
80
146
143
57
87
183
92
27
107
140
115
101
169
96
23
77
84
186
183
43
37
110
171
14
62
24
195
187
149
50
71
131
4
19
193
47
189
199
119
75
82
173
188
180
90
57
142
55
88
62
34
152
62
127
163
84
191
74
98
131
25
97
152
149
25
143
70
168
73
52
37
107
44
69
50
10
82
67
169
7
87
22
186
65
150
101
1
124
92
69
79
197
55
116
23
183
68
120
43
167
71
65
99
160
69
32
135
12
110
3
61
161
15
102
60
131
59
71
81
27
81
141
102
100
49
14
0
21
137
116
34
192
68
140
109
95
17
67
177
53
145
196
189
64
130
58
114
169
41
119
46
61
164
167
52
60
173
188
32
43
3
190
40
192
115
182
102
10
19
104
27
122
31
115
190
49
13
151
193
192
42
145
44
150
192
13
3
26
199
121
146
173
151
18
89
130
56
142
187
46
17
181
64
94
117
68
163
97
11
135
141
131
20
11
160
154
48
5
40
185
73
194
179
15
1
132
2
195
112
6
63
150
101
181
46
21
189
67
193
98
18
24
19
198
178
103
190
77
153
146
151
158
25
107
159
5
109
177
77
54
5
115
175
88
116
68
152
196
69
163
187
41
180
85
29
6
113
137
145
131
175
16
181
68
10
152
65
34
191
139
8
72
157
72
166
103
113
30
82
22
169
104
126
42
102
18
1
30
188
71
157
63
21
20
196
183
129
188
45
188
26
8
157
35
68
146
33
78
18
15
128
160
11
56
53
41
4
83
81
123
55
99
95
95
48
120
121
156
160
75
17
69
27
139
97
150
109
197
28
11
193
132
53
21
49
189
133
98
17
85
91
64
6
65
195
189
133
162
89
110
165
171
166
106
46
56
153
82
171
53
2
112
75
152
23
9
6
36
105
153
35
18
73
185
190
14
156
151
173
140
38
2
132
70
178
31
47
107
63
22
21
61
127
35
196
142
145
105
63
24
198
137
188
184
121
3
185
150
183
31
95
148
157
59
7
153
129
129
49
16
17
147
188
186
112
142
184
140
47
168
174
70
48
48
9
82
37
41
150
125
111
146
190
77
107
45
140
151
46
98
170
28
18
63
38
143
176
62
42
46
173
115
169
34
66
176
141
100
187
24
126
14
65
116
117
4
186
117
14
5
30
87
60
50
197
133
166
153
28
23
71
126
111
165
36
7
72
39
22
42
165
19
175
94
8
65
25
51
144
142
178
79
12
147
92
189
128
90
168
116
24
165
59
89
193
187
193
162
71
175
126
161
17
94
108
65
185
21
182
23
63
117
26
192
5
20
197
91
126
81
57
139
191
12
10
36
87
31
142
15
43
149
66
163
170
158
57
34
23
156
47
45
109
181
68
45
93
61
61
119
2
111
28
19
142
143
55
130
37
168
62
169
31
5
62
118
76
46
91
30
7
161
146
160
37
10
60
146
167
121
6
30
162
151
133
160
40
124
87
63
111
143
29
157
144
27
125
69
58
75
52
88
109
58
9
20
66
129
116
122
199
126
133
98
193
149
105
21
10
166
190
127
2
2
80
71
49
123
141
60
10
160
122
117
124
2
89
5
34
13
130
42
170
174
118
89
3
126
138
111
159
112
88
190
120
181
194
154
143
137
88
71
23
73
89
177
80
180
109
144
120
115
33
190
123
166
188
125
59
181
70
162
124
15
177
64
102
163
135
99
141
57
43
10
133
11
76
0
46
29
195
159
47
166
13
105
23
50
124
92
7
78
73
41
196
56
196
146
112
104
156
134
16
86
121
114
136
185
55
13
154
17
165
24
141
171
163
160
50
127
99
57
154
22
77
105
164
77
70
31
43
17
148
14
3
166
16
105
84
40
14
53
191
37
160
189
133
5
94
118
39
191
58
17
80
153
184
78
31
107
195
10
177
185
67
80
35
11
154
173
117
147
37
107
193
59
160
12
123
128
178
169
115
70
176
54
109
98
141
91
18
198
191
2
143
180
157
47
67
147
20
137
143
167
57
156
197
168
113
120
107
185
12
146
9
18
135
77
13
141
9
125
112
50
150
88
26
159
199
193
64
64
130
137
110
174
125
20
23
119
30
14
105
179
142
128
30
134
173
27
132
150
103
24
78
99
51
153
132
158
188
135
46
63
80
137
70
135
38
158
138
126
100
168
176
82
127
117
29
46
116
107
54
50
51
15
152
188
179
90
98
27
168
112
176
28
105
118
163
115
86
199
59
80
135
164
182
59
16
94
35
165
185
73
135
85
153
95
41
67
146
173
57
20
71
86
10
131
50
2
193
105
19
3
101
56
67
60
70
98
143
71
11
168
23
169
171
58
197
27
133
67
67
32
59
141
166
14
65
32
191
163
36
82
80
38
93
84
124
166
12
81
102
99
34
44
91
199
103
109
164
145
129
87
4
86
142
73
176
196
113
31
148
164
168
172
42
27
94
62
125
141
180
78
92
79
75
91
122
112
189
138
161
26
97
132
55
51
189
20
41
163
5
139
125
193
105
106
124
94
141
12
91
142
3
181
82
38
171
186
37
118
42
142
33
117
112
7
105
99
171
163
110
176
33
154
141
118
43
33
114
53
38
16
170
59
171
97
46
101
133
149
171
55
90
13
143
140
107
194
78
67
54
121
162
158
123
86
17
184
51
76
24
138
116
55
197
41
81
190
179
176
6
56
183
110
122
90
143
84
5
98
105
157
136
59
177
58
84
197
109
33
91
80
179
9
99
165
154
165
105
145
117
35
66
103
76
119
20
137
173
32
67
91
88
119
167
180
128
32
179
145
76
183
128
120
62
128
144
54
11
178
23
157
65
65
4
142
119
190
101
167
29
86
120
97
29
100
86
48
105
43
81
87
100
5
7
192
85
105
15
46
133
60
119
199
42
158
120
96
60
136
154
79
164
159
65
39
5
120
193
140
146
176
189
140
167
62
130
125
12
184
3
8
108
199
190
82
108
24
83
83
46
95
53
157
69
130
185
83
171
47
91
131
23
123
16
194
66
129
159
106
120
179
32
130
131
71
22
74
163
89
17
18
195
9
195
86
133
105
5
80
133
14
18
90
130
192
153
133
153
23
48
140
44
108
35
182
184
153
28
20
156
174
37
176
61
25
105
165
22
49
64
9
165
143
81
196
161
66
162
131
159
197
114
30
20
135
32
114
197
31
53
171
34
154
76
186
1
35
161
135
158
173
95
83
112
136
196
109
47
157
7
119
194
104
42
172
69
105
194
192
23
143
187
52
145
50
105
180
3
3
41
31
144
82
110
187
106
148
79
138
65
55
13
197
76
35
163
187
170
78
182
30
138
20
52
162
182
90
144
34
46
5
43
74
97
92
32
35
126
119
38
78
185
154
192
128
58
18
80
110
15
154
31
142
145
154
42
145
124
165
119
49
127
198
69
130
148
55
113
56
194
13
165
14
157
3
19
6
31
17
15
66
128
72
74
165
169
173
91
198
79
168
47
74
74
96
34
190
61
38
174
14
184
66
80
101
81
5
170
57
137
44
90
2
98
85
34
127
46
90
137
52
123
39
47
52
75
49
197
0
48
133
67
41
85
11
35
87
191
165
154
134
186
39
55
122
24
45
124
0
12
51
122
184
85
125
145
58
134
44
108
44
2
58
59
101
29
34
50
137
13
23
63
186
143
135
25
151
78
131
19
147
119
126
184
61
168
39
169
88
62
125
178
110
102
135
146
86
107
165
81
38
22
30
164
199
36
158
19
164
193
84
172
102
18
174
33
56
144
177
52
153
24
57
170
147
16
168
37
31
68
87
156
155
6
175
6
90
100
26
179
14
100
187
155
92
18
119
175
51
18
86
197
139
32
122
10
86
12
51
56
54
92
68
143
11
194
102
72
119
173
142
12
136
195
197
155
88
147
5
168
21
104
51
73
144
98
22
165
76
63
162
126
29
151
88
190
187
45
62
102
185
57
22
82
78
18
174
80
72
105
36
167
127
145
20
164
189
170
183
199
32
60
137
76
26
57
32
102
38
91
20
198
62
93
119
65
109
190
58
135
94
111
121
112
23
182
44
49
182
139
91
44
79
184
166
13
87
117
150
81
56
1
51
154
105
5
43
101
136
178
92
148
127
195
38
158
105
165
176
132
119
178
141
192
84
77
163
30
169
112
128
52
45
34
25
182
45
36
168
178
156
66
17
106
55
31
169
135
112
160
172
114
148
91
9
111
107
1
140
179
20
6
41
172
107
26
136
95
128
23
17
43
28
155
84
21
194
168
133
102
104
174
187
55
49
162
4
69
113
143
15
118
76
83
125
35
83
21
132
88
52
114
90
102
117
103
186
82
12
153
6
47
14
136
50
70
42
50
128
54
49
12
102
190
181
178
152
54
3
112
34
142
78
65
159
94
153
12
31
141
129
96
136
14
77
68
172
148
3
136
19
86
8
50
85
157
99
73
142
122
190
46
142
52
146
32
116
64
135
14
78
185
61
183
40
127
194
77
175
116
63
176
56
169
41
55
193
135
26
146
44
25
193
91
36
103
180
34
93
198
129
167
45
99
100
27
0
150
119
151
116
91
124
38
91
155
192
23
198
129
109
18
60
177
87
107
135
51
176
36
119
109
11
37
149
62
81
23
86
143
91
7
74
44
28
62
104
176
74
140
48
47
10
124
180
132
125
131
172
107
130
138
5
1
25
172
21
127
42
137
93
46
168
24
43
124
173
147
67
60
130
140
162
4
19
78
7
120
134
62
94
36
22
64
26
110
112
62
183
42
65
139
33
159
10
86
116
6
25
162
1
99
29
186
169
20
133
42
49
111
38
168
27
89
24
42
133
80
11
153
167
97
67
90
110
118
141
70
105
111
165
183
28
105
38
147
33
69
61
61
47
159
98
150
44
70
99
67
23
83
143
32
195
131
68
66
185
39
134
18
181
27
149
46
122
171
105
73
69
88
5
3
75
114
109
59
144
32
61
104
45
156
103
23
189
138
153
71
132
78
169
72
196
116
37
98
102
115
195
98
138
115
178
95
27
78
76
123
185
43
48
77
84
77
88
3
97
194
20
100
141
63
184
4
148
185
97
145
76
86
135
58
187
90
120
183
161
14
2
99
108
42
194
46
70
131
189
191
173
104
169
55
95
166
50
176
159
52
69
149
80
49
34
91
13
144
131
125
3
102
139
157
108
178
69
118
145
3
58
175
27
32
86
34
110
168
16
26
146
17
164
130
111
78
191
43
44
58
38
118
36
9
60
103
86
62
6
162
80
47
52
95
159
173
94
177
86
23
0
21
16
22
68
166
155
82
35
45
4
36
23
5
64
197
192
141
14
171
65
38
71
4
198
12
31
67
117
66
131
136
142
134
6
180
71
43
170
50
161
181
80
8
97
64
108
149
123
49
120
61
82
126
10
39
173
153
13
135
118
183
89
160
100
39
120
41
171
199
159
48
85
88
68
21
175
25
170
69
74
121
39
79
125
150
102
18
20
114
125
165
183
117
149
105
17
190
193
153
186
187
30
170
148
17
102
69
159
173
88
73
185
168
191
85
69
169
109
115
175
52
45
72
82
56
2
160
166
7
95
159
1
110
27
130
97
132
168
84
115
80
57
141
59
115
110
28
176
132
37
108
179
58
15
101
36
68
68
138
177
92
187
192
68
139
178
190
160
150
175
175
0
69
33
4
148
124
54
71
73
147
185
195
99
80
119
15
57
52
151
65
158
67
60
7
191
197
120
96
94
130
38
58
146
114
156
164
25
25
139
179
43
2
5
59
132
83
50
179
37
94
143
11
103
183
132
65
22
169
79
6
182
68
58
88
189
57
126
168
149
142
171
164
180
68
133
55
177
197
12
148
12
4
144
58
35
157
7
145
125
107
149
11
157
160
199
141
5
127
68
188
124
141
112
13
38
142
142
181
190
68
193
143
34
122
63
52
179
159
43
164
120
71
21
98
158
83
24
102
142
167
160
109
195
188
158
59
46
76
154
144
136
131
76
151
11
182
159
11
197
59
98
125
131
88
83
129
134
79
58
31
100
127
8
37
141
14
195
65
80
194
63
35
50
95
2
25
59
58
75
149
37
5
32
121
121
107
108
131
168
187
1
99
26
89
183
121
55
183
105
99
32
196
112
12
41
139
30
113
157
68
161
61
6
103
59
172
40
36
194
60
0
128
96
111
46
26
1
197
124
84
4
39
114
5
177
102
80
43
54
18
191
6
181
126
92
159
197
153
26
167
91
152
35
108
84
134
98
198
154
13
80
16
50
142
122
194
70
141
19
11
155
160
75
140
177
126
196
136
98
124
164
103
185
114
12
98
145
61
180
65
7
181
24
47
101
71
60
55
187
189
15
176
172
152
175
20
194
72
153
94
159
194
170
186
170
24
47
198
58
95
30
102
82
106
64
22
113
123
131
56
29
146
191
13
99
94
165
24
133
152
79
102
48
183
32
130
73
53
81
69
188
161
173
74
97
38
154
136
156
113
109
80
118
127
168
70
109
53
10
5
5
185
195
155
137
166
146
84
114
61
126
162
163
182
13
57
79
158
84
169
159
155
100
117
84
194
61
120
149
193
18
111
158
153
136
89
93
27
36
131
82
12
97
1
26
187
18
135
40
39
98
173
193
117
85
17
2
46
59
118
160
80
137
186
68
83
83
101
9
92
186
149
83
110
22
118
198
139
24
183
96
11
55
73
148
164
85
112
140
119
173
132
74
123
195
73
91
195
79
89
25
98
192
100
155
111
145
46
99
139
115
15
107
159
143
80
133
155
174
104
126
49
151
38
175
160
60
145
88
173
121
180
104
131
145
53
165
131
111
108
180
151
39
145
46
24
175
54
16
15
13
91
101
73
78
81
106
67
167
54
157
197
84
159
67
75
163
68
117
70
188
68
126
2
183
146
92
96
74
191
40
28
166
103
99
65
189
48
175
15
58
4
184
183
12
144
93
77
112
20
135
52
115
27
5
104
185
61
56
141
109
112
114
125
109
86
142
110
64
167
60
57
119
174
60
143
70
105
148
142
94
187
167
89
8
76
196
6
175
136
184
129
170
4
105
190
150
172
169
196
180
2
11
157
172
138
109
9
173
41
57
122
31
11
114
114
23
107
176
160
79
197
79
170
72
183
114
4
116
143
40
159
52
46
153
37
115
82
31
169
158
185
195
195
112
57
170
33
125
68
44
65
115
33
66
99
177
62
17
59
181
113
7
91
197
190
49
192
105
195
70
123
67
71
60
160
69
112
197
107
38
76
5
190
96
0
11
159
73
28
66
110
59
31
171
149
50
95
88
8
122
88
135
187
27
150
185
123
42
142
110
188
13
190
63
58
82
53
104
148
132
173
16
106
108
77
166
79
32
147
50
193
178
119
37
189
48
186
125
88
67
197
41
193
70
70
118
122
189
125
28
149
127
102
72
98
34
47
46
142
66
64
98
72
109
98
3
102
198
128
117
92
68
170
18
132
30
161
45
41
181
117
34
133
62
177
93
131
58
72
181
159
36
129
85
137
55
102
39
56
169
83
93
51
40
49
70
170
112
58
113
4
134
134
32
90
179
188
180
8
88
85
9
188
195
123
103
63
140
15
20
8
62
47
89
152
77
70
151
104
112
149
85
6
91
103
18
87
125
83
65
142
96
154
54
154
130
48
131
134
119
32
39
138
153
72
76
135
197
84
139
8
59
182
54
20
170
59
162
104
85
136
135
88
54
179
38
182
158
190
38
139
46
95
122
139
189
83
34
158
110
152
93
152
100
170
184
169
165
173
150
96
137
113
59
99
30
60
126
138
186
73
27
154
131
70
59
189
70
195
33
110
122
110
57
42
48
12
54
186
170
162
168
181
165
161
41
59
188
0
107
92
58
99
136
166
52
130
5
30
88
116
131
29
110
18
155
180
82
152
182
3
67
182
6
50
148
173
197
115
44
116
192
62
107
90
135
180
179
22
131
8
32
123
157
143
110
71
79
88
63
10
89
39
61
84
43
19
58
167
186
159
129
108
73
150
0
57
116
119
165
32
60
192
130
147
170
159
166
11
146
68
2
47
142
194
172
82
3
188
179
109
116
28
177
52
146
47
182
173
108
100
54
42
49
35
57
192
15
10
74
176
110
115
151
2
55
193
12
178
115
193
148
171
129
86
126
87
71
92
168
128
51
94
34
81
103
11
41
78
184
59
174
11
65
152
91
16
145
64
41
25
93
22
137
155
179
136
37
186
68
91
186
128
5
146
85
177
91
134
79
90
72
95
118
175
62
17
193
171
159
130
87
178
167
71
45
91
54
118
114
73
6
183
17
81
37
91
155
37
31
143
150
119
28
18
157
154
89
161
181
177
158
139
106
19
131
64
164
22
8
78
113
112
103
187
72
133
168
102
31
43
97
9
138
105
152
167
57
110
191
27
4
13
162
113
54
166
55
157
91
112
91
73
6
155
37
133
188
34
169
135
103
69
28
170
152
125
103
90
164
96
186
13
26
68
110
53
102
64
150
19
133
14
83
149
141
53
163
64
192
155
102
33
102
8
164
28
115
133
174
8
116
115
128
170
121
145
79
198
8
5
189
36
6
35
22
166
114
83
141
192
8
133
104
104
31
136
94
141
136
32
105
124
195
125
123
102
31
56
169
37
182
137
118
189
75
91
150
119
153
129
32
113
153
122
94
49
159
24
108
192
50
15
11
115
78
96
33
125
80
181
47
145
165
39
135
178
175
123
87
37
102
43
22
86
190
72
2
160
58
189
36
105
166
80
65
129
137
129
21
3
7
77
150
99
185
148
10
192
95
70
78
155
20
92
149
157
28
11
113
16
125
195
177
44
54
13
86
105
64
156
11
28
192
83
162
26
54
148
69
81
126
24
31
182
81
146
48
1
62
197
158
157
50
190
111
60
145
157
184
72
167
149
80
123
168
187
78
0
64
107
11
138
129
5
62
74
31
159
187
118
129
44
102
5
110
42
26
119
40
73
57
89
194
87
142
102
170
49
167
81
187
76
56
80
123
90
166
58
3
120
34
88
128
99
85
1
28
122
46
120
162
63
93
25
157
64
147
9
163
10
56
186
131
197
113
125
128
58
100
34
49
168
105
139
191
150
103
112
82
179
31
67
72
26
41
99
195
42
58
78
102
33
111
198
180
8
32
23
37
185
92
191
61
21
60
163
35
90
55
75
187
145
154
196
32
118
113
36
98
17
135
154
47
66
6
2
162
113
131
144
45
163
57
21
67
153
8
45
79
194
73
41
34
112
26
87
21
16
73
191
148
35
110
57
195
178
113
34
136
14
197
62
108
165
96
103
167
161
24
51
103
130
163
131
117
76
186
72
172
107
44
145
87
138
107
31
45
148
13
9
115
178
178
91
47
74
140
17
149
64
119
178
144
7
135
152
174
192
129
19
184
147
111
5
53
91
171
104
18
196
198
180
56
176
30
133
42
70
146
96
33
92
187
150
165
19
146
186
195
65
16
20
14
109
93
192
27
130
120
32
189
174
152
54
121
37
165
54
71
94
70
48
150
15
24
35
195
84
127
13
158
187
28
7
113
123
107
77
117
131
168
92
130
23
86
3
187
84
59
196
141
29
4
156
162
150
0
158
181
6
19
38
196
114
114
160
157
19
93
97
87
170
30
70
6
146
93
73
10
3
197
2
157
151
183
81
191
29
104
137
40
3
162
72
17
153
68
12
159
65
47
32
37
34
174
3
93
187
0
41
114
92
46
27
133
73
107
58
10
72
125
9
47
1
119
192
193
117
16
133
98
103
156
101
123
128
172
0
193
111
148
130
79
92
194
133
144
61
38
156
144
122
66
131
182
43
63
90
16
146
161
152
187
35
41
124
12
0
101
15
24
32
181
61
181
151
133
35
75
161
2
42
107
112
35
73
26
62
62
1
105
156
163
41
69
144
9
162
62
189
83
85
14
157
127
153
63
169
59
104
113
169
132
153
184
14
196
136
86
21
151
129
194
55
106
197
36
179
49
51
3
197
124
175
190
159
173
136
147
173
152
178
159
79
47
60
83
80
113
165
47
76
71
56
165
118
155
6
189
22
93
130
57
42
3
55
60
44
180
94
4
73
33
156
16
137
136
48
16
130
167
26
144
191
146
23
160
190
64
17
59
167
184
68
18
185
148
99
125
175
15
24
5
55
48
58
88
90
27
57
122
47
72
181
53
131
155
164
45
163
7
123
179
82
47
164
195
29
179
93
20
132
195
81
107
139
139
96
44
167
43
106
127
4
66
96
67
58
127
179
50
153
163
166
160
121
62
174
0
196
108
131
53
159
148
126
146
3
69
114
152
146
173
47
66
189
136
121
125
67
1
15
1
67
80
48
126
146
48
32
69
120
92
111
13
29
69
171
87
89
2
68
126
9
165
5
150
46
126
67
88
151
23
77
47
78
194
107
2
176
98
163
38
86
165
119
39
193
123
83
156
43
95
130
92
176
14
184
176
178
32
1
111
68
98
24
72
22
166
173
191
0
24
54
63
122
133
22
88
47
114
66
46
186
22
8
126
161
62
19
197
118
131
89
14
101
41
101
128
103
134
8
82
76
5
131
76
128
15
191
75
44
102
61
56
69
21
114
191
10
14
194
87
7
41
110
162
198
38
24
194
141
88
42
38
82
198
22
152
179
55
136
173
27
114
88
144
151
175
132
115
102
20
106
83
182
64
107
62
108
126
107
140
115
135
101
7
70
135
84
49
0
178
164
113
176
26
30
121
19
64
138
14
153
140
183
125
90
171
30
199
9
165
141
89
190
63
159
18
146
51
128
161
123
178
111
107
112
4
76
102
86
4
72
46
8
50
116
49
45
54
146
32
132
118
136
76
154
148
155
195
28
47
191
166
104
77
140
120
101
98
157
157
60
151
123
124
142
97
190
91
172
85
91
69
158
118
112
91
27
130
12
124
23
127
53
146
35
5
65
67
109
8
134
104
64
93
37
150
79
190
112
150
35
132
53
115
181
40
90
144
188
6
0
171
119
70
173
130
167
144
137
97
20
124
178
28
128
67
59
7
120
101
15
160
6
192
147
85
36
33
178
104
187
35
66
148
113
73
163
114
17
113
112
165
132
88
6
166
94
196
17
132
116
129
190
11
177
163
3
104
143
181
43
39
186
68
182
98
192
148
52
38
141
188
74
195
99
64
61
72
95
115
84
144
79
191
154
181
39
51
160
15
162
127
130
25
14
79
112
17
16
170
188
90
143
46
195
8
84
193
196
167
119
70
134
95
21
131
39
184
181
171
22
167
130
149
186
10
114
119
19
150
182
80
190
122
42
65
7
167
188
119
47
47
137
89
156
126
75
40
7
10
199
47
65
83
42
168
71
110
172
137
181
116
53
145
135
10
195
67
194
68
126
62
65
187
2
190
163
113
60
195
25
181
152
147
61
31
55
135
47
1
94
55
17
63
121
187
2
189
54
167
104
12
166
81
142
161
71
154
61
2
76
79
175
166
118
156
102
144
123
180
155
126
37
175
179
108
174
88
188
161
39
41
189
115
96
77
83
180
121
50
104
128
31
50
181
105
59
60
193
185
180
148
130
179
21
187
7
191
9
28
176
120
154
181
5
196
80
110
84
119
143
1
174
52
154
189
144
170
4
1
80
110
141
2
157
43
145
49
9
74
92
172
51
103
146
103
140
163
187
87
196
120
163
59
37
148
0
23
172
12
101
174
72
140
27
99
3
177
86
124
37
68
14
148
56
195
188
148
63
21
188
109
159
9
147
196
127
27
21
98
172
101
17
199
29
198
153
3
38
106
57
144
191
118
88
56
76
126
132
70
128
29
152
115
154
199
193
16
106
166
198
35
45
168
165
40
99
49
67
53
154
26
139
34
83
198
160
155
35
165
78
139
132
23
50
119
41
70
41
12
49
48
182
197
186
64
29
133
79
24
141
22
52
13
179
44
14
15
49
130
23
4
53
182
55
104
102
122
55
66
33
74
111
38
185
182
184
75
21
91
155
152
28
194
71
72
115
156
66
198
143
152
175
199
166
3
94
19
96
123
89
175
83
8
66
107
4
119
90
187
177
181
44
84
187
164
168
156
105
53
164
110
199
90
21
177
181
134
11
133
132
4
194
81
100
49
117
27
17
199
173
13
140
6
95
120
174
9
11
0
191
195
192
52
116
92
109
136
190
52
59
25
55
18
103
100
128
177
155
147
38
16
196
85
36
4
182
177
145
53
171
119
161
82
75
35
82
9
148
31
21
159
107
171
156
144
35
132
115
52
114
54
183
79
84
39
27
35
94
114
89
171
4
13
21
198
135
183
109
134
102
9
117
45
117
128
152
195
155
92
32
63
29
145
174
127
8
111
109
157
92
0
145
8
52
197
173
108
57
21
2
87
166
44
99
65
159
179
149
111
186
122
5
180
152
15
49
101
165
153
56
127
90
118
77
192
52
181
78
182
110
32
148
16
9
58
139
47
75
33
89
128
165
120
132
65
159
108
27
29
70
185
126
150
102
48
130
182
170
175
36
74
88
109
127
148
130
0
73
3
143
101
7
97
96
107
193
169
78
53
177
82
96
74
84
141
138
11
75
143
10
48
19
27
28
159
104
39
78
194
177
33
21
60
84
31
6
56
26
144
185
85
165
113
79
106
94
39
52
42
196
94
87
164
103
125
119
122
18
55
144
116
134
134
163
1
19
197
99
57
89
106
196
169
85
182
62
75
160
147
119
34
121
177
6
111
131
188
43
139
177
70
29
34
53
132
43
160
32
184
156
107
163
51
19
44
133
132
9
123
85
106
94
54
199
154
50
165
84
93
22
62
97
152
56
72
90
153
75
198
95
164
