8588	163	89	0
181
144
43
184
88
67
137
29
29
26
44
54
115
90
142
64
73
36
40
58
51
109
180
192
40
192
108
0
16
34
169
16
43
41
136
2
53
170
55
62
149
46
181
162
37
144
39
48
148
109
118
156
38
57
190
121
29
98
138
135
185
91
195
195
19
103
80
2
127
56
30
139
7
99
136
177
141
154
131
17
137
198
80
14
88
94
164
111
77
64
109
82
49
107
90
167
7
63
173
100
146
122
109
48
71
39
131
117
87
125
110
55
61
89
74
100
54
17
76
39
54
167
96
37
102
126
147
3
131
171
165
74
115
195
62
193
161
189
41
197
112
140
117
150
75
44
120
169
155
38
31
198
82
137
49
133
76
111
153
194
93
1
50
186
157
184
5
17
24
177
37
42
179
60
148
106
185
98
110
105
75
112
163
110
93
84
59
77
61
139
41
192
103
92
186
152
116
197
159
86
82
8
85
122
164
169
22
119
73
143
153
169
138
148
180
44
69
43
169
42
63
157
135
16
174
184
111
127
149
93
55
106
168
188
196
0
71
94
96
48
40
143
19
132
165
78
157
132
172
18
81
151
189
178
78
160
94
145
39
91
59
21
170
43
169
99
150
177
121
184
29
3
186
54
193
158
7
41
59
105
168
197
62
25
132
126
90
26
3
83
5
137
154
128
28
27
160
111
191
56
77
139
34
50
163
104
79
68
92
154
33
25
74
16
164
99
198
45
136
68
97
107
197
116
158
116
160
71
48
94
195
18
135
74
98
58
78
122
41
105
72
76
44
79
9
40
119
169
169
178
92
40
107
164
18
128
116
51
146
59
14
35
5
106
156
18
186
111
104
159
76
82
128
13
175
78
72
135
51
159
168
138
81
75
182
25
58
138
103
33
63
43
150
178
43
164
119
103
45
101
93
34
2
82
143
167
23
124
106
139
148
115
40
128
27
113
158
168
80
109
171
180
107
91
4
192
128
197
4
84
112
96
1
65
32
190
130
182
63
115
116
79
94
54
156
57
8
142
174
188
64
86
4
45
169
159
115
159
32
80
104
54
71
180
15
152
75
169
19
31
148
120
98
15
149
118
176
121
73
118
188
146
30
192
159
115
54
82
160
21
143
90
61
89
92
181
45
73
149
183
8
46
186
15
87
87
45
166
88
11
20
29
178
28
158
104
63
88
189
146
191
117
113
86
41
184
158
103
61
81
100
109
164
183
44
116
17
12
194
115
1
140
53
38
85
64
188
121
49
89
19
145
180
179
3
104
32
72
31
157
36
141
10
174
148
149
198
67
26
56
144
192
6
104
159
127
73
72
172
47
95
154
11
13
59
99
31
117
100
36
83
61
165
184
69
78
35
5
37
0
7
145
139
106
163
107
143
66
89
154
98
15
159
102
178
168
111
129
106
0
171
9
72
153
70
6
143
146
197
66
117
47
92
58
119
3
37
168
193
37
171
65
74
20
12
98
163
71
13
186
160
54
88
187
95
47
9
27
198
134
62
10
185
92
12
103
176
90
118
51
15
74
49
105
128
10
163
17
59
23
81
136
133
98
184
126
182
57
115
35
116
20
3
190
46
106
21
28
19
73
44
170
32
166
184
103
72
86
183
24
21
2
159
65
93
8
61
173
89
100
120
59
71
43
167
101
135
175
25
69
10
180
147
55
198
133
107
189
86
84
36
155
174
165
10
80
109
141
69
173
187
172
187
69
162
180
86
169
145
133
76
167
34
103
53
174
149
195
0
169
142
87
38
158
58
163
16
129
111
180
139
49
9
45
17
47
176
109
20
199
23
162
140
197
152
63
16
141
106
20
177
22
140
19
129
124
12
26
11
112
8
186
60
111
182
163
86
196
39
74
150
114
94
192
60
194
142
40
103
174
49
84
139
48
101
172
194
97
24
181
87
170
93
18
131
16
15
122
62
16
178
133
23
127
65
12
191
4
65
188
55
77
29
199
2
155
171
47
108
131
83
127
26
1
40
97
140
59
191
77
5
23
109
157
123
26
21
34
50
127
118
169
51
80
178
176
41
187
155
192
4
180
169
30
150
43
159
49
171
194
195
34
54
70
27
107
143
71
77
118
73
29
23
51
55
65
134
53
158
133
106
153
29
41
189
92
65
123
36
97
197
58
150
36
39
175
146
165
158
73
46
4
135
115
98
197
111
116
74
80
3
139
66
17
43
149
4
47
197
45
117
18
181
14
5
118
66
152
117
103
76
28
187
95
193
198
97
155
120
198
20
111
37
99
48
129
114
173
1
105
46
125
4
51
183
147
52
5
164
140
96
139
133
182
89
165
124
193
162
90
20
147
184
180
143
96
9
183
126
37
145
39
34
111
119
37
72
181
118
109
168
87
63
40
6
97
188
193
89
152
79
125
90
39
153
124
127
70
95
159
108
16
95
29
27
184
96
190
130
199
87
27
131
189
78
167
82
154
39
94
159
183
134
169
163
45
52
19
159
97
160
156
39
123
144
127
62
154
85
105
180
135
132
41
130
74
169
54
37
108
14
66
97
42
194
193
13
98
52
37
116
182
30
98
20
10
111
97
15
3
81
59
87
118
129
171
71
2
92
193
76
28
78
79
50
77
78
169
3
186
158
118
170
7
199
85
22
80
113
118
10
134
31
183
49
35
145
31
126
2
59
35
82
30
187
50
79
85
104
86
193
176
38
42
156
74
125
187
57
138
9
60
162
47
93
130
108
152
97
24
149
69
162
72
171
13
80
135
12
68
171
124
83
1
78
85
0
82
6
109
65
12
188
182
20
91
30
79
143
1
36
106
62
167
53
69
163
126
98
18
188
176
34
181
46
136
45
162
80
75
101
49
186
177
158
143
116
12
125
66
27
20
54
80
102
76
168
13
15
36
116
175
165
156
139
39
45
138
157
167
41
25
85
122
33
78
113
92
62
120
8
8
198
171
117
64
105
152
168
100
42
37
131
178
17
76
169
30
13
59
106
86
95
56
156
125
57
119
12
74
37
177
106
108
11
98
114
44
74
32
7
159
176
51
66
159
165
45
96
101
41
143
129
20
165
93
157
157
79
47
33
91
151
93
71
2
110
71
92
177
79
38
82
113
125
18
190
145
68
97
92
80
92
193
30
78
32
82
12
158
29
99
125
164
70
111
67
175
100
68
100
156
26
96
5
95
126
48
106
134
68
30
97
131
125
102
76
158
116
109
36
37
137
103
11
137
135
51
138
39
16
189
177
175
128
1
157
148
30
87
27
32
55
111
99
172
85
81
56
137
5
57
99
102
166
182
159
62
85
46
40
13
158
24
133
23
141
21
156
117
34
51
156
156
34
128
166
20
106
87
181
27
135
98
156
163
129
21
38
55
78
2
145
29
154
127
140
167
36
88
71
20
20
89
42
183
81
13
134
49
95
44
71
80
141
84
139
18
141
127
164
63
124
149
161
75
169
158
163
53
106
150
99
0
122
149
17
115
24
74
167
150
105
75
188
131
188
76
76
111
166
106
132
116
84
42
140
172
118
146
93
172
108
156
122
163
79
75
4
141
18
163
61
168
50
25
29
178
8
100
59
21
112
143
115
128
122
141
30
148
173
191
183
24
59
132
90
57
104
62
111
169
116
189
60
58
24
82
145
0
61
66
28
184
80
133
116
193
49
18
171
70
195
1
61
140
70
12
133
110
136
139
111
59
114
11
128
81
134
2
49
112
23
153
83
197
97
174
164
73
79
173
95
102
139
171
186
142
183
111
153
127
155
5
192
55
192
0
93
39
97
36
100
119
169
157
196
87
63
159
142
181
62
139
110
152
97
50
195
64
28
25
32
23
109
65
141
40
89
114
71
131
172
100
52
90
160
58
91
123
22
187
15
18
99
182
141
49
9
185
3
23
23
54
24
99
59
179
58
140
123
173
83
23
75
0
45
187
16
93
188
52
11
56
3
178
81
4
102
69
64
166
110
39
36
155
132
150
160
47
45
29
80
51
91
55
42
90
84
119
29
8
171
14
73
135
37
194
142
40
86
167
65
139
138
100
65
66
135
37
32
152
87
9
21
17
188
159
190
118
148
106
82
161
148
38
196
31
169
21
108
190
25
187
184
180
136
138
88
73
31
123
159
163
103
74
197
100
195
52
41
122
194
0
156
51
4
159
25
162
60
121
88
26
164
118
194
134
23
157
126
91
167
124
130
27
174
101
118
143
10
66
34
160
34
125
71
154
93
134
187
37
34
193
94
105
65
163
18
157
128
49
103
124
178
85
108
109
11
38
106
134
190
67
66
84
63
180
39
26
4
158
110
139
134
40
162
13
134
118
172
180
138
122
63
8
126
65
89
13
95
105
182
37
196
93
191
52
69
59
152
79
101
35
86
73
124
196
31
196
197
164
180
177
135
123
145
28
190
85
142
158
105
90
54
176
150
124
52
90
114
21
157
61
61
114
176
3
81
119
122
17
179
24
111
197
35
122
123
10
14
4
78
198
11
77
69
196
2
51
141
74
79
189
43
105
134
62
127
164
121
71
47
88
29
63
152
167
35
185
87
0
194
106
21
166
17
198
177
59
90
46
31
90
18
64
198
46
166
60
127
113
183
198
162
37
118
20
163
193
34
149
137
9
78
100
95
197
168
73
116
27
84
186
13
91
15
179
34
192
191
23
101
46
40
145
110
12
169
84
44
176
37
115
47
41
166
93
57
53
140
185
99
71
106
10
3
132
73
144
90
139
126
19
60
167
167
28
177
50
100
89
0
151
24
109
3
4
158
122
158
18
168
76
73
115
138
187
165
167
37
36
83
155
0
149
112
111
81
187
45
17
89
170
18
171
190
32
138
182
2
14
138
186
192
196
20
27
118
32
56
121
46
19
105
76
167
8
133
178
57
50
87
127
6
120
39
176
179
80
136
60
158
150
170
71
97
6
166
180
4
150
71
6
49
153
168
131
17
185
32
166
188
172
122
23
70
114
81
89
4
40
121
96
38
52
17
37
15
142
188
96
191
159
22
129
18
97
76
155
73
179
68
69
94
143
172
85
172
153
134
163
189
110
137
48
78
191
83
154
173
185
2
133
187
90
66
63
75
49
112
7
74
106
197
163
65
14
103
6
134
43
185
162
137
149
35
111
34
48
12
96
112
33
51
150
99
32
118
43
147
116
57
157
106
179
48
174
156
188
184
92
55
115
103
17
5
0
172
145
102
109
97
147
43
98
165
7
133
191
158
50
108
37
155
177
155
169
112
176
113
198
91
85
67
174
91
85
36
141
120
10
174
114
189
89
18
90
74
4
132
187
22
0
50
178
26
117
179
89
49
109
52
185
51
91
86
191
25
138
131
62
10
7
55
122
188
28
107
12
191
185
188
47
3
73
106
85
161
30
181
166
183
50
26
103
5
68
35
75
101
131
61
113
72
66
27
153
18
24
24
20
103
107
121
103
160
152
88
155
126
65
157
45
159
195
79
149
53
83
56
77
188
173
103
88
28
89
119
140
188
170
53
141
136
108
135
128
97
58
31
160
155
33
151
1
60
76
150
151
15
132
168
193
88
76
44
24
99
103
23
46
181
142
103
37
108
194
170
85
27
34
12
104
181
26
86
6
130
160
124
145
71
68
111
36
184
35
161
133
121
96
16
147
90
104
185
190
176
24
126
50
112
21
58
119
111
56
48
9
77
188
4
46
32
85
57
153
61
103
82
59
97
176
132
96
69
123
24
173
24
58
23
68
14
103
37
49
63
23
184
101
34
28
2
12
176
5
42
21
61
60
98
157
136
171
193
177
148
140
95
14
16
124
105
166
121
172
195
170
119
20
170
110
20
171
60
14
169
7
166
43
115
197
181
153
122
94
73
96
99
23
3
173
19
123
152
45
67
175
157
110
44
73
194
169
32
150
99
79
199
39
65
55
99
111
48
130
59
132
185
43
60
31
24
166
38
65
160
108
58
36
58
40
186
196
148
18
104
48
94
157
56
57
104
94
122
69
119
131
103
128
110
94
37
1
137
117
61
196
109
88
66
145
43
70
76
152
188
35
50
174
110
50
158
73
189
179
91
173
125
2
121
128
179
108
89
48
187
142
156
191
171
60
21
168
127
170
183
185
54
50
57
140
146
19
31
36
53
147
58
41
118
1
87
63
195
177
100
33
25
109
6
110
38
188
113
149
32
185
175
163
62
171
130
142
68
156
44
172
108
9
139
5
79
133
155
50
188
42
27
8
127
197
33
61
139
21
105
126
146
96
128
90
104
17
176
47
184
121
28
63
22
49
163
22
124
122
65
75
184
178
1
65
186
116
199
56
148
74
153
157
50
105
126
187
56
0
87
92
163
14
122
72
112
160
61
80
56
140
183
16
5
198
42
119
110
76
157
156
6
143
22
55
43
73
52
168
75
13
179
24
144
47
185
115
156
105
5
39
168
31
63
163
150
73
122
191
110
178
78
148
149
17
27
159
138
28
184
63
123
27
168
120
188
152
46
188
39
129
16
62
191
199
54
2
198
111
6
84
55
147
88
91
54
140
76
58
67
85
156
27
141
127
147
184
75
149
165
24
54
139
104
82
106
176
80
96
91
165
81
195
132
81
157
175
163
170
53
27
137
138
12
80
69
76
103
172
184
137
185
161
123
36
131
54
28
166
97
66
184
46
175
128
2
153
106
132
162
138
91
40
121
142
150
3
176
6
49
7
40
114
144
149
155
119
21
47
66
164
196
74
145
63
189
150
21
79
195
4
21
5
129
99
86
84
4
14
64
42
28
69
62
90
116
151
59
136
56
169
152
104
78
78
50
19
94
26
160
79
139
36
178
105
171
104
36
10
139
39
90
195
92
116
150
102
194
99
85
107
162
79
8
76
3
48
87
30
38
80
31
156
16
49
51
17
126
141
136
2
7
8
43
102
53
126
126
179
117
189
79
94
111
47
121
134
191
38
3
117
1
99
167
76
172
102
190
138
101
76
174
137
92
23
181
22
195
152
191
27
51
121
20
2
97
26
93
48
182
59
68
147
28
89
59
18
52
190
5
199
116
57
89
3
53
183
46
87
131
61
64
147
182
100
159
61
62
95
80
183
91
91
125
53
2
19
0
153
67
24
78
5
79
65
70
117
144
13
136
62
104
90
18
63
83
104
102
106
25
104
31
47
195
178
90
78
191
48
26
22
119
85
67
119
91
0
64
176
159
83
193
134
39
171
4
11
158
139
139
126
158
33
174
60
194
141
183
58
0
178
116
174
138
178
74
66
147
130
28
115
191
79
99
52
187
131
167
18
67
144
124
108
178
128
56
26
108
175
64
110
32
197
3
107
65
108
166
8
19
186
118
65
99
27
148
19
120
31
18
138
117
35
132
17
24
15
26
84
52
59
66
149
155
127
130
74
192
93
67
192
144
5
17
38
168
5
118
80
74
187
127
109
89
17
135
112
60
163
15
40
0
31
199
4
85
106
69
87
154
171
92
123
37
126
193
77
67
160
23
181
37
50
18
177
123
100
56
133
163
87
76
25
170
78
124
166
27
114
138
38
141
65
199
103
62
83
51
116
30
80
18
17
134
57
16
152
151
121
37
149
119
120
60
18
151
29
109
96
24
52
122
163
179
11
143
8
23
37
58
93
69
98
66
45
104
124
125
168
137
45
121
115
134
194
43
112
154
54
70
53
64
196
68
81
9
54
96
65
125
83
19
46
38
144
85
135
40
38
92
123
92
27
168
187
76
32
63
144
193
103
172
177
0
62
49
134
91
124
70
30
83
79
34
57
75
192
190
59
104
180
185
182
189
167
38
2
139
63
34
4
158
58
9
17
26
53
24
117
116
163
189
156
173
46
130
163
169
21
161
76
62
121
145
13
64
149
31
12
105
130
136
169
158
37
138
176
172
158
67
41
81
70
41
118
80
195
0
192
28
50
74
46
141
11
32
172
81
146
71
36
105
175
126
67
52
3
99
90
90
77
22
47
22
80
118
32
15
35
111
92
136
38
148
22
114
75
129
174
35
8
138
14
144
184
167
14
62
104
41
4
70
69
14
60
127
96
168
71
102
138
155
91
16
186
189
167
144
176
113
81
171
149
140
30
9
33
104
174
158
57
110
169
102
11
198
66
80
23
19
126
129
52
42
9
17
27
184
158
19
172
43
152
141
84
129
89
56
16
21
198
33
184
176
70
54
18
27
198
156
66
139
74
69
116
53
41
167
102
65
149
87
28
124
166
157
105
29
155
129
6
121
148
171
3
121
94
104
8
25
172
48
94
124
134
101
62
75
153
198
30
124
107
185
148
23
33
63
160
84
7
104
114
40
26
8
21
71
198
194
151
51
80
120
93
26
79
21
48
22
187
41
118
125
66
124
135
121
35
182
181
26
137
2
22
159
150
179
122
36
57
71
107
141
141
176
109
57
184
49
188
34
77
182
164
184
70
44
98
61
129
95
93
163
133
146
63
178
90
41
126
102
115
163
33
132
169
76
161
189
45
110
95
84
193
199
188
105
147
21
120
32
191
134
138
100
8
45
81
164
43
22
77
119
169
51
101
100
79
39
94
163
11
31
60
79
28
153
112
148
198
196
166
61
193
159
82
103
30
86
135
130
126
174
107
141
150
146
130
64
18
86
174
109
149
0
136
56
170
167
190
198
187
180
120
129
147
101
176
113
138
80
182
79
93
69
77
131
39
36
102
69
48
53
158
128
135
198
79
106
167
7
104
145
132
81
114
40
17
45
64
118
144
26
1
80
141
126
150
44
39
141
170
54
75
80
51
168
150
188
116
34
119
139
20
42
168
96
55
125
151
124
70
187
61
149
109
56
25
110
34
38
114
122
173
0
160
82
136
130
22
174
148
4
182
104
181
69
24
196
179
4
137
91
15
90
180
15
46
60
159
33
61
116
101
102
81
46
3
24
9
56
121
185
59
75
80
162
175
159
154
145
196
170
66
81
189
176
169
195
80
167
42
11
91
130
35
149
75
157
176
70
82
48
190
95
12
28
184
60
166
90
138
139
36
179
192
64
62
186
25
22
102
30
158
15
136
83
177
20
150
152
115
16
23
28
38
54
28
154
4
156
47
147
90
71
168
26
173
69
101
162
31
162
109
84
102
18
121
93
146
54
127
68
120
33
29
74
127
194
158
65
190
76
140
199
97
56
11
116
118
196
62
110
40
189
32
150
135
88
72
83
66
39
186
109
115
71
190
84
93
125
24
167
20
185
91
64
64
50
2
180
128
169
21
152
103
2
132
175
166
101
123
161
182
171
114
70
103
116
176
144
138
29
84
13
48
118
143
83
69
10
25
127
125
160
190
118
161
158
101
92
93
5
61
59
145
103
36
187
58
189
14
152
53
149
70
169
87
97
4
77
28
107
195
96
186
92
46
99
113
44
190
105
153
35
90
13
8
110
140
129
22
109
148
42
39
50
67
143
189
52
70
16
31
145
189
140
11
18
191
130
115
80
180
41
62
100
31
67
190
156
37
12
25
26
190
88
94
190
31
107
142
172
154
26
93
96
147
110
43
118
175
81
116
30
83
145
8
4
38
145
167
190
92
31
45
70
81
192
118
127
70
111
182
13
98
37
183
133
112
43
80
171
145
27
191
19
38
20
107
199
157
11
160
119
157
54
143
134
167
197
97
161
171
170
65
187
36
63
179
147
49
54
29
23
161
35
88
106
130
14
83
64
95
197
4
83
35
111
139
174
190
42
110
166
75
6
115
161
19
75
77
22
82
20
61
196
91
31
188
199
75
172
139
85
135
67
88
94
163
131
197
154
113
197
150
180
50
151
159
132
131
116
128
115
86
120
62
199
20
18
15
38
45
162
81
128
60
146
191
181
49
112
137
69
36
129
183
158
115
170
11
168
128
56
168
53
138
79
162
4
174
136
115
116
83
171
191
141
167
140
5
139
96
10
123
76
43
58
117
41
163
178
185
161
134
122
122
64
106
61
86
46
143
20
6
124
65
180
163
98
109
62
15
60
133
164
87
83
178
36
43
103
189
37
150
162
130
45
121
176
129
93
119
59
186
156
4
170
68
112
159
193
155
68
1
189
60
195
184
14
62
115
13
142
54
148
23
128
198
159
129
34
52
188
47
165
91
35
56
35
16
4
64
120
83
26
189
72
80
147
140
64
193
43
80
105
162
117
102
184
112
187
23
145
71
165
163
65
38
133
86
50
25
99
90
17
59
5
9
195
174
198
157
94
73
159
7
173
180
28
184
11
67
157
6
41
93
188
143
186
184
166
195
155
114
162
25
56
126
103
113
138
162
99
129
165
25
45
62
13
10
116
73
0
179
17
171
166
123
94
198
110
83
66
82
187
32
77
153
11
81
94
16
39
79
4
18
150
141
32
170
133
53
122
133
25
157
147
57
37
140
151
86
175
157
165
112
92
87
103
94
4
182
196
154
160
66
13
181
0
169
85
6
81
140
89
15
36
35
30
117
65
62
66
50
114
9
75
8
20
154
172
67
32
178
174
156
137
126
19
110
133
74
158
143
30
33
190
189
19
19
104
154
23
58
4
21
147
187
56
38
199
70
1
14
139
170
185
89
44
9
58
169
115
90
48
88
103
113
140
2
122
199
60
172
153
143
48
109
165
87
32
135
175
167
66
34
41
137
47
198
175
4
109
106
35
63
31
174
32
31
96
73
167
133
174
136
85
95
171
124
190
169
160
94
106
48
26
162
69
11
110
53
77
54
160
53
60
52
15
196
134
88
101
199
100
128
34
25
126
55
184
63
40
190
130
72
99
86
101
179
108
108
184
117
98
193
168
45
177
45
148
198
91
192
0
169
142
108
189
52
185
170
84
34
152
16
35
96
15
124
177
170
50
8
195
16
139
194
41
48
85
38
186
105
5
178
100
33
137
134
169
76
57
142
91
113
49
61
47
146
64
103
31
185
43
92
26
2
115
84
38
81
5
59
70
56
112
19
174
108
129
40
59
77
74
36
168
72
153
120
34
27
60
187
157
165
11
66
32
151
46
44
180
3
197
65
106
23
70
103
130
78
57
40
47
132
8
139
63
171
154
13
137
167
135
156
63
98
117
120
27
108
64
198
6
123
1
187
163
155
157
25
83
11
166
193
73
140
151
37
61
70
33
112
166
120
131
157
48
36
46
49
102
29
86
54
81
85
20
188
14
32
88
126
117
47
188
183
157
113
116
23
46
165
74
174
71
180
142
131
61
70
74
57
117
140
139
127
80
86
51
186
101
152
92
138
165
85
95
30
176
56
107
92
93
91
41
57
78
7
99
25
161
142
117
52
123
176
147
70
96
136
82
72
46
194
60
0
39
107
67
186
124
117
118
17
22
102
33
103
56
156
22
100
81
167
122
198
166
122
35
182
132
192
45
51
123
191
12
125
86
140
179
176
166
179
3
42
78
96
15
43
90
175
68
168
129
100
118
108
49
184
70
124
25
177
0
133
49
189
72
5
54
195
156
82
27
110
109
122
153
102
87
169
38
165
24
169
100
67
125
105
40
62
144
164
195
185
6
132
165
168
61
123
157
21
10
62
69
18
144
191
58
92
45
189
2
137
30
82
30
174
59
72
199
47
93
177
173
51
36
83
82
194
109
20
100
63
73
63
66
12
105
146
190
143
52
83
64
143
67
127
4
146
68
127
130
143
82
184
19
82
118
5
139
138
39
91
98
195
116
17
60
112
138
34
80
57
18
16
110
116
137
6
57
187
43
10
165
90
98
77
58
44
72
40
78
177
188
158
152
54
136
88
152
113
65
1
141
55
105
14
103
51
71
169
123
13
165
67
20
13
161
51
54
195
85
80
93
53
138
14
141
52
1
49
51
163
82
179
8
180
61
83
86
137
142
181
83
180
182
103
131
188
76
71
106
196
74
63
182
122
124
194
130
89
75
150
40
83
32
166
70
142
180
186
169
1
196
69
127
108
66
67
14
114
126
29
130
60
27
35
116
154
182
124
174
80
58
141
146
44
151
100
34
56
176
183
11
96
75
6
131
105
4
106
153
19
83
48
179
117
100
166
50
188
197
177
155
159
89
57
95
58
131
113
161
21
55
166
39
193
194
132
26
110
25
152
16
20
167
189
113
188
25
158
14
121
83
133
101
129
37
22
153
58
160
123
55
51
83
44
187
168
74
114
121
161
190
41
47
152
95
128
143
157
189
190
35
7
110
187
9
89
82
24
62
39
131
36
71
148
112
3
146
74
73
93
67
76
188
49
186
163
86
52
58
115
125
154
149
98
162
40
123
165
148
187
161
110
31
8
61
117
196
153
48
50
138
65
77
197
50
116
54
82
136
22
77
148
45
151
136
29
106
167
182
159
15
36
198
90
129
4
6
83
161
73
57
53
177
145
186
62
138
143
189
144
10
162
141
83
121
103
144
116
122
69
174
12
198
37
80
56
123
172
94
88
36
95
89
101
123
34
183
92
90
13
188
138
62
99
61
3
148
168
96
180
158
70
56
80
46
108
13
162
123
68
192
153
65
151
52
121
19
56
95
179
155
138
184
123
2
142
138
58
36
108
182
144
146
118
24
175
155
28
88
191
132
31
105
17
132
94
54
107
29
86
127
23
116
106
91
48
50
167
112
138
59
193
77
44
123
144
113
157
160
177
37
128
27
82
188
134
88
134
83
143
37
121
2
164
184
17
146
164
104
65
185
192
69
67
97
85
148
112
40
14
27
183
104
124
91
57
37
51
67
13
199
89
112
37
181
174
74
187
2
67
18
25
44
185
120
172
190
142
194
116
112
30
46
187
181
172
176
151
82
92
159
30
118
14
161
117
164
193
23
93
21
146
52
66
83
119
158
145
153
4
47
78
158
185
46
71
56
190
190
137
164
188
136
93
92
106
156
150
58
72
75
73
25
116
48
161
34
95
173
143
188
186
81
155
157
58
39
49
77
197
154
58
170
88
28
158
125
176
86
171
155
17
18
141
88
37
60
194
166
172
55
72
92
53
91
182
34
47
68
188
176
54
15
160
189
29
85
165
5
36
2
185
76
174
15
132
96
42
155
81
107
28
80
170
21
136
146
172
160
2
82
164
117
100
25
44
132
93
64
119
152
131
164
188
129
29
71
170
83
31
105
57
4
82
150
104
99
7
153
113
132
72
86
165
96
100
132
109
169
61
89
14
98
184
96
56
45
40
174
75
55
30
107
183
70
25
131
23
154
79
148
168
33
13
137
91
117
193
101
21
88
17
36
16
176
47
51
96
5
4
168
36
126
134
140
30
188
7
36
25
135
83
183
14
140
174
50
27
120
143
103
161
126
133
4
176
28
165
104
57
52
77
56
15
94
32
16
107
27
30
85
75
108
15
159
199
113
157
172
64
85
155
182
108
94
109
135
50
3
101
179
54
23
191
148
34
34
138
147
42
198
148
58
90
158
0
30
174
155
151
66
165
192
120
95
99
53
13
39
10
2
124
65
101
161
142
22
176
165
7
170
191
138
179
190
73
90
50
35
104
142
167
145
120
102
43
53
178
79
48
177
61
155
149
181
15
47
142
19
37
165
188
80
157
74
16
142
12
90
159
71
193
55
139
29
181
41
7
172
157
111
36
24
37
19
44
147
67
44
18
142
173
37
28
17
88
11
103
118
47
107
14
56
196
170
94
121
46
166
0
104
79
58
76
2
56
143
198
23
11
141
16
53
13
113
164
138
78
160
116
74
22
18
88
49
150
18
75
2
32
178
187
182
92
187
3
49
25
153
94
174
12
93
42
122
7
85
199
110
153
182
43
102
166
33
35
22
19
51
48
189
40
159
195
193
186
6
158
106
124
119
97
67
145
1
134
10
193
69
34
41
62
40
40
5
25
174
195
132
86
171
31
27
97
18
149
117
107
185
129
72
157
163
154
194
199
69
94
17
110
29
79
15
88
83
22
132
13
43
122
14
148
115
149
83
63
56
164
103
60
133
49
57
32
131
94
127
98
12
63
27
106
40
61
77
188
67
179
159
45
22
191
32
0
170
38
120
198
195
180
186
0
1
184
79
50
145
104
47
29
162
109
179
121
84
173
38
190
51
89
146
165
2
67
14
136
9
14
85
146
17
170
18
28
38
122
111
125
3
44
53
94
140
100
110
31
52
21
38
57
23
190
104
153
154
12
181
118
95
113
119
39
164
137
131
156
187
109
101
79
28
7
150
46
46
96
56
57
140
145
10
82
60
116
30
110
124
102
8
190
182
131
130
58
122
22
162
3
65
156
197
91
111
92
12
180
123
21
197
49
121
100
165
85
110
128
192
86
115
171
131
45
90
104
145
13
189
108
146
182
7
83
122
37
2
31
37
42
63
63
16
5
29
122
179
141
16
118
82
31
194
130
59
79
40
60
170
38
91
47
199
105
175
5
9
185
136
5
100
28
152
42
70
168
141
79
144
119
103
146
0
100
55
156
99
168
83
178
127
104
23
68
158
119
125
120
14
180
125
66
126
88
71
113
11
182
69
81
73
191
14
120
109
9
189
55
143
3
176
184
157
87
196
55
98
141
174
190
13
24
116
184
198
32
106
194
107
59
185
153
25
112
58
44
198
162
48
151
139
37
67
112
39
168
16
114
167
47
86
52
106
155
187
198
184
16
85
7
130
188
125
189
124
15
102
106
135
179
188
39
4
9
47
144
187
77
46
171
153
160
72
6
120
32
181
21
104
126
179
165
155
155
166
48
55
168
135
197
124
185
109
67
77
36
120
42
3
124
121
94
13
21
168
8
12
83
94
19
11
124
153
120
195
150
126
151
100
166
16
11
96
110
158
0
58
194
115
163
108
120
135
30
78
65
123
46
170
56
18
83
19
118
99
196
62
104
154
109
9
126
142
134
105
88
181
33
48
199
28
127
194
93
187
7
80
114
53
68
70
100
53
178
135
82
84
37
176
197
183
38
154
59
68
148
73
34
45
154
73
198
110
98
185
143
145
134
151
74
65
62
19
49
139
91
152
138
48
95
133
97
119
143
57
99
175
87
173
8
2
104
99
91
182
184
172
74
173
182
48
69
52
168
134
117
24
99
76
10
84
182
24
176
47
52
180
111
155
116
96
54
136
134
146
76
143
45
128
42
171
163
134
16
145
29
59
3
176
85
86
31
83
158
70
151
180
135
167
174
187
191
112
137
188
73
168
11
62
20
65
12
79
178
110
63
45
123
54
143
191
125
58
13
66
34
3
160
56
127
44
2
27
156
63
195
64
156
67
69
198
115
195
35
149
31
186
78
59
84
123
101
57
80
45
136
29
160
66
105
105
69
193
120
104
15
42
154
137
108
199
45
124
196
122
187
177
196
8
144
176
70
189
65
90
1
50
35
15
90
153
85
97
127
161
84
14
92
68
185
11
116
62
152
115
165
89
176
55
96
19
162
23
195
129
136
95
45
101
115
61
158
170
184
102
160
8
177
24
30
43
92
194
144
94
90
96
80
117
62
75
68
32
111
133
64
99
148
42
143
2
163
114
102
146
127
98
69
91
28
75
51
97
39
178
69
138
78
6
146
130
41
65
150
34
108
37
1
71
27
72
44
158
41
130
143
101
12
139
105
117
80
154
21
67
46
24
182
118
185
154
31
35
150
21
65
109
181
12
82
152
136
13
54
68
111
187
13
70
69
12
145
106
58
97
186
125
102
62
71
143
151
120
115
38
23
19
10
37
134
118
191
75
175
118
140
176
57
22
76
35
4
104
40
14
22
78
36
83
10
193
165
112
115
179
42
5
138
32
140
94
42
166
52
76
28
29
55
63
44
105
120
14
159
21
66
158
15
18
112
40
173
6
20
197
98
23
0
69
138
158
76
117
126
0
68
175
52
63
5
99
100
112
21
4
65
54
12
117
155
84
98
114
13
135
103
178
112
9
41
42
171
82
197
38
197
49
141
152
161
105
90
2
196
151
38
128
95
7
65
167
171
110
118
67
117
1
122
68
8
53
192
183
42
120
51
187
4
189
57
34
17
189
1
40
18
184
41
0
91
4
22
57
134
44
104
111
130
193
65
70
127
142
51
170
161
61
155
82
191
135
46
130
103
81
174
48
63
98
136
30
106
80
166
62
118
155
68
12
158
9
65
180
193
113
132
149
6
195
120
174
97
36
198
52
199
159
166
133
130
23
65
103
97
97
109
178
80
166
14
12
191
111
142
195
17
185
129
141
187
127
55
171
79
199
62
4
109
29
20
14
141
99
174
191
67
74
56
145
103
26
186
68
119
37
106
22
92
2
84
86
78
46
147
142
173
173
170
166
125
93
68
156
165
155
164
105
4
15
26
160
160
59
99
96
20
113
156
137
142
194
42
75
130
98
32
121
30
153
54
13
100
69
171
37
5
51
16
171
152
44
40
66
47
188
143
132
97
38
117
168
162
90
191
49
76
145
131
162
39
152
14
166
188
32
76
44
42
166
36
23
131
133
45
91
127
49
128
155
27
7
43
184
21
105
87
156
62
21
120
197
68
45
134
13
35
41
196
69
160
96
188
170
74
190
125
152
5
79
107
27
124
66
50
116
50
169
126
192
53
164
129
109
152
13
34
141
148
70
78
37
98
118
150
40
103
43
5
12
13
130
84
134
154
146
101
120
150
38
144
97
86
145
28
6
152
131
174
28
19
10
199
7
157
108
77
52
120
32
153
59
106
13
56
152
159
138
104
89
165
149
120
130
196
87
29
140
192
148
141
164
60
56
170
87
77
189
173
35
184
145
59
121
97
93
25
175
49
48
135
34
99
153
4
112
59
20
175
163
139
99
5
42
100
102
139
162
165
190
105
161
107
11
73
179
190
125
107
189
187
127
175
191
131
191
39
127
199
74
54
88
46
133
184
146
21
55
167
58
194
162
79
170
197
40
175
36
36
10
76
183
49
195
188
180
90
43
68
59
109
127
151
102
45
158
43
119
45
79
161
77
56
118
49
122
195
77
32
112
120
95
159
57
128
144
145
190
115
184
192
31
135
6
13
114
155
89
106
167
63
58
62
119
42
197
196
132
31
142
64
124
45
89
112
95
114
73
106
168
171
2
96
33
83
123
12
158
181
42
33
124
119
116
1
114
157
60
101
85
167
128
132
2
105
75
82
53
13
4
92
142
70
30
126
139
123
113
121
48
31
119
172
51
177
80
54
20
133
94
158
41
150
53
23
96
54
178
35
14
187
140
146
45
80
136
63
129
85
86
31
115
84
73
183
111
42
92
130
144
61
8
156
148
168
66
189
90
72
137
141
39
162
141
120
152
92
19
15
153
148
149
187
4
121
142
30
62
28
107
88
3
34
85
2
25
57
148
11
154
68
197
117
60
165
99
171
155
183
180
58
174
53
82
8
62
185
42
37
82
77
145
93
56
152
122
150
30
62
165
21
62
174
74
71
96
153
34
46
26
76
134
171
27
122
49
147
77
146
80
71
112
104
91
108
163
130
179
115
53
193
26
37
114
194
163
63
81
72
182
22
114
112
14
152
53
65
142
199
109
62
45
42
140
121
131
121
32
189
123
21
59
96
152
33
128
35
116
65
145
56
108
142
150
199
191
171
143
172
21
80
75
1
44
72
185
116
38
65
75
132
70
55
131
69
17
109
78
134
58
81
125
99
110
147
26
84
158
66
167
97
146
99
122
176
186
135
29
125
56
151
73
61
122
71
83
78
187
76
159
126
121
75
121
127
41
104
74
108
78
31
87
179
137
27
6
167
98
17
10
57
29
160
133
170
112
151
13
135
9
178
135
25
68
107
176
175
41
193
187
67
124
80
140
111
86
196
11
18
145
91
53
194
121
111
156
143
38
4
126
18
94
156
131
0
103
172
167
87
74
123
168
76
115
15
194
143
93
67
78
124
83
25
113
182
81
64
57
25
56
130
66
148
128
141
150
114
184
156
3
116
65
65
37
116
72
113
101
72
66
188
2
146
3
39
52
0
167
160
32
28
1
117
76
178
193
18
84
81
0
133
141
72
56
119
119
111
127
130
152
183
178
18
115
47
189
49
128
52
144
138
197
92
94
73
162
63
95
142
193
130
5
132
164
161
68
90
73
16
147
62
65
119
39
49
86
72
182
123
90
190
48
107
100
108
146
106
14
150
21
85
146
120
139
166
178
90
122
198
167
92
168
113
26
148
150
37
30
49
18
16
158
131
180
182
170
145
170
116
173
70
31
148
162
120
126
45
45
23
52
102
86
95
51
54
175
10
43
179
63
77
44
54
55
29
6
119
90
118
33
131
74
16
128
118
117
174
160
126
71
4
159
102
88
100
176
107
78
125
51
199
109
193
128
111
59
194
196
75
97
168
156
194
75
57
134
32
72
6
160
93
172
181
184
122
147
192
114
171
137
66
48
91
37
113
115
193
28
45
160
70
113
163
126
55
58
6
28
69
22
179
168
118
18
103
25
95
43
79
166
153
125
187
143
118
170
17
65
46
95
170
184
58
152
2
84
4
124
41
14
129
163
89
52
156
131
156
184
185
122
92
191
10
22
86
133
41
64
196
53
123
48
133
110
165
161
35
186
78
61
40
72
73
59
150
81
125
116
170
31
138
86
92
114
59
32
166
188
146
68
6
188
100
130
18
48
187
81
143
43
34
40
142
134
184
67
132
130
60
121
36
44
89
26
123
42
94
14
71
42
133
33
29
193
117
114
30
56
31
139
189
123
106
11
47
172
83
182
183
156
4
142
126
26
151
43
108
132
168
190
29
137
37
27
115
169
34
61
131
52
149
171
167
143
91
104
32
38
133
128
101
179
90
118
124
100
82
115
12
179
5
58
117
47
78
86
180
199
23
28
39
23
146
181
65
115
153
28
99
152
26
30
136
10
131
63
115
112
14
96
86
12
193
86
137
110
101
71
6
104
0
142
53
28
137
102
57
34
159
58
150
54
183
155
109
190
25
75
37
129
158
174
16
2
167
120
7
28
29
169
179
127
64
13
41
153
166
65
129
129
187
32
91
36
167
75
47
74
113
199
184
10
142
135
179
34
5
10
74
171
2
32
79
129
21
39
159
105
142
34
150
43
160
192
16
46
63
66
83
42
87
62
127
25
154
17
190
79
166
66
30
153
1
137
64
154
153
30
36
56
133
61
11
124
65
71
56
88
186
37
36
188
71
61
134
41
127
7
99
38
109
49
199
33
189
7
16
157
186
70
34
177
157
87
85
170
180
169
24
111
133
159
40
129
141
177
57
150
129
166
95
155
184
142
49
198
147
22
147
14
106
85
23
178
165
3
136
150
43
18
122
69
26
100
65
72
172
180
28
124
139
160
197
105
1
68
49
102
166
34
111
74
54
197
86
126
38
6
135
151
195
69
36
23
104
137
75
74
74
170
4
14
185
123
107
100
13
134
105
132
146
120
5
109
138
107
83
129
46
122
71
158
193
15
96
97
192
48
100
14
194
73
75
170
24
163
50
97
160
17
7
68
148
187
148
98
170
91
2
199
176
