9989	182	80	2
155
114
25
118
17
123
11
175
152
150
179
94
34
132
111
123
48
134
187
90
147
122
30
152
47
178
95
169
164
119
16
51
78
34
147
42
197
186
138
105
79
143
171
138
88
66
63
58
27
159
124
196
75
88
32
152
179
47
158
64
179
183
109
103
164
120
20
182
130
197
98
173
128
60
25
26
146
81
51
176
115
95
156
63
63
156
15
148
139
96
45
198
89
42
167
125
159
95
165
86
39
112
8
134
25
118
25
35
20
125
12
130
52
26
111
0
37
11
149
193
117
137
112
30
192
196
18
127
45
116
68
21
77
191
63
98
60
116
96
136
33
154
177
59
176
69
178
163
174
119
175
145
44
23
83
70
188
49
66
75
168
90
36
48
11
29
45
148
151
47
161
182
117
180
53
142
60
100
48
51
24
181
105
82
155
30
50
16
18
125
2
180
94
141
113
83
43
160
20
57
109
61
0
89
174
46
3
57
140
153
70
181
47
137
142
39
192
80
154
88
101
19
191
62
58
170
127
81
177
170
97
91
178
105
17
92
13
78
16
79
12
34
198
109
198
23
108
84
174
123
22
123
90
137
69
77
111
188
59
127
122
105
168
136
154
152
49
108
9
102
80
157
152
91
22
150
130
83
141
21
25
163
139
53
181
73
72
101
43
32
176
65
42
63
76
178
112
157
43
117
99
156
70
101
124
159
34
173
30
0
94
94
53
11
107
194
153
128
171
91
49
9
147
146
4
137
50
119
66
117
172
90
186
2
144
181
101
82
124
174
39
124
115
108
198
127
196
181
34
19
140
49
189
12
22
183
4
115
31
74
83
43
70
152
15
197
128
63
125
25
122
148
88
10
111
129
127
171
50
146
173
164
173
109
138
132
39
4
47
41
196
0
39
187
7
35
41
57
131
105
89
31
55
92
38
117
111
51
142
29
151
63
22
24
43
146
118
181
1
116
65
63
144
99
26
194
170
102
106
170
53
62
142
24
119
178
20
154
7
197
54
110
65
22
184
19
9
76
68
100
121
124
85
145
14
96
40
139
108
142
86
28
97
26
78
89
143
129
87
150
35
155
43
28
195
12
72
41
61
95
168
156
50
199
168
187
73
76
37
3
159
150
130
75
196
42
142
118
82
190
19
11
95
106
1
186
97
108
113
45
169
24
86
153
112
115
69
80
142
154
61
189
57
12
49
99
147
48
179
113
116
28
163
150
54
108
69
157
120
147
0
197
106
121
122
184
79
81
121
174
73
6
92
5
166
98
152
39
183
154
135
176
194
153
27
171
101
167
81
64
195
13
160
188
44
96
192
100
196
128
15
119
77
188
6
112
88
20
139
13
183
179
168
39
150
190
168
54
120
21
178
104
126
61
14
149
162
168
196
74
154
162
20
17
63
152
72
25
165
111
21
143
61
39
192
33
38
146
86
98
163
28
12
127
94
56
189
165
25
101
82
77
157
108
3
54
4
55
108
125
184
143
171
123
175
90
5
114
198
71
184
37
10
183
27
52
181
90
194
49
46
43
94
98
89
26
41
99
126
179
7
87
182
88
136
99
79
16
26
55
160
146
115
138
8
106
35
49
17
71
144
131
34
150
156
132
75
119
113
20
185
74
37
163
17
5
40
148
9
37
74
3
42
198
58
68
66
34
105
138
22
42
172
168
196
91
64
7
198
55
192
117
99
71
170
182
183
27
193
50
43
142
179
163
15
112
170
137
116
129
55
179
190
15
114
12
86
5
38
24
198
136
90
90
78
22
59
195
28
125
84
113
143
54
136
138
20
92
22
155
121
37
58
113
15
148
197
91
190
199
139
50
176
36
178
199
199
195
58
7
18
16
96
165
82
169
36
132
100
102
163
95
31
9
63
48
108
59
57
1
54
175
57
170
55
32
108
127
98
75
100
181
87
0
86
170
144
179
125
94
43
113
12
121
104
177
0
186
98
168
131
170
10
57
5
123
119
199
125
184
138
136
6
2
86
89
61
19
29
72
182
91
77
186
190
109
41
1
66
70
132
113
111
25
104
199
91
25
109
150
169
4
53
136
42
48
147
22
94
158
148
140
35
32
190
4
60
191
86
109
66
101
62
71
48
36
98
142
176
9
171
49
179
185
117
142
182
118
91
124
152
117
99
100
191
136
35
36
179
139
26
57
194
125
76
89
35
53
133
11
182
6
95
115
176
81
87
102
156
133
89
30
13
158
180
58
104
31
119
158
190
77
179
186
96
105
11
105
139
129
29
137
91
149
141
82
43
185
175
180
146
84
41
129
177
91
163
124
161
162
135
61
90
80
107
59
78
142
125
116
141
45
134
148
105
145
39
127
113
149
40
156
178
92
136
9
97
177
190
189
6
164
118
46
83
146
87
128
18
7
33
102
52
91
156
8
93
110
155
41
13
169
7
11
58
187
185
73
81
4
39
145
123
58
144
173
92
157
58
37
103
97
112
106
69
32
50
97
188
185
180
106
148
185
64
172
165
196
184
62
116
80
99
69
68
159
49
149
41
31
194
118
48
15
72
189
67
64
45
35
32
29
150
46
81
57
135
74
110
124
73
92
118
169
142
187
157
103
61
51
175
178
145
47
155
126
44
163
131
47
169
75
175
55
14
3
41
61
16
171
139
78
137
95
116
35
60
177
194
191
129
115
90
123
84
13
51
176
80
151
8
57
105
20
148
66
63
147
199
0
102
74
167
159
75
90
34
130
153
178
119
90
24
80
165
86
15
147
51
148
65
166
175
73
59
145
74
107
189
122
8
40
183
60
181
162
163
49
123
185
176
1
145
21
39
71
165
159
102
52
73
179
161
19
51
125
153
192
143
108
45
14
112
151
116
99
67
187
173
26
52
158
94
5
42
195
56
84
117
50
196
54
112
3
151
147
145
151
32
125
182
148
66
57
113
99
12
157
92
15
54
15
72
20
87
135
143
121
81
146
130
131
102
93
172
176
52
122
45
165
147
194
162
100
16
63
34
22
170
28
188
129
193
140
124
6
70
28
28
81
6
46
183
142
120
99
105
53
150
20
74
153
48
84
161
58
51
190
157
149
65
158
15
117
10
47
131
57
113
105
77
130
73
68
49
158
134
149
115
62
192
84
60
56
97
56
78
138
160
79
167
132
70
182
81
120
78
162
10
121
74
16
23
141
64
71
147
49
195
8
5
136
54
103
168
110
163
169
189
7
178
145
91
95
5
41
62
38
120
1
116
98
70
151
188
97
174
4
74
169
20
103
101
118
68
8
34
88
66
107
137
157
165
14
109
154
162
105
154
18
188
65
142
40
193
33
49
119
71
119
17
180
53
30
14
148
63
148
69
119
58
26
168
33
13
123
186
113
96
91
25
168
118
166
76
95
182
187
187
181
96
27
93
196
2
9
180
63
26
199
30
26
54
26
189
158
127
84
126
120
100
76
127
124
163
148
128
115
98
87
92
86
28
149
178
38
7
44
139
26
82
180
176
148
107
159
92
137
166
28
172
98
2
151
72
83
102
30
97
160
121
82
170
55
15
48
147
182
111
195
40
26
177
16
72
65
77
86
145
76
175
192
1
197
94
184
48
129
35
113
145
137
79
1
103
187
62
129
12
24
55
163
85
50
149
95
169
4
184
122
32
46
12
67
120
115
116
163
27
49
103
41
157
172
56
23
65
135
11
52
90
104
27
31
55
127
89
133
176
27
176
71
181
17
139
3
30
81
95
52
173
183
173
177
64
43
143
144
26
190
116
109
129
26
127
11
114
100
82
133
64
120
8
145
28
73
135
161
14
20
84
32
2
103
129
94
198
60
154
8
72
4
141
191
44
2
31
51
154
61
19
51
158
168
165
36
129
10
117
36
141
30
135
193
158
182
63
171
20
49
138
67
117
102
144
39
159
83
6
59
115
79
160
197
165
56
67
116
0
57
24
70
23
132
4
165
190
48
116
118
166
175
158
174
31
175
155
56
88
123
185
15
194
117
77
197
138
122
173
126
53
178
12
76
167
34
22
111
156
72
179
128
119
194
73
3
145
148
25
183
104
20
4
172
33
59
151
103
129
147
193
20
69
55
189
73
17
180
139
147
133
194
192
88
156
62
118
88
182
40
15
104
22
187
59
36
141
134
41
1
173
79
169
36
114
151
8
122
138
141
157
173
134
83
152
104
24
151
162
96
36
15
128
111
67
77
65
77
59
74
71
69
58
41
18
105
137
195
135
171
190
11
72
98
89
30
110
37
72
1
193
183
78
190
160
39
38
100
91
178
181
89
181
175
141
191
64
63
166
161
153
192
40
137
10
196
107
31
46
194
31
87
31
65
151
104
3
124
120
117
45
23
144
26
136
149
138
116
14
91
182
52
103
148
140
50
157
137
161
3
172
141
146
95
47
74
93
113
109
20
160
84
83
56
121
134
163
169
148
195
26
47
51
41
199
139
63
44
159
84
125
29
61
79
196
107
22
199
115
46
123
41
152
140
65
34
66
19
98
135
40
138
22
153
170
172
164
35
165
185
49
161
157
2
52
63
130
49
136
83
181
131
112
72
148
27
42
160
177
5
194
60
33
27
151
139
24
143
18
22
1
134
42
196
75
45
189
63
32
131
137
121
199
83
105
188
25
52
195
93
56
38
110
180
4
67
32
123
71
24
86
57
32
103
21
129
85
67
141
4
145
182
37
167
101
162
9
58
99
98
192
119
45
141
146
51
100
23
7
76
21
3
10
119
21
104
69
109
197
199
134
153
49
110
7
137
35
101
164
54
45
115
45
113
147
107
154
164
110
33
22
187
196
154
109
77
125
101
23
123
89
141
86
75
77
24
132
17
45
95
118
27
179
49
101
119
69
110
27
28
53
22
122
162
146
92
40
103
179
154
47
54
116
2
49
6
185
197
16
172
127
148
163
118
186
90
77
54
177
90
24
143
174
105
167
111
137
50
137
0
12
51
33
148
17
65
81
77
120
52
143
119
5
169
72
107
110
64
113
136
90
153
141
80
100
24
9
28
135
2
131
133
27
43
24
112
174
62
20
53
31
120
52
21
187
89
8
173
138
152
149
115
59
18
175
148
60
62
155
15
78
136
178
106
101
24
129
175
38
102
5
42
193
21
173
178
157
33
176
121
11
46
197
114
178
46
25
30
113
175
178
139
52
79
122
162
198
148
184
123
45
164
193
55
114
182
44
82
71
36
50
27
60
174
132
177
170
35
183
99
144
30
122
76
172
147
168
26
193
197
17
18
182
149
3
41
152
121
166
49
14
190
60
110
73
76
55
188
167
5
173
143
109
104
39
119
185
25
39
6
34
37
15
54
191
196
31
12
164
64
94
187
140
44
18
55
0
99
106
71
125
183
72
38
99
114
44
30
105
108
92
49
6
33
88
189
27
150
1
155
37
128
90
85
134
82
78
130
171
185
49
87
55
29
171
123
126
30
135
39
23
152
121
64
57
197
134
34
46
150
198
91
20
45
84
178
16
10
142
130
70
16
159
46
155
172
146
11
139
185
138
84
167
34
68
126
6
77
54
170
68
16
105
0
8
196
145
46
47
18
181
92
158
134
138
26
68
135
138
33
142
119
113
123
157
85
169
17
162
101
123
95
1
121
158
101
67
135
44
189
29
46
111
35
150
101
68
54
166
154
149
178
178
116
138
64
84
126
154
43
160
161
147
174
33
76
193
119
169
122
195
123
31
177
33
189
11
114
17
86
85
114
122
42
172
172
199
5
98
112
149
80
12
196
88
36
112
190
39
18
167
59
176
164
42
95
30
27
184
154
7
159
117
154
58
124
143
107
70
191
10
160
109
109
132
12
119
4
178
170
187
97
73
21
88
125
80
61
170
52
194
199
40
35
170
55
27
62
8
60
33
99
160
65
14
118
169
148
60
194
67
148
41
113
178
180
143
112
119
190
34
138
197
38
10
79
73
180
23
137
18
37
196
3
48
87
13
55
170
95
170
138
159
17
30
173
78
59
169
19
193
23
80
162
84
162
135
120
36
166
45
4
90
176
117
101
182
167
141
131
96
106
87
72
58
4
77
107
2
0
25
185
180
138
138
192
188
129
3
185
96
120
46
97
171
67
30
12
142
68
66
39
122
90
173
1
129
146
18
68
122
61
20
94
58
102
148
87
152
22
188
134
137
78
40
108
26
104
180
29
148
19
8
30
82
121
105
135
78
126
121
135
33
103
134
78
193
109
168
36
4
181
4
115
187
173
30
187
83
76
187
194
52
142
76
125
52
116
70
40
70
76
63
86
60
170
51
134
44
67
148
90
69
25
0
165
115
136
156
72
192
195
55
184
139
20
73
112
101
191
106
23
165
177
159
118
134
42
191
24
158
36
187
190
63
47
108
182
195
195
95
191
48
121
83
124
3
127
131
67
128
126
143
168
112
129
197
11
3
67
117
50
85
181
178
76
117
108
92
92
168
131
90
94
13
10
60
185
65
195
23
161
170
148
194
15
81
38
118
0
49
1
66
111
116
90
100
55
116
130
123
90
23
180
193
191
163
66
166
43
81
172
72
199
167
55
159
105
101
190
156
130
41
64
26
131
54
69
21
157
103
166
70
20
66
72
16
142
47
117
101
198
0
127
170
32
194
178
58
24
81
165
38
196
114
60
81
66
161
101
105
127
171
116
137
94
78
86
108
145
181
150
29
118
80
184
130
9
184
144
126
154
135
182
117
115
6
0
194
145
80
107
44
172
116
192
80
84
152
31
32
66
144
11
185
40
38
66
90
150
28
182
112
122
53
85
31
155
89
74
74
186
127
197
131
134
44
110
71
2
2
1
137
189
149
158
70
134
151
1
72
154
130
121
124
124
109
159
151
15
8
60
165
75
34
119
153
34
2
114
89
21
74
0
161
136
151
45
192
142
109
129
176
146
8
187
110
20
77
79
81
36
102
67
79
151
77
28
147
75
16
191
115
112
82
182
70
60
147
106
187
123
173
47
124
90
167
185
17
62
127
57
81
110
192
92
100
90
180
184
156
70
194
155
1
143
120
50
67
32
44
162
114
121
196
191
162
93
142
103
83
23
185
154
116
97
50
49
119
88
3
95
192
87
189
168
71
30
15
61
149
70
103
129
107
84
148
28
141
136
110
17
126
66
173
5
125
128
135
47
165
101
86
158
187
153
133
4
32
41
114
77
46
19
63
155
56
121
35
58
9
79
110
83
143
170
97
199
192
135
59
66
98
190
49
25
153
153
181
73
105
84
151
190
164
91
153
108
149
146
35
158
43
165
143
145
105
93
144
115
18
180
76
29
50
165
192
171
7
155
98
100
46
76
41
186
107
145
160
32
144
13
106
35
134
87
128
102
50
134
150
86
190
9
179
46
32
24
191
64
64
194
111
73
163
180
19
32
45
66
89
19
91
149
155
37
166
193
187
120
188
138
46
3
120
2
150
16
34
10
106
5
57
3
8
76
52
55
155
89
80
145
119
88
4
158
9
169
136
118
28
25
180
115
62
46
21
109
9
86
10
15
77
77
116
162
3
1
4
123
4
187
31
68
31
189
4
140
122
2
31
107
80
15
102
71
161
156
87
12
191
14
20
123
140
68
159
170
89
12
8
164
82
138
38
28
29
4
146
27
81
93
199
196
147
36
125
24
139
96
149
92
109
162
46
179
131
119
182
40
113
49
132
156
41
49
186
128
156
74
41
80
73
173
60
60
32
77
78
140
56
190
192
120
78
167
186
89
87
65
115
199
92
163
156
96
108
92
174
186
72
92
116
149
88
55
131
48
179
6
77
118
163
147
173
85
119
42
30
139
122
111
44
21
49
104
171
109
25
8
38
31
199
140
192
8
57
133
23
140
177
91
142
187
130
131
9
118
27
141
84
156
25
76
132
164
34
90
151
126
3
120
95
18
170
167
57
100
128
14
60
147
190
168
69
29
72
49
127
145
31
69
192
24
41
37
103
136
19
79
58
159
78
184
36
112
151
105
154
85
49
155
31
34
45
161
53
169
57
97
28
24
7
46
176
155
20
61
138
174
89
49
105
60
134
101
169
109
58
70
185
175
48
67
138
20
195
49
68
140
73
167
35
31
182
11
174
65
152
32
176
146
87
181
87
105
175
58
194
21
142
153
72
119
16
199
3
119
195
6
68
9
36
112
112
75
0
154
151
191
167
115
37
160
66
7
58
74
13
140
108
187
48
160
20
55
111
109
158
109
50
67
89
148
199
72
175
48
66
110
183
71
78
121
78
107
142
51
92
100
149
118
82
107
59
62
113
85
56
112
141
162
19
107
1
137
84
10
69
114
112
42
138
127
146
94
93
56
166
53
42
10
89
5
136
67
76
70
98
4
143
37
38
99
51
99
38
140
192
170
76
188
189
100
179
146
45
23
96
82
174
65
167
8
134
132
2
53
46
173
37
96
40
103
68
172
133
184
117
154
191
68
155
3
133
38
103
108
157
152
75
151
179
42
121
122
16
111
85
134
54
72
20
109
184
35
68
121
102
148
74
157
45
30
3
51
53
141
106
186
189
171
0
128
73
102
10
4
195
155
44
177
168
153
108
24
17
180
177
29
121
12
121
67
199
97
10
127
137
37
80
174
0
127
53
4
179
79
191
98
76
83
100
123
70
197
32
3
0
198
63
189
139
132
134
31
103
187
123
156
100
18
53
86
4
133
93
189
126
59
124
161
157
35
191
104
167
136
30
100
137
134
146
68
0
175
116
21
186
183
90
197
75
168
44
196
124
67
117
72
189
36
85
91
115
72
59
115
85
134
120
134
160
55
31
183
27
75
80
121
124
194
163
95
113
83
58
142
3
12
88
104
93
7
189
70
138
198
195
185
156
67
35
173
185
198
112
178
24
123
70
160
50
71
179
118
179
143
67
175
79
189
58
42
153
112
146
109
151
183
100
94
98
35
43
197
25
102
108
16
148
83
137
140
166
98
13
22
84
40
107
52
131
89
183
74
38
180
141
108
124
10
64
45
8
17
147
18
74
123
108
62
43
118
159
75
94
72
134
18
41
97
173
103
11
125
3
140
23
76
21
71
23
120
165
123
116
67
161
153
1
114
102
184
136
145
26
48
124
12
152
63
190
160
190
181
147
52
27
99
113
87
109
179
122
111
167
179
162
139
39
84
107
54
69
58
72
193
199
47
166
19
137
144
45
7
162
131
126
58
130
187
56
160
0
26
75
139
104
75
157
6
146
121
50
44
45
15
38
48
9
116
30
88
21
146
85
139
149
36
106
164
13
170
23
3
19
106
196
94
126
173
146
177
173
27
140
127
131
171
127
67
62
179
74
56
14
65
24
161
139
4
50
46
119
34
82
107
82
78
195
167
196
77
132
22
86
166
123
59
73
188
158
142
24
145
124
86
82
40
58
99
143
167
34
162
156
176
190
142
73
50
66
55
167
24
160
130
191
14
173
125
78
188
16
117
140
153
58
14
4
44
0
198
166
65
142
126
40
87
175
102
43
82
7
132
74
26
73
121
117
31
92
24
195
7
112
36
182
190
79
181
160
97
198
46
172
55
74
6
31
124
32
16
62
179
61
154
185
143
12
103
68
54
38
97
62
115
155
142
138
30
22
182
3
66
79
111
69
3
154
20
46
27
181
105
132
103
95
11
72
50
196
128
95
94
5
155
42
58
196
33
179
124
37
173
88
116
168
20
132
147
130
143
168
175
12
3
17
52
179
142
99
192
38
31
36
115
15
186
107
112
136
88
54
45
79
95
115
179
172
155
6
138
135
168
170
101
190
35
51
77
116
76
127
100
158
106
173
17
46
131
125
139
154
6
39
27
176
0
8
74
104
79
96
164
99
45
54
80
81
109
116
174
38
195
71
108
14
11
159
180
144
138
181
133
55
88
146
188
67
42
68
54
151
75
11
93
163
90
42
70
169
92
185
187
197
119
0
97
85
192
126
88
24
113
158
50
179
59
123
18
62
27
2
155
110
44
46
10
187
194
74
49
17
174
190
104
44
115
68
130
133
107
181
50
114
86
61
16
121
177
5
3
116
127
87
156
0
39
27
53
119
65
24
133
110
166
167
122
177
179
1
185
155
113
161
100
193
149
180
8
150
15
13
138
33
193
13
54
186
94
95
60
116
132
74
56
179
63
64
27
175
188
59
139
114
190
78
156
155
41
73
89
149
49
175
156
33
45
90
61
199
190
126
114
4
110
43
179
101
23
108
65
178
185
92
3
158
191
184
197
123
54
160
93
114
75
151
187
40
160
105
36
148
123
180
91
60
35
175
189
176
32
88
191
78
62
2
6
92
37
179
99
197
161
99
161
42
193
160
12
98
77
135
16
196
113
77
11
25
176
99
160
39
103
152
65
71
160
24
176
104
167
10
98
149
189
88
1
105
62
127
188
147
49
158
117
68
92
4
143
133
41
26
33
102
56
103
59
161
34
66
117
5
40
50
47
191
150
130
136
26
128
80
78
127
135
132
134
120
151
174
105
142
168
80
108
26
127
187
74
24
49
125
0
144
108
55
12
55
177
117
115
34
9
111
14
98
59
101
136
91
88
23
31
150
132
122
124
119
168
150
16
184
96
4
37
60
118
77
23
89
114
102
77
84
119
32
88
40
82
179
167
25
153
43
123
35
54
90
126
160
63
13
131
142
132
67
114
70
196
48
83
113
99
24
76
189
36
70
104
53
23
180
174
31
144
45
123
183
196
198
181
73
56
100
198
116
144
183
113
41
120
35
100
195
179
23
105
176
77
182
195
101
159
43
34
81
111
146
123
24
161
194
190
55
15
182
173
135
80
10
159
154
47
123
134
83
139
63
35
58
103
52
27
13
13
173
102
122
107
150
85
8
50
24
181
102
31
96
116
51
113
34
71
53
54
196
109
117
25
85
36
111
12
4
70
159
21
68
15
87
137
101
14
53
66
14
62
105
158
198
144
92
158
67
118
21
191
10
86
77
144
76
193
146
161
49
127
136
156
78
161
43
3
18
179
178
102
55
52
133
158
12
171
95
147
71
176
6
55
64
52
87
133
16
45
119
145
144
10
5
46
135
160
91
22
67
191
90
161
152
116
37
61
118
35
22
37
4
16
69
10
163
26
87
115
150
37
75
194
149
51
0
77
105
199
178
69
114
181
139
199
172
185
150
181
15
155
6
168
158
19
134
51
71
190
106
135
113
37
58
95
132
183
54
39
90
147
85
86
196
84
192
21
167
128
139
91
85
71
92
182
87
69
156
144
16
155
122
172
109
1
31
187
73
80
124
40
85
15
183
140
196
13
149
142
45
53
25
91
194
75
98
70
93
105
147
60
130
30
116
134
127
140
118
20
71
140
76
171
134
80
133
26
80
61
21
39
11
171
43
57
10
67
158
89
19
164
8
2
40
177
61
26
57
163
124
132
3
70
68
100
90
130
18
126
178
25
198
35
99
87
166
25
3
195
114
101
117
145
87
168
151
146
87
99
161
41
45
9
177
98
134
8
28
65
155
170
135
59
35
78
140
189
182
150
71
144
124
94
136
190
179
144
171
68
167
30
179
59
28
189
93
68
184
90
72
56
27
196
107
9
112
173
111
33
117
6
67
181
6
102
15
141
97
55
128
171
162
38
41
109
22
21
43
176
52
22
155
123
31
62
177
166
137
179
74
166
138
4
67
62
134
36
142
130
68
74
41
51
66
7
17
186
110
109
174
75
128
137
96
80
59
149
7
110
98
133
192
144
175
19
51
55
182
49
193
91
153
155
75
64
149
70
30
151
161
97
147
96
190
102
91
65
98
141
23
14
31
182
181
157
81
112
6
108
132
147
173
129
123
31
138
182
29
143
196
40
138
165
38
186
140
122
120
171
65
170
78
48
68
26
61
15
75
24
82
33
3
22
173
195
7
49
138
18
176
196
128
24
126
108
50
143
21
32
156
57
187
48
48
90
101
158
165
162
49
61
73
155
158
37
149
107
80
167
111
102
32
75
173
148
192
60
173
130
188
77
34
88
44
19
112
22
158
166
56
4
32
108
143
4
59
68
74
6
147
156
164
96
35
168
63
0
189
160
33
104
175
124
158
28
49
134
155
10
147
164
19
63
100
177
90
130
37
143
78
96
36
172
46
99
164
174
91
191
97
75
11
131
113
161
28
152
126
119
69
153
88
142
32
183
96
128
36
24
104
155
192
36
14
42
25
179
54
193
108
54
167
10
47
49
14
33
9
17
54
88
66
160
178
152
189
170
113
85
123
90
56
164
169
87
109
59
1
181
159
102
46
145
3
58
48
180
2
151
112
139
78
119
78
105
3
117
38
90
66
179
184
37
40
157
159
44
86
148
17
67
194
40
5
123
26
45
100
82
136
64
109
193
105
118
156
74
24
185
61
195
32
72
154
115
22
130
117
88
45
175
111
67
131
107
174
81
0
192
69
110
118
175
37
120
68
2
73
109
141
177
48
106
30
15
124
186
29
64
143
119
173
113
165
0
21
4
108
94
32
31
24
156
71
144
19
92
59
111
25
64
119
176
42
67
81
131
121
117
73
194
193
196
58
62
96
38
22
30
43
0
175
158
32
153
31
24
59
88
144
81
168
158
120
50
71
130
197
145
142
16
62
20
136
85
169
186
91
33
137
142
24
153
72
1
179
55
122
74
81
49
106
132
114
131
173
84
20
34
84
142
159
103
96
91
151
131
94
81
188
45
178
55
5
181
39
91
171
140
132
130
82
114
187
28
186
12
171
33
92
128
109
132
127
6
139
98
19
117
132
71
45
46
85
166
32
97
194
90
5
179
129
125
121
161
79
164
85
107
132
182
131
144
58
192
116
105
27
6
142
181
112
111
115
89
14
150
77
57
122
48
117
176
189
191
138
104
91
138
47
54
54
86
110
141
159
54
192
141
12
2
134
168
5
7
98
185
137
51
62
97
46
3
198
191
189
99
34
155
107
33
75
144
131
166
127
180
153
42
24
29
139
107
102
57
16
97
53
106
58
90
57
140
119
101
110
116
131
173
164
23
106
196
167
29
113
129
12
0
172
31
96
84
194
28
27
157
116
99
97
136
141
54
25
151
188
19
39
92
84
162
164
120
180
16
101
73
122
99
185
70
27
3
35
1
158
25
136
128
158
167
90
15
6
67
179
109
63
81
6
73
140
165
150
138
47
58
130
184
164
17
80
114
91
121
47
5
123
191
193
77
34
66
36
11
129
142
170
115
116
76
134
89
143
178
63
144
4
196
82
86
58
110
39
192
151
92
22
189
149
25
122
89
155
56
147
41
74
155
122
173
192
45
157
111
98
198
106
167
97
195
112
112
87
15
41
11
44
58
44
38
153
59
80
56
37
149
186
35
29
196
87
127
86
11
181
143
135
172
107
122
178
195
122
17
193
143
19
48
69
29
31
34
185
18
94
165
157
5
167
127
95
24
166
132
147
89
195
181
107
185
15
175
106
96
122
181
75
34
0
194
199
34
58
191
34
2
176
29
151
84
36
56
162
56
145
113
75
115
35
110
51
32
17
79
118
101
109
80
40
93
108
62
77
165
168
88
161
38
50
20
198
6
13
130
83
90
135
1
73
92
145
140
169
13
133
25
161
144
102
198
158
43
163
168
156
50
190
65
128
154
185
93
86
134
104
114
174
50
129
145
26
106
192
61
187
141
47
199
72
84
123
91
104
185
98
75
151
61
168
174
149
34
112
125
28
170
183
170
8
10
141
13
33
63
69
108
171
99
20
94
7
140
198
164
178
34
43
164
35
90
89
196
178
187
35
144
148
92
47
72
51
169
174
64
74
144
76
61
87
20
151
161
161
190
156
36
0
18
141
159
155
133
6
53
29
89
127
49
1
154
132
86
93
0
184
167
131
146
65
164
145
115
164
85
98
100
185
118
30
94
65
87
180
82
188
199
32
102
79
53
104
134
2
10
192
13
0
118
133
95
63
53
7
125
128
54
71
75
48
48
120
81
157
42
146
12
4
197
121
17
127
47
124
5
60
127
97
4
128
40
110
100
84
181
75
21
189
71
148
55
103
158
26
104
196
177
184
49
21
179
146
67
75
37
122
35
24
34
181
56
71
154
186
61
186
118
83
119
161
141
20
148
184
66
32
70
170
51
98
163
2
141
137
10
16
121
117
12
16
21
14
181
126
80
53
38
197
94
33
160
48
4
91
182
120
161
102
39
67
170
5
55
118
112
33
42
25
55
106
124
89
85
194
103
43
133
1
114
123
80
171
139
52
144
22
105
98
88
8
32
100
58
53
17
94
30
149
174
114
92
100
167
198
87
4
116
121
182
189
111
54
64
68
12
155
4
121
25
36
138
98
36
32
89
29
173
30
21
83
42
16
52
112
105
116
38
151
29
108
103
195
23
44
187
88
192
177
172
183
9
104
43
64
0
164
145
146
15
177
192
102
130
110
91
66
197
96
198
121
176
96
3
79
184
159
11
106
27
160
158
125
87
67
23
62
119
122
134
55
155
141
131
2
27
88
132
61
137
156
131
189
72
10
31
70
188
11
150
120
111
46
52
134
101
169
130
96
14
184
133
89
21
116
66
67
145
122
140
101
55
108
145
142
34
149
119
156
49
102
62
117
195
110
90
191
1
86
48
91
95
122
42
131
177
131
81
92
111
57
86
175
92
166
125
186
41
22
54
12
57
10
193
157
160
36
126
59
149
69
158
9
185
186
17
130
35
5
93
171
97
96
175
71
21
108
42
44
161
175
169
122
169
132
162
44
148
29
18
71
126
171
71
103
157
94
53
73
86
112
192
171
4
195
123
120
148
83
27
176
31
30
188
195
77
72
77
158
66
28
138
54
184
44
110
73
90
169
67
101
79
166
24
136
179
127
62
30
166
151
110
65
127
103
178
19
169
90
31
47
23
125
116
13
199
28
57
20
145
191
199
9
67
12
8
134
154
190
131
111
31
84
118
181
11
84
152
109
88
77
58
163
62
52
81
15
127
14
172
66
56
69
44
10
196
190
132
25
150
127
78
124
187
141
152
71
9
107
129
102
48
15
20
46
172
190
184
105
116
56
49
57
82
6
39
44
167
88
192
181
122
99
93
35
173
15
102
155
165
15
3
185
164
2
48
148
36
166
51
143
106
28
149
131
132
182
123
106
48
197
1
6
3
40
162
128
35
182
118
117
122
28
16
27
159
106
130
1
106
72
39
172
92
55
13
78
161
146
174
64
91
34
193
24
140
72
154
134
192
94
2
105
196
55
132
47
103
149
198
145
91
169
112
44
40
140
84
20
110
124
137
147
52
115
158
79
194
74
120
74
183
66
0
155
8
3
28
114
38
101
96
128
186
60
65
44
32
9
86
163
150
18
115
175
39
164
59
32
16
191
25
48
165
56
187
31
105
132
28
15
113
23
125
178
84
149
79
160
146
40
151
181
101
40
22
151
40
8
36
61
138
37
1
154
183
90
32
121
76
158
48
195
52
63
135
196
180
176
21
43
56
70
51
184
8
128
63
0
82
157
85
147
5
23
75
63
135
77
57
149
164
110
147
89
27
33
180
160
103
130
113
146
103
55
135
190
42
48
81
29
27
29
187
86
60
49
76
193
138
28
147
159
133
167
42
110
66
176
199
123
39
190
116
16
51
174
53
5
111
35
10
122
189
157
152
131
59
120
104
52
60
5
179
52
108
14
152
118
157
138
148
1
179
144
173
26
64
1
163
48
100
158
115
157
53
80
162
20
119
159
138
5
57
26
108
142
140
21
138
132
160
25
47
7
172
85
54
35
66
82
4
130
53
132
35
111
8
140
91
94
116
106
159
184
93
152
42
138
154
146
156
148
87
130
189
183
40
95
188
0
109
166
156
41
53
1
156
47
64
35
57
38
133
118
107
8
148
91
193
164
169
56
1
27
13
0
32
183
3
141
122
132
92
88
71
72
88
121
35
159
170
146
64
158
158
101
89
81
65
102
37
121
157
76
134
93
48
57
6
89
56
112
182
164
85
174
186
19
10
65
171
131
34
21
18
148
171
133
54
96
186
7
147
139
35
152
127
117
66
7
42
34
171
134
105
155
138
130
159
38
48
19
153
56
156
119
188
74
145
82
190
129
129
24
181
71
6
42
152
144
40
23
24
159
105
146
74
198
169
161
92
173
78
158
25
121
67
174
99
14
20
110
188
127
91
14
193
18
27
86
140
57
111
100
60
82
157
88
171
25
172
71
20
11
31
163
70
163
173
164
194
2
198
31
13
183
117
108
58
198
5
22
135
53
89
92
178
89
147
28
33
15
0
199
131
46
103
64
157
106
156
46
53
92
30
184
44
84
17
192
108
161
168
56
15
79
131
9
87
103
8
3
191
36
81
87
165
161
83
32
66
121
38
7
128
110
93
174
55
163
68
12
83
125
33
39
190
140
33
112
165
111
24
8
138
165
155
57
150
32
54
31
120
84
149
77
71
134
169
187
152
119
10
157
108
32
67
160
56
183
30
61
18
15
93
88
150
70
138
18
147
15
4
185
140
136
39
186
38
71
30
5
43
141
111
55
17
196
123
69
147
85
48
148
57
170
45
37
70
18
10
93
126
58
58
3
26
153
182
27
138
44
103
152
45
0
63
30
8
47
60
132
41
17
34
160
46
59
12
197
7
21
135
88
93
134
19
56
141
18
87
180
149
43
152
190
186
149
157
197
148
115
130
32
38
168
183
14
78
128
173
115
197
189
196
37
59
61
92
181
170
0
174
136
93
15
45
5
110
32
159
105
169
190
122
118
168
93
141
58
163
4
52
148
67
3
23
129
68
196
0
116
109
86
151
21
165
140
84
128
188
4
63
118
187
187
39
105
185
133
94
104
195
171
126
19
182
189
26
24
28
47
195
83
145
121
142
125
169
45
46
147
169
173
147
144
86
85
102
173
29
36
111
100
184
120
142
188
122
183
123
78
88
18
58
142
139
92
142
109
30
32
129
75
80
32
53
58
23
34
106
102
90
5
45
41
168
177
145
67
106
93
28
134
26
194
193
79
39
140
157
64
134
112
144
27
94
177
106
17
24
197
8
113
82
172
90
156
134
97
130
132
195
65
186
13
88
65
154
100
48
148
69
140
7
153
88
79
111
67
94
74
191
50
195
105
9
127
187
17
118
60
69
60
137
98
105
159
125
76
179
176
179
153
92
27
36
23
36
180
31
98
54
174
63
165
95
90
52
111
164
68
133
86
151
199
103
154
37
192
181
119
56
103
156
62
100
154
153
62
72
133
145
156
11
60
108
9
145
73
159
146
128
192
197
107
75
95
90
69
82
171
196
111
20
126
102
168
154
117
130
186
113
142
82
2
172
110
114
180
52
168
30
12
61
138
12
15
150
130
38
112
108
110
46
46
123
160
30
11
91
32
179
79
147
27
125
186
28
178
110
129
124
93
116
48
182
142
85
190
179
11
166
86
151
155
96
90
106
137
23
122
105
142
8
57
40
57
47
32
63
114
42
12
102
124
134
27
190
152
36
84
110
102
47
148
198
55
100
125
196
150
198
89
17
12
54
180
78
187
164
55
48
146
116
9
134
71
7
40
67
44
133
189
52
32
180
150
87
5
112
149
77
9
183
5
167
86
40
36
177
21
87
116
29
152
111
92
62
44
149
52
111
149
28
62
96
19
35
199
140
43
79
28
2
160
62
50
134
176
81
6
100
43
69
123
136
6
143
25
172
158
169
122
175
136
86
81
199
198
141
156
163
91
21
96
159
167
190
147
164
190
71
76
179
58
98
198
6
97
72
164
28
106
162
95
191
169
21
67
124
98
121
144
134
106
23
155
167
136
28
52
140
187
38
67
27
45
1
116
20
125
87
185
177
155
178
103
51
140
7
128
195
69
41
183
106
164
15
139
62
73
187
67
169
148
152
63
151
41
87
71
188
142
38
157
47
149
70
149
167
140
15
173
17
82
122
159
43
52
83
163
144
29
8
1
192
45
11
197
4
64
192
99
187
143
67
154
59
20
129
85
39
190
113
44
41
93
64
89
125
159
85
38
138
81
183
132
110
129
9
103
156
144
175
181
109
141
153
5
88
77
41
84
111
6
97
122
56
114
134
108
140
58
83
178
16
136
76
80
61
198
128
74
94
68
17
161
173
156
132
130
171
106
135
158
179
128
132
60
25
78
57
169
92
182
64
66
4
30
82
137
178
190
91
19
116
137
106
186
57
112
176
134
183
106
98
102
174
96
172
12
56
164
180
71
88
130
8
114
133
15
182
129
169
182
166
92
194
10
189
196
84
125
33
99
112
38
188
160
30
169
159
15
2
129
100
127
102
65
40
181
28
120
91
31
134
114
125
19
76
123
111
140
81
190
91
70
27
148
10
97
133
160
16
122
195
31
181
168
64
14
186
97
39
99
94
181
13
53
189
178
15
24
60
78
46
144
51
180
171
15
183
149
144
105
147
151
181
12
162
68
76
94
180
169
74
175
131
135
130
157
32
111
87
133
151
21
77
159
164
151
189
19
192
135
44
32
124
28
118
44
64
47
52
21
137
113
199
149
29
18
136
100
52
12
111
191
181
14
19
175
42
108
172
29
153
36
171
105
127
171
130
57
51
190
189
94
109
77
165
59
113
81
29
15
52
103
107
161
106
44
21
187
17
152
92
63
29
95
74
79
185
66
180
41
119
197
107
22
156
9
37
172
75
1
163
49
12
186
175
112
41
140
109
128
141
109
66
32
113
29
93
143
132
60
40
87
31
47
162
170
162
41
5
100
126
158
176
136
48
43
136
87
191
57
72
130
18
177
145
81
49
17
87
85
166
156
139
143
79
152
110
100
172
161
97
15
199
139
14
62
149
53
114
186
95
56
161
141
85
198
174
32
128
96
110
76
42
120
152
14
101
117
155
72
44
149
12
186
42
29
26
120
101
91
64
109
118
92
198
85
33
2
100
72
19
125
133
42
12
99
115
63
51
34
165
60
104
105
194
56
42
79
56
58
198
139
6
68
128
186
154
69
97
40
96
85
30
181
7
193
73
121
193
182
198
42
32
10
99
33
120
110
172
45
92
151
179
32
160
116
41
174
41
122
131
3
12
43
44
196
122
46
91
69
110
96
73
130
31
15
105
130
113
14
196
125
34
29
56
190
156
184
108
99
6
40
19
9
167
119
50
141
56
13
104
157
36
87
89
29
136
143
190
62
129
198
149
0
102
22
121
176
67
45
142
197
62
19
171
173
162
180
36
52
182
113
26
196
194
57
162
160
29
69
31
74
37
26
180
93
12
159
90
100
75
189
170
193
102
135
128
34
67
47
29
142
9
64
47
166
9
106
151
46
75
175
14
106
192
180
165
109
63
196
128
197
151
62
197
19
0
111
31
62
102
26
98
167
163
4
178
127
95
4
109
84
70
79
169
107
55
122
195
103
69
192
109
183
108
20
11
182
121
144
155
44
30
163
14
66
177
66
95
19
72
77
95
61
27
162
187
159
189
183
19
141
8
152
15
158
21
57
96
55
181
102
160
32
47
126
159
75
166
13
83
126
166
136
195
182
76
108
32
195
175
87
16
163
70
136
153
126
94
187
183
113
88
92
58
62
134
141
191
136
0
19
8
12
8
66
163
171
197
184
84
28
128
79
32
166
25
28
31
19
116
149
69
144
142
96
93
18
198
134
178
2
170
78
116
25
199
157
59
150
76
60
155
156
4
58
133
73
86
112
37
129
67
179
61
122
35
116
30
87
92
100
13
192
96
163
146
129
129
15
177
94
140
82
122
72
152
116
27
25
129
79
88
92
181
50
196
176
34
69
23
155
58
35
116
59
93
78
14
144
114
188
142
101
65
118
164
53
95
50
7
106
86
118
170
48
192
5
78
33
65
103
38
129
159
168
107
146
111
154
124
66
132
30
17
39
158
150
196
77
69
126
109
151
73
153
105
33
48
48
6
174
114
85
142
21
77
22
165
134
88
21
0
59
46
51
132
130
121
156
8
70
191
46
41
76
190
164
168
4
40
160
105
190
43
156
59
195
104
89
23
182
37
89
31
7
137
70
196
23
188
46
3
19
81
86
174
199
128
83
59
3
172
55
51
107
166
1
41
32
100
93
180
116
34
179
43
50
163
76
173
92
84
190
194
31
53
136
65
81
77
57
150
43
145
140
55
169
40
53
100
54
38
7
113
188
43
102
146
81
168
191
154
53
21
64
199
0
33
58
21
104
39
171
61
144
98
0
138
189
173
191
17
162
130
58
146
19
100
40
199
110
186
141
0
101
155
58
144
8
25
135
23
72
68
117
181
127
156
40
8
146
193
34
98
0
162
187
171
180
17
27
38
14
104
122
58
185
178
70
151
5
120
108
75
44
78
11
73
18
114
105
132
165
120
33
109
164
101
4
87
172
166
124
43
142
115
64
165
180
94
25
58
162
138
196
197
153
162
80
188
118
176
95
75
82
126
193
21
146
172
187
123
199
118
159
59
104
105
77
85
171
147
143
68
3
68
91
176
50
61
153
60
112
43
116
57
196
183
110
174
119
173
83
194
24
63
151
0
57
182
164
94
169
149
68
2
67
153
5
0
124
137
34
29
50
86
94
97
111
134
83
45
109
28
1
89
28
148
146
168
54
29
113
187
139
23
91
118
128
158
183
83
11
179
103
97
185
133
40
120
9
97
125
196
121
131
151
76
54
120
42
190
105
106
177
41
68
175
2
78
85
86
19
35
121
166
115
29
26
149
198
146
107
186
33
25
176
33
99
110
50
120
28
46
72
74
119
43
33
87
115
4
62
181
192
133
61
0
148
174
15
10
53
146
59
47
72
142
12
87
33
100
101
64
108
84
29
16
199
174
70
140
98
54
63
80
87
124
121
140
156
183
118
119
96
85
141
18
185
49
115
187
155
178
147
69
93
44
30
32
30
14
46
67
149
191
132
146
166
125
97
77
40
140
18
144
171
175
12
88
71
45
39
25
23
123
55
169
124
75
78
183
167
150
13
22
38
107
89
104
56
20
154
9
147
161
54
121
122
107
77
77
77
191
117
35
112
92
30
88
158
187
128
105
14
107
192
34
155
6
170
157
129
148
48
162
3
186
152
87
122
166
123
69
120
137
58
120
43
9
60
8
196
66
194
168
183
73
59
131
5
117
51
150
21
178
46
133
34
91
171
78
150
59
155
84
12
177
185
89
66
6
163
108
181
27
190
122
151
59
129
92
179
99
144
133
73
138
16
39
29
57
90
9
50
24
49
78
164
97
173
100
115
173
74
32
11
10
42
27
121
150
55
187
56
147
125
49
168
183
4
50
192
38
187
124
139
110
7
95
62
15
148
109
81
13
123
71
132
180
57
198
41
182
88
59
79
11
86
75
103
46
75
123
119
8
33
108
155
84
196
90
156
166
160
159
25
144
2
63
74
67
175
31
123
70
136
71
189
54
63
105
80
99
67
94
133
98
136
44
193
156
18
157
163
154
23
150
38
75
36
170
177
109
40
115
68
163
173
165
102
17
44
15
57
1
32
118
143
0
3
168
126
99
13
138
54
128
44
79
196
122
181
117
183
132
135
61
183
41
32
127
197
150
50
184
62
77
189
89
137
127
0
173
88
4
114
174
99
18
107
117
119
176
128
60
62
134
98
50
72
139
24
114
32
67
43
40
193
163
199
186
23
129
90
6
114
109
117
86
124
86
127
164
68
154
137
156
51
62
44
37
164
182
22
27
17
34
68
164
24
70
106
4
108
140
85
16
8
7
105
100
158
191
14
33
142
172
77
175
138
136
25
2
198
174
33
172
53
89
58
23
14
163
80
77
157
139
21
102
22
9
99
173
85
73
3
55
33
193
48
113
47
121
141
38
162
198
75
154
184
179
31
5
31
165
80
159
191
121
70
4
193
117
94
77
61
144
42
75
10
126
93
48
165
139
92
172
188
147
40
129
69
28
96
83
136
74
180
23
123
133
76
103
12
80
86
8
105
8
111
176
107
183
169
175
41
92
130
169
97
89
133
148
73
41
18
133
116
139
160
105
0
56
195
99
148
157
89
1
174
77
182
67
74
135
39
114
159
55
3
176
52
19
70
25
88
68
7
181
95
79
49
58
192
159
183
2
179
185
72
158
24
76
19
71
91
35
76
188
179
96
51
45
50
102
70
67
86
67
141
65
190
48
3
67
161
199
12
26
119
88
50
194
171
32
10
80
112
182
91
10
169
171
30
5
141
46
49
93
63
177
126
5
131
171
73
19
93
147
166
111
123
85
48
40
155
60
159
139
95
5
65
57
44
172
9
91
131
70
156
189
198
82
152
36
140
164
191
37
72
46
81
156
36
109
65
125
27
198
182
11
67
44
81
43
153
128
182
148
191
3
123
53
161
82
13
138
77
46
98
149
152
118
154
101
45
4
7
198
56
2
35
181
1
39
72
133
60
81
58
139
133
176
89
10
130
21
75
140
24
198
190
94
151
127
195
55
98
101
70
181
94
162
186
164
140
121
137
163
185
189
113
44
122
90
51
72
173
119
84
77
59
63
94
70
146
3
161
165
47
61
107
127
40
196
175
172
104
119
41
185
83
151
15
60
145
85
132
83
72
141
150
82
169
142
191
183
197
87
160
92
145
48
169
152
76
34
166
186
161
108
52
