2018	150	57	3
193
163
39
2
78
115
104
175
59
29
181
12
79
153
31
1
160
28
38
23
93
123
85
19
90
106
115
128
69
143
157
88
45
135
174
87
162
148
8
92
135
171
108
12
28
150
166
125
8
74
140
180
68
127
149
43
3
55
62
3
61
45
144
17
75
60
53
48
132
161
153
52
166
158
85
94
105
67
150
137
13
11
4
103
99
24
159
48
9
124
196
137
31
6
109
69
79
13
87
91
90
148
45
83
52
186
106
6
153
37
171
121
90
178
82
77
184
115
87
119
33
69
49
199
135
109
26
175
86
87
41
18
198
43
97
38
38
196
7
79
154
198
25
114
11
108
57
18
197
67
169
131
6
54
168
57
113
174
106
179
114
134
62
98
173
161
193
120
7
24
57
95
62
4
44
151
165
68
22
186
23
44
80
128
172
90
150
91
81
190
193
46
138
61
147
31
163
90
122
149
164
162
91
112
66
138
48
52
154
87
28
137
193
194
170
35
63
22
182
80
90
55
131
43
135
41
4
13
43
106
190
90
191
53
66
151
106
140
25
6
96
105
31
195
1
161
114
87
92
134
164
6
34
151
84
183
111
86
20
63
10
117
51
195
102
94
57
40
106
182
11
56
91
174
29
36
169
46
28
160
70
45
142
176
91
129
96
109
13
31
175
187
196
24
75
10
69
113
77
159
13
69
130
31
5
121
63
144
70
51
52
107
154
80
53
65
89
177
107
65
5
33
154
4
117
166
35
69
46
89
178
56
72
131
194
118
132
54
36
162
68
22
46
196
194
178
56
135
58
51
2
56
92
175
161
109
97
2
184
160
63
147
171
95
119
142
7
50
148
67
189
32
126
170
38
45
84
16
0
164
176
123
15
85
93
143
167
164
195
58
133
14
67
98
101
48
38
25
125
70
151
90
137
68
1
43
64
188
59
134
196
197
89
70
175
85
28
3
88
155
33
1
133
155
38
67
179
103
192
96
40
62
155
143
162
27
121
37
136
101
28
168
70
174
150
102
46
19
101
191
169
127
125
4
126
124
101
26
1
15
187
175
45
15
67
0
180
10
74
36
114
179
66
41
162
171
134
153
120
43
37
136
14
52
35
69
154
156
59
3
52
190
137
10
86
196
195
175
12
99
80
109
154
178
49
158
181
8
140
194
138
178
23
106
162
70
113
50
175
88
20
161
80
190
63
158
192
113
168
41
5
155
158
178
149
191
37
194
170
33
195
21
126
187
159
9
170
1
113
77
88
171
156
185
160
188
160
6
199
131
133
65
36
62
42
145
165
109
98
170
158
178
112
14
121
67
146
64
89
89
96
140
72
65
96
198
33
133
194
85
144
30
86
76
61
7
86
101
159
193
197
90
53
127
47
10
136
149
42
124
28
18
106
66
197
79
51
133
22
123
183
113
197
20
15
149
131
116
62
58
95
198
1
182
178
51
99
3
173
110
69
176
198
56
91
4
50
0
137
42
84
179
20
70
76
196
69
170
115
192
64
13
186
160
19
145
58
132
178
71
85
1
23
137
164
174
86
60
43
169
55
152
39
193
85
102
103
191
115
69
192
78
126
0
34
68
198
151
80
132
142
65
85
18
170
19
82
98
152
40
116
37
88
156
26
57
133
118
76
83
197
34
198
92
29
81
164
165
62
62
24
48
76
165
143
53
84
105
2
70
77
34
121
32
8
106
145
70
146
27
189
43
128
103
34
148
161
82
189
24
151
128
104
133
31
79
185
104
193
41
107
56
65
168
197
95
187
45
177
6
134
176
80
188
31
6
136
171
94
17
55
64
93
26
73
181
141
83
30
116
19
132
7
106
152
197
54
29
14
83
125
108
14
72
55
73
54
19
107
53
191
49
112
81
61
15
18
141
24
70
137
127
184
9
26
121
117
53
143
63
140
13
98
27
45
138
112
39
145
107
16
87
26
95
122
64
162
140
188
97
149
66
32
92
155
146
145
65
61
148
156
0
105
186
124
48
73
191
29
1
61
74
194
2
73
21
51
96
105
45
78
109
80
37
85
128
64
3
88
22
20
175
193
52
154
196
126
176
44
124
196
148
157
4
102
77
113
65
173
30
85
141
41
44
197
2
38
22
148
122
10
68
158
25
162
16
138
191
101
125
179
102
32
114
189
148
56
3
117
133
134
181
130
81
148
52
87
61
78
43
82
137
76
38
6
29
156
159
37
121
60
28
154
63
21
138
82
39
67
160
130
183
128
26
196
29
49
31
179
19
41
66
78
37
153
186
10
185
153
14
95
156
63
41
108
21
198
21
55
64
43
79
5
58
145
151
199
60
12
155
21
198
34
119
21
169
38
59
76
64
46
0
101
76
76
160
47
195
65
33
136
69
37
134
168
106
132
155
160
139
66
18
113
59
87
159
121
10
86
164
137
183
7
58
2
190
44
141
21
29
73
74
161
191
28
127
135
132
52
111
26
70
79
2
3
159
155
5
16
52
45
82
116
16
104
199
146
150
134
131
11
32
58
107
71
69
53
64
176
2
39
17
106
48
30
117
150
197
10
125
22
186
185
2
155
25
174
171
162
8
59
64
29
118
152
88
37
9
44
107
61
130
184
37
194
70
75
104
31
137
48
92
141
73
116
30
176
124
99
43
180
63
122
143
30
173
119
86
151
96
132
197
67
63
11
134
0
187
11
15
106
87
57
150
179
52
122
19
88
119
76
106
182
64
109
195
187
0
195
0
26
117
74
114
14
132
44
32
7
37
18
6
19
12
169
126
3
25
80
37
62
125
157
44
132
87
88
41
128
154
184
34
161
117
161
78
98
40
118
16
60
5
99
104
61
154
84
80
10
194
89
0
192
58
115
158
144
175
16
198
89
18
10
113
136
76
125
101
74
28
71
185
50
18
131
43
37
95
86
176
99
171
34
40
32
11
24
75
48
53
96
108
170
89
37
136
155
150
124
147
131
189
122
24
109
166
173
170
167
22
123
163
50
42
111
32
27
146
2
112
160
148
45
24
22
180
29
12
119
6
55
123
105
136
11
151
193
102
150
64
47
115
175
165
91
40
187
182
21
85
91
104
122
50
107
38
26
80
198
144
47
16
181
115
144
24
94
165
155
86
153
43
65
122
54
25
90
92
34
188
74
199
89
120
52
161
77
186
2
103
20
57
39
138
56
93
107
104
63
188
190
137
107
165
56
87
68
171
132
16
177
136
5
4
38
107
81
197
87
95
162
39
43
138
27
150
116
143
24
134
170
16
182
148
159
75
17
159
77
135
164
41
172
172
171
104
120
141
141
171
86
43
150
163
135
159
120
41
198
91
177
6
27
45
111
186
66
193
64
68
182
186
23
67
6
85
112
151
193
171
173
79
22
177
17
40
5
5
81
190
89
150
195
26
6
8
190
176
31
59
153
180
73
160
48
121
124
40
152
189
135
32
12
124
50
36
88
16
103
199
154
154
162
92
81
144
168
53
158
170
27
5
23
10
171
28
58
144
177
111
151
159
141
33
38
88
63
138
167
192
66
25
136
49
60
161
193
50
195
110
19
124
114
83
79
170
56
146
76
163
34
167
72
112
62
57
167
84
160
157
114
77
146
40
118
134
148
17
101
86
92
122
26
41
39
137
38
80
53
87
55
47
194
3
48
12
16
20
124
127
42
130
140
122
4
64
192
142
70
184
162
175
55
2
118
61
150
67
197
153
148
158
17
112
142
137
107
103
126
167
8
67
88
157
58
59
2
11
91
61
173
170
20
1
193
44
43
110
84
92
147
47
74
59
85
154
41
132
157
125
28
101
23
37
159
58
144
188
186
192
9
70
134
42
110
40
76
180
37
46
197
50
82
152
60
83
168
160
8
0
65
178
21
75
30
192
82
93
74
185
22
40
120
14
164
118
198
105
189
92
1
34
52
95
15
175
60
17
116
135
46
24
164
195
31
100
24
25
118
186
59
167
100
153
148
184
147
72
126
54
65
43
122
93
134
0
38
24
96
186
199
82
8
17
98
162
53
164
73
52
159
109
97
152
46
23
103
50
177
158
139
77
2
82
180
180
14
194
83
31
66
121
124
38
33
104
127
93
179
32
109
60
144
169
94
106
178
108
39
38
111
34
112
177
133
191
132
107
9
79
194
88
48
59
72
199
14
159
199
15
85
139
137
182
69
4
39
160
98
79
23
104
75
65
27
134
175
198
5
181
18
84
78
56
189
3
118
16
123
107
61
84
71
138
192
182
131
88
47
30
148
73
60
173
105
79
126
176
18
177
19
183
78
69
28
89
140
29
122
46
171
120
190
137
197
8
62
55
126
195
68
152
130
40
64
49
61
144
30
68
164
79
130
21
32
101
88
49
99
70
160
29
147
98
134
8
171
41
136
14
49
111
96
67
130
144
9
160
193
192
87
4
135
129
151
18
165
66
5
155
189
193
181
0
110
133
185
31
157
50
73
71
176
57
0
25
191
91
171
13
180
139
165
94
41
173
85
27
16
119
9
59
181
106
180
4
128
141
42
17
191
118
173
5
113
189
176
136
12
56
16
141
120
77
147
173
77
31
80
180
38
143
14
125
169
54
105
173
