2143	132	79	0
73
194
170
177
50
183
92
115
12
36
119
81
31
81
194
170
69
105
106
140
2
13
172
192
89
41
86
176
49
55
21
21
46
22
161
177
156
102
109
174
7
3
91
1
174
172
180
135
149
15
181
114
17
19
61
79
31
97
115
136
30
95
140
33
147
82
178
89
178
104
160
119
82
128
106
102
10
110
33
191
167
95
148
81
15
157
194
8
112
103
44
39
194
65
80
131
43
187
87
85
137
104
136
187
74
6
54
29
183
60
12
39
135
157
153
87
144
176
7
13
160
105
53
74
121
144
156
78
123
108
86
2
28
171
42
103
42
144
196
49
137
82
90
179
80
37
162
32
150
16
87
91
10
58
18
20
16
145
116
192
7
113
105
99
167
45
113
5
56
125
41
22
189
116
22
71
24
164
25
39
111
64
38
166
92
86
103
26
106
192
165
107
99
6
150
45
190
1
82
162
174
54
199
33
62
109
165
63
65
108
188
144
198
85
185
90
128
122
176
135
163
120
179
165
10
127
24
123
174
36
152
178
81
160
92
125
153
153
58
95
112
163
190
184
183
155
196
131
35
128
105
199
88
102
81
88
98
168
122
97
122
25
192
81
197
32
74
87
65
78
90
107
16
124
66
10
47
53
42
5
128
134
190
31
180
22
75
145
13
174
138
84
22
198
85
114
150
176
183
42
17
198
17
94
151
99
198
91
185
32
199
172
45
14
107
2
195
35
126
124
111
187
163
55
103
52
196
35
135
150
134
98
72
13
97
94
55
61
141
53
33
80
121
83
60
134
188
133
1
42
62
69
174
117
9
47
24
178
89
151
109
101
90
92
79
33
17
37
53
76
19
103
132
65
129
16
114
129
21
171
35
127
198
72
100
47
79
23
29
122
63
89
100
17
9
52
60
19
147
169
45
6
3
83
156
118
37
117
99
52
90
8
188
117
163
65
102
173
99
124
106
105
154
55
88
159
118
92
42
178
147
196
42
85
43
69
127
147
89
104
99
65
71
105
72
161
176
36
168
84
112
16
12
43
79
131
92
81
44
42
86
72
174
91
1
55
78
49
9
61
72
59
37
142
177
34
187
119
186
124
86
158
170
154
134
51
122
66
102
101
129
194
114
10
112
34
199
191
120
140
76
144
119
171
30
157
58
181
154
178
108
15
132
65
197
115
140
173
46
96
144
102
32
39
28
84
60
53
181
73
53
186
14
152
50
188
146
52
55
32
88
191
67
87
21
88
149
153
67
143
143
65
158
168
165
181
39
57
103
56
34
170
49
85
42
160
28
114
77
126
149
7
114
113
155
122
118
23
134
192
198
187
187
121
46
183
28
169
176
174
84
111
177
180
120
84
77
45
9
113
2
199
6
21
10
30
119
130
67
42
100
163
97
54
187
156
186
39
137
134
162
103
15
61
45
173
174
152
154
3
78
149
127
76
55
110
134
40
139
108
119
101
115
150
112
19
117
198
176
164
15
64
105
55
22
16
123
176
47
103
101
189
62
50
62
95
21
175
33
3
180
36
152
156
167
22
184
199
109
107
26
115
68
156
89
99
98
131
31
145
111
53
170
80
150
3
68
110
2
179
8
124
21
198
160
116
20
22
36
14
30
150
92
31
195
110
95
30
186
41
12
4
90
188
109
128
154
110
60
196
20
191
70
183
164
198
52
56
70
194
120
43
157
189
116
108
184
16
30
53
8
47
15
157
116
115
67
192
45
93
52
117
37
158
135
0
26
144
72
187
121
127
80
147
134
114
140
30
71
25
66
156
184
26
85
17
82
139
47
133
84
150
30
13
123
180
103
106
117
119
167
155
114
65
81
18
155
162
25
33
101
138
87
15
7
4
192
106
30
186
38
50
74
107
55
152
113
22
115
146
33
193
38
164
107
50
62
44
59
138
119
1
116
185
186
65
40
114
172
190
21
156
18
108
187
81
107
34
34
15
198
131
41
48
129
192
121
89
131
12
24
92
106
75
1
25
110
175
16
160
167
64
35
156
193
199
101
188
149
48
124
3
52
34
90
58
4
133
152
127
69
30
86
85
13
73
192
175
183
92
83
154
99
76
45
86
159
135
185
0
178
117
194
31
9
123
95
185
59
37
117
18
191
16
162
89
197
73
5
78
66
197
132
171
125
110
13
39
38
47
133
153
7
125
167
79
186
137
69
162
129
70
178
141
133
124
176
67
190
70
76
35
162
86
183
137
9
99
144
98
12
92
197
67
173
116
89
166
18
26
15
10
132
107
124
173
108
30
171
65
20
140
114
137
75
130
41
167
114
101
131
67
52
25
109
49
91
22
115
80
173
95
162
83
134
120
96
141
62
11
103
166
99
175
65
92
153
63
22
80
94
114
144
95
67
187
63
65
68
63
25
121
168
31
113
153
27
49
32
194
113
183
17
101
182
28
54
81
49
110
185
49
23
29
125
161
35
94
2
45
123
188
127
54
182
148
57
170
177
187
178
55
97
62
125
36
194
174
78
83
6
30
150
95
90
194
156
22
162
102
176
59
165
128
160
35
115
131
165
105
66
176
72
136
72
171
94
117
67
136
155
191
4
9
27
164
35
21
107
81
19
70
133
21
118
86
58
99
155
31
10
178
171
22
40
186
12
187
1
117
61
184
123
104
104
67
41
133
37
18
188
150
3
146
30
168
169
4
160
122
3
197
180
64
176
88
148
48
192
50
193
72
3
81
56
130
125
58
159
62
197
62
85
130
85
8
15
120
164
53
110
92
78
41
150
193
189
90
42
159
1
115
115
51
171
71
40
10
191
184
62
91
191
163
112
153
77
74
35
57
97
110
48
6
88
70
116
159
13
160
141
146
17
147
194
111
31
47
165
20
98
18
141
40
143
31
83
85
143
61
118
175
133
41
146
12
70
137
68
191
150
47
32
77
102
86
179
11
19
67
85
146
107
171
54
81
121
181
153
181
160
20
181
78
67
44
96
153
27
6
31
134
98
105
25
5
12
31
65
82
5
17
194
154
5
80
165
137
128
41
181
162
187
76
4
82
145
194
166
89
179
40
155
158
165
68
123
5
109
155
89
64
111
148
98
120
140
29
39
150
138
112
77
98
100
185
134
47
89
63
89
17
82
148
116
36
61
195
185
170
119
93
31
112
118
8
135
7
181
61
47
50
136
52
84
192
199
38
64
48
40
103
11
140
37
118
109
100
180
58
169
47
69
2
190
64
30
177
119
99
43
149
162
83
161
139
118
89
1
152
125
107
138
158
41
54
87
145
67
81
160
125
110
121
76
150
194
106
99
75
85
1
186
176
148
3
192
39
63
40
165
91
170
50
75
88
55
12
140
50
105
145
50
48
20
51
118
69
112
132
89
171
117
68
46
116
184
199
40
126
131
122
135
90
114
114
150
106
97
41
32
44
156
79
145
120
191
1
49
146
124
136
195
20
122
160
180
67
90
83
134
27
53
18
116
194
2
95
176
103
84
186
176
189
23
46
72
79
11
15
8
34
113
139
182
105
90
146
167
161
39
131
126
90
35
20
135
151
61
101
93
82
162
162
143
39
71
196
2
35
132
59
168
80
155
17
198
16
80
149
171
44
67
187
60
32
136
29
68
132
160
112
97
145
64
134
178
46
191
131
164
87
198
22
116
33
136
150
102
4
24
70
84
197
161
135
131
79
64
64
104
198
63
124
119
80
179
153
195
87
108
120
90
71
29
14
40
33
9
134
116
98
190
40
23
35
118
186
168
125
47
146
133
41
172
181
157
1
45
159
176
94
194
143
135
199
125
14
144
59
132
141
82
36
158
96
23
40
109
98
127
5
169
78
169
24
150
199
69
41
84
165
124
183
140
12
113
60
154
59
9
20
109
174
157
16
20
41
177
161
123
49
180
147
83
144
192
96
191
157
172
157
154
134
180
109
86
75
42
144
176
144
150
0
87
7
169
112
124
87
71
66
19
93
115
147
39
109
68
60
147
29
101
112
69
190
3
93
189
168
39
49
155
2
147
99
127
146
81
138
10
23
71
6
154
176
15
49
138
144
67
9
8
73
166
38
71
146
53
2
125
119
68
178
183
147
85
24
121
61
147
161
34
156
60
170
115
135
13
122
96
46
80
11
199
15
17
91
198
190
190
66
161
116
84
63
120
106
30
83
31
26
161
89
128
138
3
65
35
47
73
80
93
178
184
38
182
81
75
195
156
180
123
198
118
82
21
124
139
153
188
130
88
22
0
63
48
30
183
184
69
18
95
153
181
112
133
101
145
4
64
115
47
91
79
141
199
151
161
69
58
140
163
39
198
101
11
173
174
172
68
195
78
29
42
0
117
45
69
69
91
92
187
5
42
180
174
129
17
109
84
63
178
127
101
118
157
123
40
185
182
103
38
22
50
107
104
65
119
12
171
121
33
133
137
183
56
157
108
71
87
42
36
53
24
151
80
173
138
148
65
190
20
11
41
188
68
10
163
96
32
66
124
95
174
131
126
188
135
2
38
194
102
80
36
50
30
168
39
166
81
140
3
96
5
140
170
65
8
141
167
34
37
10
171
56
63
98
14
56
130
101
151
15
185
12
167
20
121
148
87
141
141
47
90
27
35
103
108
35
107
71
98
25
96
9
52
19
55
53
5
87
189
109
163
26
93
50
122
39
62
25
27
168
2
24
9
131
67
0
148
36
137
198
182
3
55
137
195
106
171
66
174
70
75
19
199
191
61
158
17
93
31
187
95
73
14
141
182
61
50
137
197
89
101
148
25
195
36
161
117
170
14
140
191
159
178
197
22
177
14
76
55
59
58
165
55
132
106
88
171
123
178
161
123
109
148
31
61
101
173
50
181
190
13
78
154
104
125
47
172
132
35
