4553	101	70	0
183
172
144
107
62
152
147
52
54
72
135
21
104
13
164
71
71
34
191
7
134
25
45
157
143
132
60
85
91
46
161
16
173
47
100
5
32
37
40
73
73
166
167
152
64
151
107
14
128
103
78
103
150
125
11
7
166
50
133
176
8
125
29
142
106
42
41
168
119
5
144
141
93
89
146
23
140
8
148
41
178
109
113
177
124
118
172
186
191
127
27
26
45
189
141
106
99
113
43
87
142
156
84
107
133
37
179
169
10
140
132
44
195
114
116
178
181
15
157
178
120
168
0
63
69
187
157
32
35
160
190
70
177
94
123
177
118
94
94
159
165
168
70
34
45
33
65
197
28
62
89
91
75
111
170
36
52
139
42
188
40
67
6
18
125
166
22
186
20
193
79
103
25
112
199
73
196
126
21
14
181
5
53
121
12
58
35
188
166
88
136
114
68
15
176
118
85
0
116
41
91
145
178
180
195
40
154
155
182
13
84
42
197
32
61
135
49
28
169
163
16
167
130
70
68
39
30
62
21
138
38
188
7
145
107
3
166
75
116
126
5
106
154
44
7
180
116
154
141
185
158
118
101
123
92
196
123
14
5
199
58
174
19
69
19
128
86
7
110
94
160
124
54
26
27
193
103
197
135
79
19
101
136
161
25
177
3
160
103
122
177
44
22
185
85
122
148
143
183
173
136
52
195
122
13
167
99
68
185
63
153
168
184
196
33
94
177
197
43
181
82
167
38
66
79
174
128
157
22
99
66
120
182
42
96
116
174
7
103
129
98
29
38
130
7
98
159
140
56
75
39
57
1
47
57
108
57
194
89
147
101
121
179
92
102
84
76
54
93
173
105
29
77
172
4
1
134
92
157
60
170
38
156
86
184
191
12
167
110
41
27
168
164
171
31
102
108
86
107
156
61
133
134
124
14
199
164
177
47
29
190
124
36
178
109
65
11
108
68
46
76
126
139
120
112
135
88
185
106
99
120
98
155
11
115
88
194
123
45
110
183
185
152
55
192
189
63
79
109
121
182
45
166
22
157
151
197
24
99
194
174
48
15
59
59
124
138
111
59
100
136
28
66
28
110
130
124
73
101
58
107
154
92
57
17
77
20
144
119
146
164
164
99
136
53
53
24
26
184
77
128
22
156
134
28
26
155
168
36
83
140
135
145
27
187
101
152
110
164
129
74
25
88
163
198
144
38
162
176
107
146
21
146
28
187
50
56
119
109
198
154
54
55
66
115
104
112
14
159
38
59
36
9
18
129
172
89
44
45
96
133
114
130
99
159
123
49
83
36
144
79
47
116
183
155
199
37
110
109
23
154
1
162
143
105
55
124
138
74
7
199
89
68
147
166
4
138
14
83
92
146
143
61
87
85
194
68
65
122
199
184
148
70
194
191
52
102
38
30
58
93
30
79
34
168
178
72
59
199
106
60
162
70
106
59
91
26
162
173
62
135
89
11
162
13
102
94
65
44
10
161
151
196
61
73
111
103
131
182
100
178
3
129
57
70
36
133
87
21
12
98
97
24
95
124
132
30
112
90
184
78
135
171
141
53
79
187
180
35
155
10
92
72
124
6
54
36
33
167
29
20
124
112
197
113
29
78
87
194
62
120
14
33
49
62
193
171
81
70
85
33
28
178
190
108
98
126
139
182
30
133
91
35
173
139
119
5
199
60
150
7
49
51
151
177
117
0
102
83
31
161
38
85
140
1
111
194
137
189
61
21
69
11
29
140
117
46
116
1
42
20
149
16
16
8
47
162
117
147
41
15
148
54
75
171
190
122
178
7
5
96
167
8
4
149
38
157
77
69
110
178
24
193
49
49
125
195
177
24
127
109
93
189
173
17
159
158
46
139
12
126
177
195
7
178
78
87
114
113
11
173
130
177
95
46
53
159
181
94
195
126
134
0
126
105
22
55
88
187
193
119
136
195
121
17
128
14
23
125
93
92
131
82
196
21
10
73
86
44
108
176
64
185
102
154
33
149
98
11
88
174
193
122
146
163
83
167
21
137
51
51
141
67
57
191
24
168
197
149
39
175
125
3
139
13
171
86
146
31
174
10
109
75
116
159
143
48
41
64
132
143
158
62
75
121
24
65
122
151
148
190
100
137
61
67
34
22
145
23
99
170
14
96
1
54
44
108
58
128
23
169
47
155
164
136
93
146
77
107
5
166
107
136
42
104
191
21
167
151
77
43
2
186
197
160
105
154
47
52
112
175
27
29
59
115
186
174
118
35
60
162
111
33
79
166
44
103
96
85
71
78
26
133
59
172
24
110
177
196
80
147
124
143
159
1
109
113
115
164
75
151
96
161
138
12
74
198
191
18
44
102
62
109
131
65
89
91
147
47
101
168
99
101
66
158
87
88
199
130
154
175
111
130
166
69
108
82
146
123
126
197
102
109
160
97
158
27
16
131
25
103
161
114
101
174
15
71
96
23
142
138
5
81
46
32
122
186
175
136
2
121
46
21
68
21
153
13
86
22
53
153
31
1
49
173
184
106
70
151
70
42
22
44
48
199
45
54
103
122
113
42
158
108
162
5
175
74
189
199
40
136
35
40
8
98
17
30
130
5
19
137
165
108
42
69
197
86
184
103
34
148
124
59
114
120
174
2
30
138
168
33
158
20
14
180
90
13
76
145
54
19
139
97
120
49
96
2
129
160
169
175
86
74
197
17
27
129
143
70
163
14
157
64
6
118
155
169
71
151
96
106
80
160
122
35
4
78
115
68
137
107
31
106
1
120
136
62
107
188
104
167
11
37
114
72
74
42
46
44
187
131
135
5
196
168
3
3
45
159
182
178
176
57
19
165
36
3
73
23
56
59
77
56
25
40
122
84
176
28
137
111
51
38
30
101
150
135
2
22
158
39
47
46
122
48
147
11
38
15
11
168
29
35
187
70
146
70
0
25
11
136
67
33
35
179
26
143
11
50
180
39
196
114
32
198
155
50
2
80
17
63
68
196
94
136
13
156
162
193
161
172
55
186
109
11
71
127
85
23
157
155
44
11
98
197
142
52
95
181
29
145
2
72
63
176
159
30
16
118
76
61
145
142
9
30
157
147
98
14
172
17
74
55
70
21
166
44
141
196
179
44
135
25
108
125
183
16
52
58
167
40
181
7
156
190
147
81
78
84
81
2
107
24
149
154
199
121
137
10
153
84
1
34
189
116
77
171
90
24
162
118
175
23
113
74
79
70
171
149
109
58
199
170
166
161
90
1
58
195
138
68
38
62
151
37
66
167
126
189
90
44
140
55
19
126
115
187
83
36
172
103
165
130
137
8
152
112
77
118
84
111
75
29
0
191
152
144
186
28
134
192
68
151
101
114
119
185
112
54
119
34
122
195
139
135
147
0
119
9
179
190
72
98
9
194
163
179
8
190
90
153
15
159
108
119
99
41
160
52
12
102
110
188
113
134
178
61
80
47
30
88
30
190
114
103
135
174
131
70
51
29
149
18
102
151
102
78
2
161
105
76
74
159
156
48
77
98
142
136
117
185
80
168
52
0
167
115
66
198
67
35
134
136
136
121
198
139
30
160
116
135
175
132
167
119
116
80
163
140
28
5
166
97
139
118
72
178
66
184
142
165
57
80
139
67
22
148
148
40
136
195
46
157
53
184
135
79
140
33
173
169
191
159
55
156
17
22
134
126
112
60
87
8
183
95
176
74
67
134
188
113
24
113
85
129
103
149
53
133
118
7
33
43
84
154
83
85
39
100
58
146
52
10
136
51
146
124
144
129
108
132
129
187
137
175
76
21
186
182
142
45
151
102
58
175
22
147
78
177
57
84
152
96
43
111
182
57
191
133
87
172
84
8
16
26
33
105
86
23
105
79
69
42
67
130
188
2
145
141
110
187
115
121
157
38
48
30
164
30
24
36
1
47
104
32
37
169
74
187
138
2
81
44
72
73
118
198
51
118
138
124
61
40
193
64
43
134
175
171
31
79
154
30
10
14
155
88
171
196
10
72
185
33
141
18
97
173
140
63
76
185
141
12
47
115
119
29
120
198
141
66
123
152
49
87
70
125
153
170
31
40
131
166
24
122
129
36
76
43
105
1
169
181
36
26
154
177
97
163
7
9
133
168
99
148
81
139
2
40
191
132
197
57
178
143
132
48
162
78
70
191
65
95
176
40
69
81
64
149
162
128
92
171
139
160
84
56
141
46
97
67
17
1
56
138
107
167
47
6
163
117
83
124
96
47
140
189
36
53
53
28
152
54
148
63
188
102
186
103
179
43
103
170
57
29
61
56
2
36
79
58
25
44
63
166
145
155
25
199
116
75
191
98
189
178
17
43
44
38
104
5
173
111
144
121
45
93
104
174
59
16
47
55
87
95
13
178
18
8
163
172
121
133
136
26
47
48
97
138
165
61
179
152
177
150
8
108
121
4
124
161
170
25
115
41
145
26
186
91
149
57
22
7
80
114
100
104
80
107
150
176
78
118
119
49
33
51
171
87
32
134
158
108
123
176
144
195
28
106
153
150
160
92
63
59
52
195
57
193
125
161
78
185
0
94
175
71
19
188
134
103
78
144
34
44
185
4
0
107
44
114
191
175
165
51
88
54
161
86
72
185
58
140
44
160
137
159
144
84
81
3
108
182
48
77
67
28
130
176
169
132
3
142
152
17
1
187
47
163
180
62
64
195
3
193
20
3
124
159
110
196
112
109
161
17
89
153
78
113
184
183
30
74
23
3
48
145
64
72
199
142
160
47
147
3
124
35
3
29
46
89
180
132
44
190
97
13
29
32
79
198
113
198
194
17
36
163
170
130
62
190
52
195
82
45
62
23
9
136
171
194
50
170
47
87
185
65
16
68
177
87
185
56
39
177
196
77
37
148
122
0
183
80
10
134
93
117
125
40
118
82
130
198
29
180
147
186
3
51
98
27
88
129
33
3
183
43
141
34
198
146
190
97
15
179
182
178
6
10
11
164
6
62
107
157
170
5
43
41
117
40
108
23
87
90
18
66
61
122
18
116
100
143
176
150
57
91
170
141
112
64
29
143
151
176
2
188
45
161
164
159
45
180
96
122
17
134
17
177
125
88
24
39
154
65
157
62
3
116
156
194
23
52
62
108
67
163
19
173
131
98
105
144
77
3
60
18
155
106
2
149
27
42
186
8
20
44
176
50
31
121
119
101
152
25
92
120
31
29
154
141
79
46
96
105
139
128
43
145
136
97
193
178
187
172
99
169
79
130
150
49
75
96
47
58
54
187
120
151
80
168
180
128
150
16
26
198
169
104
145
117
148
79
73
75
104
97
17
87
95
57
163
141
121
11
136
46
173
199
41
59
120
177
171
82
59
45
78
194
116
167
186
89
156
185
71
133
104
127
24
6
78
76
106
66
30
167
191
99
194
191
25
163
76
43
29
23
67
15
182
106
192
105
179
160
11
154
54
19
54
16
122
42
154
151
88
77
142
87
46
94
33
161
157
153
184
60
101
52
16
52
127
9
106
122
182
80
166
94
107
41
173
144
76
16
71
135
169
129
181
161
147
155
109
81
128
33
80
54
151
27
33
104
132
115
124
165
129
108
72
42
114
173
26
165
131
2
48
79
8
195
47
63
105
150
98
81
87
88
79
54
119
81
79
37
35
142
2
55
199
127
69
184
15
0
137
42
58
85
97
3
18
39
128
38
99
131
148
119
142
2
11
128
186
91
184
25
37
132
2
180
196
151
170
150
125
25
199
26
93
78
111
191
43
152
84
122
176
175
48
198
177
106
31
39
18
171
112
111
17
169
127
176
12
47
34
0
128
74
46
130
112
183
173
80
70
187
182
94
121
132
106
123
155
180
46
193
37
47
66
139
145
194
28
46
180
187
90
176
94
95
139
21
175
182
8
145
152
75
60
96
139
151
164
72
8
102
125
88
150
81
26
82
74
170
7
51
30
87
21
172
41
93
153
17
71
173
171
71
69
92
176
74
115
117
5
195
198
17
153
17
105
95
125
79
79
150
170
35
152
102
151
151
142
127
118
64
34
106
146
156
8
83
64
129
156
40
102
184
111
171
84
168
130
131
102
62
165
81
27
34
157
22
149
30
40
10
117
55
198
151
194
134
110
148
158
56
98
126
45
153
88
128
35
120
69
67
105
12
192
120
100
116
137
74
34
19
124
162
153
178
190
50
86
104
107
50
15
21
129
105
158
12
172
131
130
54
15
17
67
36
148
39
178
52
0
62
91
172
30
18
64
13
198
189
43
175
162
26
127
146
13
62
60
92
112
153
29
191
194
43
71
26
196
89
25
15
166
30
139
5
65
150
188
60
130
78
76
133
112
55
114
124
106
10
163
158
16
189
120
108
84
44
2
146
124
50
181
17
112
158
182
152
138
179
58
2
199
136
61
168
104
142
164
183
101
88
127
180
7
52
127
172
144
47
79
153
26
144
34
70
176
122
121
163
165
101
23
68
151
30
139
76
135
123
105
151
25
115
30
92
98
146
197
113
178
58
187
34
8
124
115
33
12
142
31
73
101
15
157
70
24
38
169
11
41
153
20
103
73
177
65
58
13
138
104
105
6
80
169
185
98
148
70
96
143
159
101
22
63
118
153
27
133
147
36
19
26
44
51
108
123
140
22
64
163
176
58
182
169
156
181
106
190
108
62
29
61
119
150
199
111
21
191
49
154
129
47
183
157
177
136
26
163
90
160
148
25
97
113
180
85
188
164
34
158
199
94
77
106
11
7
15
56
121
90
26
171
108
78
171
199
51
137
181
171
150
124
169
99
72
63
9
168
107
105
148
134
98
11
139
11
63
146
130
23
125
48
35
180
7
30
172
195
127
160
48
80
108
189
83
180
50
33
23
53
37
41
156
148
80
178
61
26
167
62
93
48
70
116
55
162
128
11
133
158
1
58
25
47
23
31
23
129
195
75
107
168
62
135
63
122
198
29
125
37
144
76
131
126
23
33
4
135
58
183
10
100
12
180
194
131
173
79
48
69
54
193
57
157
82
151
48
92
87
153
64
135
60
11
120
94
197
181
28
113
73
0
152
17
85
96
87
0
33
49
122
102
184
23
45
185
13
6
59
168
152
42
169
36
152
164
136
67
19
74
60
171
161
58
74
120
175
123
190
194
55
95
170
118
164
49
162
6
83
63
140
136
165
76
102
112
1
69
88
163
6
85
192
161
38
0
172
174
79
136
129
5
83
159
35
33
191
186
190
66
136
47
120
40
41
27
121
167
193
121
51
160
186
50
196
159
132
38
138
22
88
165
38
173
57
29
89
60
84
176
179
8
104
65
66
53
48
146
111
22
174
189
165
70
90
150
131
146
175
105
1
69
182
173
15
143
53
92
128
91
15
46
181
164
111
97
166
147
127
119
172
184
42
100
82
178
26
35
42
12
155
196
164
167
63
147
120
94
115
8
181
146
102
167
178
114
185
180
41
70
186
53
156
104
59
123
87
56
95
173
189
11
157
139
39
135
53
149
199
182
79
118
98
12
11
96
4
110
98
117
38
145
76
183
170
196
155
189
167
36
61
90
16
90
47
35
118
2
108
21
94
35
181
121
150
46
98
14
88
141
78
41
97
81
193
162
83
39
192
110
94
1
71
125
110
53
126
104
78
172
97
177
58
185
9
94
66
91
96
11
74
177
130
139
198
138
86
83
179
70
60
131
73
12
9
89
101
152
126
84
138
64
79
83
63
196
87
136
172
128
176
172
54
96
96
31
138
7
55
148
142
171
109
31
187
24
9
36
135
87
179
173
199
131
51
168
1
169
163
83
79
1
135
93
143
69
13
82
136
61
175
146
8
180
142
6
160
50
64
136
105
199
186
119
79
193
152
140
67
50
113
60
159
90
185
10
75
164
166
39
156
95
19
193
172
131
42
61
85
118
108
59
6
35
149
13
192
109
91
19
10
77
61
70
185
142
25
102
12
49
93
155
187
162
142
197
151
22
191
168
44
63
41
7
180
126
49
19
53
108
8
81
58
53
20
38
40
58
19
63
143
65
63
17
104
186
149
97
197
104
32
194
11
35
3
177
149
110
59
118
91
10
82
17
95
126
120
111
112
81
148
144
103
78
185
29
15
11
75
139
138
150
89
47
94
107
116
101
142
118
69
129
196
154
70
9
77
53
46
117
93
96
128
4
114
158
29
164
84
48
53
166
137
18
45
179
191
38
187
159
51
27
29
49
158
65
175
107
199
196
43
173
164
187
194
8
154
156
17
66
68
93
87
189
55
105
18
19
68
158
178
155
127
63
93
177
141
43
113
141
2
25
65
194
48
133
142
161
4
28
135
17
58
112
20
29
24
128
123
67
136
64
29
85
167
64
163
141
99
67
114
17
74
94
85
161
29
91
122
41
115
170
21
23
170
155
152
3
168
26
68
190
32
7
161
120
184
161
57
170
102
182
91
12
43
121
156
45
0
97
47
173
53
170
173
144
1
187
112
9
43
99
65
168
126
104
129
106
172
149
21
19
169
64
122
51
120
141
144
26
140
2
68
161
68
185
117
47
57
75
15
156
116
167
30
22
24
175
90
149
95
139
113
85
73
92
155
160
183
71
183
85
85
3
82
137
141
193
151
16
136
128
82
112
72
154
151
131
138
183
184
127
135
148
131
179
113
119
90
88
90
193
131
169
15
32
136
97
148
160
121
120
154
22
101
89
59
17
176
51
150
69
142
98
54
165
54
185
197
148
161
135
125
49
98
147
15
84
160
76
165
33
54
186
73
8
139
179
49
127
5
19
122
21
185
123
161
67
93
180
1
89
111
48
38
153
182
182
0
36
14
136
179
0
105
106
11
163
1
154
149
151
26
198
17
82
44
94
12
144
110
39
25
39
22
73
23
15
37
198
30
140
167
72
43
129
104
21
107
19
90
145
133
143
195
65
71
185
163
103
138
130
164
151
138
45
114
29
157
134
74
64
22
79
6
135
185
17
86
143
134
139
11
102
155
178
196
47
153
174
132
154
81
108
3
15
71
125
120
39
156
50
56
103
162
42
168
50
17
66
71
114
135
24
79
67
147
149
18
180
82
28
48
195
91
98
135
59
133
180
132
85
112
24
93
48
113
137
121
198
47
90
47
53
186
54
179
190
51
154
7
37
126
80
14
134
141
185
75
176
190
69
105
105
125
162
52
110
164
71
140
141
174
124
185
185
83
24
58
9
21
158
112
70
82
118
151
38
106
67
37
138
168
14
83
32
134
30
81
86
89
185
69
148
75
164
67
4
175
67
185
1
175
70
41
65
33
89
58
169
88
14
48
35
111
176
71
126
96
110
55
187
139
83
81
47
178
190
32
74
145
99
51
138
3
69
47
28
15
142
89
97
25
172
104
129
109
162
81
175
143
136
180
105
190
136
132
194
6
183
156
13
5
67
61
24
85
183
36
59
136
168
72
195
154
139
97
192
40
94
76
103
142
136
155
45
142
173
41
17
13
89
91
67
183
32
42
151
123
176
181
129
9
172
44
172
135
103
143
147
91
121
45
66
11
152
160
162
96
45
93
175
105
146
17
16
28
134
31
147
151
125
15
42
37
158
176
174
84
10
126
110
170
182
159
76
104
53
103
36
55
174
195
194
143
125
146
63
151
88
176
32
190
112
188
139
128
186
121
94
180
185
130
30
154
18
127
112
10
44
76
128
191
178
168
148
67
46
2
156
124
83
24
113
28
15
42
39
190
187
107
32
180
177
63
118
198
185
168
100
141
8
147
10
45
141
39
11
185
25
14
68
104
59
115
148
29
93
51
186
12
110
177
160
88
76
50
186
58
166
95
123
4
180
176
172
92
188
117
113
156
178
96
75
70
115
126
139
124
142
101
73
37
30
103
58
148
136
69
175
75
78
7
136
37
142
39
76
168
123
61
123
33
158
173
195
154
64
61
99
38
126
90
104
157
169
195
145
51
112
69
81
187
85
189
16
114
170
36
110
46
62
4
14
188
103
57
66
96
21
27
49
151
49
160
178
9
48
54
171
35
49
6
186
192
62
92
39
168
138
179
149
56
128
197
20
161
67
160
188
69
79
141
31
123
35
50
67
180
98
150
66
78
85
148
184
46
142
185
113
90
75
88
173
92
14
173
2
35
53
167
163
44
18
46
66
22
49
75
135
82
137
191
100
177
1
116
47
199
185
24
178
86
194
47
83
38
115
176
131
127
97
184
78
129
154
11
158
115
190
97
59
24
74
156
83
55
10
96
154
33
34
20
118
158
154
189
26
168
164
97
5
129
91
0
54
33
74
47
15
15
22
191
163
152
24
122
60
174
59
13
93
128
118
121
41
7
