1218	67	98	0
54
5
108
180
181
141
103
141
32
88
141
79
70
124
4
90
57
160
75
82
169
142
156
102
47
5
134
117
109
55
103
6
184
107
191
196
143
168
16
44
46
64
145
5
187
36
89
27
49
74
192
88
99
7
41
24
40
130
52
7
172
135
81
105
160
117
119
85
40
21
130
135
186
63
26
89
126
98
96
101
129
64
140
193
12
60
97
56
9
185
10
169
125
176
119
134
129
53
183
116
99
31
185
73
97
26
86
143
45
171
85
19
100
87
186
50
137
16
121
130
111
77
20
168
27
157
68
131
191
104
45
179
3
50
130
103
151
77
7
115
163
170
13
186
63
75
111
94
150
168
132
65
133
4
102
62
74
115
159
145
40
83
195
184
14
107
96
117
151
116
81
89
148
195
19
174
37
112
143
137
136
191
70
10
96
96
123
177
70
141
121
63
85
16
181
118
143
30
119
166
133
3
154
133
52
43
19
146
131
18
102
135
177
58
35
32
147
31
24
116
43
32
96
63
76
20
113
9
154
181
155
143
63
30
149
188
191
45
185
107
21
109
143
132
174
28
96
41
75
91
177
195
133
15
71
86
145
66
73
173
115
191
193
60
6
153
157
160
169
102
66
5
14
29
168
180
36
33
104
166
52
105
89
82
120
158
83
143
95
88
99
55
174
181
172
80
176
151
119
95
46
153
105
139
26
30
179
36
101
118
79
78
65
5
94
94
128
90
134
87
75
169
49
49
191
77
137
112
89
150
175
172
10
178
122
98
102
195
101
150
183
94
33
187
126
187
170
153
25
46
22
162
184
80
15
137
42
130
194
159
132
16
120
67
129
182
98
198
70
170
105
160
44
69
123
106
0
191
58
1
95
94
94
75
115
195
75
26
35
89
13
66
62
122
128
137
168
64
148
26
173
189
181
173
50
144
96
191
27
109
170
129
135
127
3
47
95
196
143
8
38
125
37
133
115
129
49
80
81
189
76
115
23
58
139
81
187
99
173
85
162
193
165
5
115
20
96
138
89
128
112
151
119
75
111
124
77
191
80
110
121
112
198
60
65
35
88
0
77
0
44
193
114
78
32
169
184
34
1
87
165
84
146
76
10
62
94
42
83
33
120
109
20
173
151
10
95
165
144
127
51
13
35
14
134
146
8
177
90
68
98
139
22
162
97
169
27
50
38
148
31
139
135
43
143
1
26
17
164
12
30
136
104
182
117
9
66
167
126
122
110
199
88
42
176
151
48
52
102
132
139
101
197
17
71
163
52
23
35
149
189
140
0
97
42
86
87
110
156
130
105
143
174
30
93
159
112
167
20
23
39
23
105
34
106
182
61
58
160
84
103
153
13
57
192
29
124
145
11
24
197
144
27
155
183
133
8
71
41
142
89
56
27
176
109
151
122
8
189
194
136
35
81
58
9
191
115
16
169
20
160
92
60
187
58
132
78
49
34
46
25
7
187
67
164
178
98
79
136
50
106
73
38
121
5
155
180
33
76
70
151
90
71
110
187
24
192
109
29
109
113
127
49
160
62
42
111
113
141
63
72
191
186
1
71
185
63
65
75
181
121
196
161
88
117
186
94
11
145
179
178
86
184
55
183
59
117
146
193
130
129
187
96
45
95
0
112
39
108
8
178
166
76
20
3
169
79
51
170
135
43
104
183
71
107
106
119
30
149
72
68
8
170
71
1
94
46
113
99
176
135
84
19
103
50
4
57
25
128
37
82
138
120
194
42
108
159
115
148
131
82
23
117
136
84
62
153
87
123
8
102
63
196
168
69
125
199
71
39
29
125
94
147
103
37
124
85
74
71
159
75
191
192
59
49
181
92
44
20
20
185
130
155
32
39
168
34
36
174
193
1
192
17
136
81
105
166
185
22
108
111
34
175
103
130
96
2
75
100
31
45
57
29
89
168
88
29
146
6
193
61
158
163
143
63
56
47
70
23
80
7
87
115
79
21
181
38
82
86
151
90
193
57
114
163
19
48
170
89
88
14
6
142
162
105
101
198
105
153
72
179
18
94
94
144
155
16
38
150
37
119
28
98
166
83
67
111
43
46
83
32
111
110
127
38
90
151
63
119
192
12
117
72
140
174
149
89
25
93
166
198
150
139
63
31
132
48
168
181
133
136
174
156
154
57
58
192
104
121
191
120
153
156
151
40
195
34
73
18
79
15
40
116
48
164
187
117
37
20
108
176
69
185
192
83
102
188
90
26
138
67
92
12
127
44
163
15
161
24
53
64
198
107
82
114
78
48
68
48
93
130
109
62
135
180
132
16
63
26
99
182
83
81
135
112
183
41
53
75
148
179
62
46
45
173
135
78
62
106
111
76
106
22
77
81
127
95
62
128
104
184
48
81
39
71
110
134
157
46
49
110
87
95
119
48
182
192
154
185
196
53
120
14
126
53
90
13
42
53
91
126
54
153
95
55
162
137
93
4
76
16
147
62
150
175
100
114
86
120
113
138
34
119
9
105
45
18
182
0
67
178
70
198
125
130
26
196
113
3
119
13
193
58
78
149
62
65
98
113
137
106
62
20
85
139
128
74
125
42
134
148
70
106
123
188
128
110
126
3
14
186
40
158
175
17
80
47
73
72
132
64
74
10
174
10
114
21
73
3
176
193
38
6
39
185
175
197
12
10
120
9
95
176
85
154
44
24
11
186
101
8
95
131
181
195
125
185
116
112
175
66
10
50
170
170
2
11
54
3
21
113
130
122
167
26
145
53
90
196
53
96
173
85
6
135
0
65
7
