173	128	49	3
51
144
107
25
178
57
90
86
180
187
11
86
47
55
109
24
72
74
11
141
147
95
45
169
137
32
57
17
130
113
79
191
74
169
194
54
160
53
10
148
17
99
134
36
116
136
110
45
118
38
47
75
141
22
112
104
130
62
50
158
152
94
172
3
9
61
43
154
167
107
161
146
143
179
173
173
74
40
80
7
86
168
176
1
42
64
173
81
174
118
80
56
176
149
4
143
11
65
92
111
162
143
36
36
123
16
116
189
190
194
71
34
76
19
170
98
141
59
120
41
66
76
145
154
137
105
3
175
118
128
121
106
22
109
143
150
39
101
152
79
44
140
55
59
125
195
9
35
98
1
52
42
16
21
193
185
117
182
28
125
173
95
20
166
142
145
70
60
185
31
68
160
159
