9377	182	77	1
74
190
173
96
182
150
26
77
89
36
129
21
1
171
92
168
122
43
15
140
196
174
164
25
86
126
164
129
69
28
67
198
13
83
166
142
26
155
164
34
115
98
174
84
116
44
109
175
151
59
6
144
15
67
52
57
152
156
178
47
22
26
179
89
40
193
144
129
152
153
93
191
3
169
145
9
71
64
41
111
38
119
48
154
118
51
12
125
10
142
151
107
72
149
176
40
63
4
175
52
157
21
114
98
3
71
166
158
94
43
5
5
75
122
192
143
142
83
41
7
110
24
32
187
169
184
8
14
31
160
133
91
13
26
189
53
185
167
144
129
109
80
85
125
2
64
170
2
82
6
95
148
10
31
112
18
10
72
149
145
35
32
128
163
44
180
43
21
0
69
67
102
159
132
125
122
24
61
43
87
128
33
98
72
193
157
108
116
58
72
29
59
55
106
180
111
93
32
152
5
108
165
124
135
193
50
160
178
183
93
118
162
2
71
94
166
119
104
190
22
3
13
42
105
87
161
44
27
53
58
0
99
73
58
102
178
47
191
52
127
77
28
175
104
36
165
63
171
113
58
101
43
58
179
185
46
39
170
172
75
15
165
54
49
12
26
173
42
36
118
4
174
133
110
51
164
132
95
65
11
1
40
18
15
131
197
198
24
188
143
145
156
160
62
160
100
183
24
150
155
157
163
139
11
107
119
86
162
147
32
167
106
165
135
100
119
129
95
149
121
40
149
126
153
60
80
25
39
104
80
125
98
133
20
55
26
155
195
75
119
96
188
135
164
136
145
188
157
81
110
90
150
1
128
39
118
6
168
44
24
178
38
188
82
34
67
42
86
169
199
94
150
101
152
155
52
198
124
88
136
30
142
17
186
162
164
65
71
19
89
22
129
89
14
122
135
125
108
129
84
153
125
12
107
119
104
144
64
43
130
195
65
85
114
182
195
135
29
168
161
71
128
116
55
97
29
136
78
157
140
80
128
96
194
96
130
114
87
11
82
67
65
114
13
10
54
20
187
4
119
86
31
93
121
40
6
87
37
156
105
68
110
91
134
177
122
142
88
161
74
14
78
194
188
24
17
1
16
33
55
21
7
153
29
154
175
127
42
173
35
177
150
39
183
30
169
0
41
195
144
97
188
198
186
77
94
18
113
157
1
15
123
95
95
141
104
106
30
165
102
89
35
108
57
113
123
157
198
41
20
58
150
85
58
23
48
159
197
115
167
67
104
107
3
84
140
69
83
120
99
94
136
70
137
128
148
151
45
12
169
56
13
176
127
98
143
125
117
100
100
71
113
94
142
154
10
114
27
197
162
81
98
150
10
64
129
2
93
21
97
135
166
137
81
24
102
164
192
140
117
88
135
35
18
107
58
94
13
140
94
178
18
65
198
56
184
59
144
133
111
103
28
73
41
169
133
158
151
7
152
7
148
159
89
34
134
6
61
148
112
166
178
191
117
35
3
42
64
115
144
85
31
152
10
152
69
155
179
63
102
22
28
20
157
29
96
113
178
26
190
32
111
149
116
9
17
76
62
47
52
124
94
103
199
116
94
78
183
83
177
94
168
198
47
53
21
15
119
67
0
20
63
133
182
11
46
107
162
80
155
34
33
123
135
46
133
105
21
32
27
45
105
88
16
114
6
80
24
7
34
92
95
128
196
113
104
30
174
177
154
178
197
112
35
179
125
47
61
9
2
179
37
133
169
8
10
127
140
151
146
115
85
113
32
2
122
87
162
64
198
104
87
183
89
126
134
88
197
69
81
193
169
89
104
15
11
51
130
49
110
159
159
142
156
125
185
77
12
138
152
151
36
147
4
67
146
158
109
38
140
77
143
132
144
87
98
64
53
108
173
155
24
28
26
172
131
141
85
13
7
24
110
110
67
79
6
1
165
141
134
33
108
137
146
199
112
73
133
82
98
23
78
90
21
18
16
114
78
68
160
56
47
187
39
106
174
111
87
182
181
95
171
197
155
160
175
70
144
2
94
19
117
145
138
98
90
125
165
130
161
142
23
176
159
193
169
173
3
119
37
69
55
112
1
23
164
3
32
28
186
48
96
86
92
53
179
150
98
33
141
154
16
144
116
105
108
148
6
84
173
180
100
116
102
68
51
50
50
16
19
22
26
70
121
79
186
119
175
147
57
18
83
61
175
54
173
65
33
97
66
108
47
129
54
148
151
182
174
49
139
67
20
136
173
167
67
18
138
20
41
125
52
3
77
87
50
106
86
138
10
116
3
32
111
195
169
52
198
116
199
34
81
31
21
109
46
185
195
76
122
104
150
183
159
114
197
116
5
34
82
88
53
65
163
92
160
165
0
46
86
56
0
73
162
128
36
162
194
62
173
55
173
181
177
54
109
185
56
96
92
194
156
17
83
100
95
76
94
195
32
15
179
32
149
72
105
27
28
139
173
171
20
161
95
18
38
70
107
14
153
191
76
5
83
110
187
192
123
196
165
34
107
42
114
182
116
28
145
35
73
131
98
53
109
69
180
136
129
42
52
75
142
86
31
199
0
46
198
147
139
177
1
38
151
77
55
199
47
42
120
108
176
87
197
158
109
87
104
85
119
103
197
125
185
160
66
101
41
163
67
191
43
46
157
65
183
177
109
175
115
45
177
155
180
154
67
11
77
131
87
156
106
25
114
112
143
184
169
58
9
114
148
162
118
78
55
153
120
173
96
66
188
193
24
107
129
90
144
40
20
158
125
130
113
19
197
40
83
156
193
146
148
127
37
6
193
167
66
114
69
107
61
20
158
178
33
65
116
65
199
88
77
146
54
18
45
82
141
33
35
112
100
146
55
21
107
72
40
76
98
143
162
96
144
121
156
100
16
48
87
43
101
177
171
29
110
65
196
74
180
191
113
142
0
22
173
25
161
189
70
34
99
68
35
119
164
133
59
4
49
37
152
93
133
62
11
146
89
18
113
30
158
158
186
75
7
88
106
135
84
15
97
147
170
102
93
85
30
84
103
188
32
27
11
27
4
130
137
85
51
105
112
123
32
89
162
52
119
14
147
42
192
35
115
21
73
136
19
158
81
177
76
122
145
142
114
73
45
43
112
26
168
171
46
93
174
166
165
156
82
180
50
199
0
124
89
90
13
142
65
133
74
58
109
129
32
139
43
26
197
131
85
69
164
27
118
31
75
159
142
143
78
165
86
129
40
96
47
192
122
109
4
63
196
49
168
133
33
181
154
139
159
127
21
26
115
54
124
86
147
106
42
177
189
29
136
173
126
50
8
34
140
145
46
168
76
195
79
178
0
144
9
175
144
195
114
182
25
175
116
173
132
65
149
118
189
41
101
143
131
78
97
172
175
196
69
75
22
29
111
156
161
57
110
115
20
147
80
196
11
131
43
153
183
1
163
115
56
140
34
99
77
167
142
3
0
108
29
126
141
129
131
0
8
116
76
19
101
75
53
40
27
124
76
118
178
46
0
42
132
107
51
92
8
178
171
105
129
93
56
2
165
132
33
88
145
28
167
43
122
47
43
142
86
113
59
184
17
28
135
49
124
41
42
126
135
68
28
148
23
170
4
102
91
106
27
82
48
181
12
118
13
83
23
82
185
75
141
10
199
135
13
3
19
26
109
191
87
23
4
159
143
191
132
196
67
190
6
1
146
51
30
25
10
43
93
120
6
176
28
17
137
51
166
196
103
91
175
1
59
96
177
190
115
81
181
56
112
198
174
185
65
139
33
183
166
82
168
29
82
148
174
120
90
19
22
88
59
103
108
129
8
115
109
157
0
195
138
31
182
181
198
63
18
169
113
93
189
190
182
116
98
130
143
132
55
77
136
124
51
171
97
18
130
20
164
120
27
10
191
197
2
110
84
181
106
136
83
23
146
129
89
105
144
78
49
9
156
75
177
178
27
162
184
57
11
199
196
52
70
33
80
134
56
71
50
17
115
124
146
176
186
112
14
0
106
13
82
35
84
11
109
176
55
136
176
34
154
184
23
123
119
84
82
45
91
114
53
125
146
105
194
37
24
87
1
5
154
154
6
45
35
7
88
97
122
10
186
32
49
42
146
91
96
104
143
167
80
180
96
183
156
164
24
42
145
147
13
132
38
193
127
171
142
36
118
1
34
67
60
88
60
59
105
55
159
72
94
144
154
34
193
74
3
161
15
90
136
54
87
18
8
143
171
3
113
158
2
132
114
96
145
166
104
69
16
11
135
121
64
131
78
54
114
107
117
51
147
82
114
93
35
65
150
184
189
143
63
49
65
54
150
100
37
149
193
70
154
179
171
198
83
117
159
5
88
180
180
22
80
38
98
35
189
7
51
134
97
52
140
81
15
11
58
3
13
106
122
112
21
171
9
123
170
137
98
194
183
179
22
119
99
137
13
30
161
47
122
167
148
29
165
10
128
160
27
2
195
65
32
24
147
184
188
149
121
85
66
131
98
34
125
177
7
168
110
57
82
5
113
103
57
175
150
160
79
192
131
12
109
13
150
26
80
189
135
7
76
75
76
107
191
175
151
16
152
111
146
55
126
5
115
41
100
46
138
55
34
71
87
86
15
67
104
58
82
141
40
174
192
151
188
174
144
85
79
33
163
9
189
70
135
20
68
177
194
189
166
162
91
113
67
195
180
103
140
20
67
86
154
53
144
62
149
111
82
136
56
95
26
59
90
16
41
188
111
12
85
185
197
23
38
170
155
48
87
108
187
148
145
188
33
48
121
100
19
179
33
165
16
199
67
193
109
18
114
11
186
125
51
38
92
192
169
70
67
39
71
159
179
86
125
1
161
180
14
85
91
15
184
38
58
172
170
134
139
65
60
60
112
17
48
47
30
34
30
154
16
7
45
148
88
21
134
18
101
61
42
4
25
197
20
169
81
26
89
135
152
183
124
67
133
99
6
81
184
57
67
129
20
113
111
150
6
111
151
60
131
157
28
133
152
90
73
153
19
38
190
0
15
185
54
172
149
151
139
112
181
58
82
151
84
84
0
194
79
46
91
90
22
154
149
142
84
130
107
65
35
52
133
28
68
130
86
156
92
42
106
15
130
7
135
80
69
177
108
108
58
136
31
168
178
24
43
1
26
33
94
32
125
158
112
0
132
112
167
133
46
199
64
35
130
4
176
184
1
150
0
79
145
79
55
90
187
26
97
139
166
123
133
151
69
18
93
87
115
14
190
77
23
59
136
47
42
63
47
83
165
14
15
184
136
176
54
4
181
180
132
103
59
108
182
99
191
196
87
47
196
80
15
55
171
49
190
57
46
163
137
118
118
134
93
130
148
63
162
18
44
155
22
162
142
95
99
129
191
143
82
33
84
57
110
190
86
5
38
179
57
140
42
91
22
169
47
91
9
176
21
185
141
186
13
8
186
82
112
12
145
135
115
116
30
118
15
1
12
44
84
161
87
37
182
96
171
100
8
60
50
159
36
76
42
21
172
172
84
151
67
151
105
113
53
154
63
36
133
41
1
129
37
152
5
51
176
16
23
154
116
36
51
192
27
183
72
121
184
68
128
100
110
72
179
88
92
64
147
85
5
147
106
121
100
172
39
187
173
103
192
175
39
13
97
166
5
118
147
58
44
153
160
195
86
11
115
33
149
162
196
22
91
60
65
175
198
121
88
151
137
33
16
16
181
196
136
71
152
173
87
10
172
178
91
89
159
170
5
39
98
91
17
27
51
167
195
95
174
130
181
156
96
91
109
104
11
132
179
181
14
32
169
103
44
41
155
50
149
59
93
182
57
32
12
56
120
168
76
62
23
172
73
22
78
79
194
164
53
163
87
118
163
68
163
157
41
90
148
58
91
64
167
27
22
132
49
137
96
11
25
111
96
106
153
81
86
59
34
6
133
90
175
44
173
155
194
15
5
75
179
61
46
175
48
1
35
132
13
58
117
52
172
71
34
106
40
81
45
114
147
5
25
56
104
140
143
91
195
145
175
94
12
135
170
43
194
13
126
156
44
198
187
71
74
113
35
21
147
138
183
48
24
99
84
15
93
115
148
175
88
8
168
47
82
36
51
168
74
74
178
47
81
115
120
193
96
73
94
90
109
48
96
105
45
60
2
84
131
43
1
91
198
103
54
44
177
79
13
50
68
188
148
122
192
60
102
133
192
12
24
123
147
190
187
162
62
28
104
2
93
48
74
76
58
139
116
39
126
118
91
62
197
176
78
17
191
92
195
62
192
110
107
29
56
82
101
13
54
168
192
30
112
0
178
140
78
71
158
84
189
51
138
110
7
169
30
56
103
56
97
155
82
89
69
83
153
46
74
24
83
28
97
180
152
6
118
169
128
167
41
184
73
68
70
112
135
44
24
98
30
76
140
85
60
195
185
74
18
15
30
54
184
75
84
151
192
78
99
165
114
144
80
39
103
3
115
71
170
28
158
131
88
61
162
65
72
184
12
46
134
145
93
75
81
161
191
20
60
43
42
110
130
173
55
189
98
93
4
135
186
45
166
25
104
157
197
99
12
115
153
122
33
121
42
3
90
67
149
183
177
171
186
175
99
67
42
13
71
62
46
164
93
164
115
126
3
32
146
104
138
168
100
107
32
33
98
162
71
60
178
43
3
144
166
101
192
133
166
172
177
10
21
147
53
68
58
86
76
68
125
3
64
108
145
157
71
174
33
181
44
176
139
53
181
7
89
26
143
47
46
62
181
13
29
70
192
162
29
71
8
84
82
96
177
122
85
188
145
67
67
54
149
52
194
65
51
197
152
35
67
14
134
94
190
3
178
155
8
129
42
179
83
124
44
139
65
190
43
19
98
30
51
147
110
99
29
122
2
60
79
109
151
181
155
57
25
88
119
157
59
173
125
30
191
15
136
168
67
165
23
22
0
34
118
159
195
162
80
149
150
41
169
27
145
89
64
90
90
7
25
80
100
123
112
198
171
91
82
60
53
59
189
75
180
178
185
190
193
28
78
174
90
24
4
49
52
189
169
46
108
182
164
112
190
22
33
189
1
146
118
1
66
178
34
180
12
12
53
108
162
117
147
152
91
28
34
131
196
86
26
65
67
95
108
73
127
107
131
159
77
1
143
93
30
41
105
101
132
90
89
62
179
82
3
128
108
59
152
21
85
158
192
183
132
23
149
64
18
149
162
194
140
36
43
67
141
193
134
164
136
65
135
110
136
23
194
146
82
184
97
92
122
84
142
107
99
139
2
159
91
89
155
79
186
0
132
127
123
128
174
195
34
190
196
90
126
70
109
97
64
86
27
10
9
65
64
18
195
13
48
188
53
90
97
165
178
38
175
5
99
138
124
6
145
99
68
101
15
45
71
122
131
3
176
141
165
99
115
151
144
58
131
90
78
28
192
70
41
133
87
153
43
193
36
171
7
85
83
179
120
8
188
137
159
1
53
16
82
94
73
95
144
6
142
93
145
52
93
175
66
80
106
192
38
20
139
59
112
64
109
176
190
162
161
17
151
29
46
23
132
141
48
70
156
117
47
98
42
141
98
188
177
11
90
85
72
4
99
101
161
111
93
104
131
87
137
23
31
3
119
87
127
172
108
23
98
138
160
19
101
11
133
32
28
113
84
35
46
79
162
195
157
32
144
16
148
172
56
118
116
127
59
122
39
80
159
15
110
51
110
174
70
35
146
144
156
88
28
160
42
65
60
90
97
190
178
91
166
28
67
123
186
37
47
86
185
172
175
2
75
91
157
189
73
17
19
167
56
162
117
72
185
4
107
174
161
188
55
188
179
12
37
122
196
145
167
149
55
132
152
180
46
77
88
166
170
199
14
3
122
189
13
93
151
151
181
178
168
144
154
81
33
174
194
159
118
39
119
117
118
21
4
112
43
118
180
28
45
11
191
165
158
91
158
84
120
107
157
35
139
124
160
157
155
153
158
173
125
147
98
57
114
43
169
18
60
107
78
59
134
41
176
4
161
161
29
106
168
30
48
108
165
77
109
125
68
167
141
137
165
0
30
157
127
128
178
64
72
6
87
144
49
20
39
66
46
187
5
178
116
60
56
179
18
159
141
155
58
36
156
30
121
60
69
102
194
51
91
180
73
124
14
61
90
16
55
28
34
141
28
192
70
175
115
41
56
174
195
93
87
12
191
1
198
49
76
158
189
13
105
66
155
73
174
176
134
130
116
165
9
99
108
64
99
6
188
173
192
54
133
165
81
84
120
142
135
85
182
171
101
52
159
56
59
177
74
60
183
189
147
106
22
169
146
38
71
50
32
1
89
99
101
185
83
88
61
33
1
186
185
56
143
115
137
8
141
48
15
149
90
110
159
7
5
42
34
174
175
17
146
34
28
9
64
20
49
138
153
93
175
61
103
129
77
127
147
86
132
177
161
15
67
136
156
160
107
124
80
157
93
7
182
19
8
172
121
107
46
185
136
70
198
82
37
98
100
51
10
40
28
146
27
190
55
23
30
192
84
17
55
166
15
175
120
42
46
55
14
16
72
22
87
138
153
197
103
71
49
196
65
184
138
126
82
167
56
32
74
27
67
135
172
28
7
189
69
48
133
192
105
120
42
175
72
99
93
154
64
20
118
85
92
82
74
24
83
12
19
62
163
151
196
136
187
93
107
158
104
188
191
25
143
24
56
152
114
182
173
28
198
94
113
154
104
19
183
21
159
91
77
22
157
30
125
25
168
13
141
61
77
40
56
39
52
83
54
100
150
86
182
25
147
56
20
168
144
87
110
34
141
159
192
147
133
37
31
70
54
14
11
94
57
137
93
167
67
85
80
47
18
152
148
60
12
70
173
58
160
10
50
25
176
172
18
193
30
183
9
147
123
21
191
30
198
122
82
19
138
178
90
45
97
48
66
176
132
44
198
93
140
71
80
199
195
158
85
117
124
161
164
100
153
23
175
177
35
88
122
192
163
54
168
195
47
129
172
195
153
142
85
100
113
139
35
192
19
2
95
66
171
31
143
117
85
191
102
57
9
111
161
98
171
134
94
13
177
160
32
191
21
48
165
43
162
98
24
192
68
194
66
173
72
68
12
34
138
81
135
92
22
10
60
21
118
5
160
94
153
105
63
65
93
135
26
143
67
119
10
3
49
164
68
145
62
77
119
103
126
193
152
150
116
62
159
164
167
14
138
170
133
95
47
125
101
150
23
83
41
39
102
140
48
139
103
35
65
94
61
183
67
27
148
154
138
79
189
45
59
111
0
46
49
95
4
127
24
56
162
188
159
77
120
129
67
163
153
77
86
154
121
48
102
132
167
196
121
152
147
90
158
83
46
141
152
117
17
75
100
139
6
77
73
78
147
124
151
192
197
158
103
62
136
164
59
86
156
65
55
94
36
49
132
71
128
115
22
116
11
21
11
99
191
83
123
158
19
83
159
38
190
79
154
174
62
88
61
15
177
140
183
61
109
28
57
53
171
141
31
89
45
177
66
186
0
152
138
153
5
160
129
194
106
175
179
125
118
192
105
154
9
26
69
80
137
57
56
11
153
110
15
168
100
34
68
13
39
59
121
122
61
64
39
54
44
31
37
120
92
40
67
195
48
126
6
28
109
178
182
75
39
187
163
92
123
94
79
153
175
53
92
182
182
79
14
184
0
69
107
178
29
156
71
166
50
156
141
189
4
68
167
195
10
7
62
42
183
143
197
73
28
68
192
72
188
33
18
107
49
68
100
33
61
96
49
7
171
121
86
6
19
75
151
182
196
55
45
53
67
98
155
41
186
68
64
77
93
170
47
99
5
9
185
183
175
96
68
83
7
0
53
20
14
187
58
144
10
102
2
131
60
52
77
189
149
96
144
41
58
30
120
124
175
103
168
112
144
136
38
125
18
14
119
139
111
128
139
182
193
64
67
150
182
31
47
81
113
68
12
199
42
97
50
51
139
195
100
49
115
187
129
168
8
14
167
94
5
29
199
122
187
122
35
106
36
152
188
41
90
69
81
133
14
119
177
106
149
96
97
142
85
103
89
90
53
20
113
98
106
128
170
130
142
167
159
156
162
99
161
98
52
46
162
196
93
115
177
39
81
154
4
35
113
110
116
199
5
189
2
162
90
27
39
137
148
147
2
104
189
44
170
71
156
43
35
131
120
139
126
149
155
142
0
59
92
190
164
193
116
164
37
36
99
164
84
59
83
155
152
74
193
31
83
36
20
193
120
36
22
57
11
24
127
175
105
11
193
153
167
69
95
22
182
41
126
13
19
188
109
147
133
85
65
167
168
181
161
196
54
123
113
178
69
4
177
73
188
54
165
76
102
160
160
190
105
40
129
107
89
160
16
21
142
6
130
26
180
142
127
110
96
6
21
27
192
149
141
129
163
121
67
51
120
181
84
112
27
51
0
147
82
51
22
72
141
80
119
146
28
163
66
78
154
135
23
38
151
88
168
75
36
168
8
10
192
72
103
89
183
71
30
159
89
2
85
93
97
104
157
149
140
65
159
53
1
90
74
64
192
0
28
17
107
183
112
125
145
125
38
12
73
128
176
76
172
112
136
170
99
138
183
101
103
18
160
81
144
173
187
37
197
56
166
106
98
65
182
112
16
176
147
126
174
129
25
141
133
81
147
18
121
177
58
103
3
68
58
173
123
138
126
160
163
38
18
79
7
179
14
30
89
29
99
34
1
183
6
184
65
105
185
106
6
195
137
63
186
50
18
174
103
85
150
103
6
46
100
142
85
104
45
69
143
129
155
84
182
21
2
184
11
12
24
125
46
57
193
145
81
104
2
87
62
100
39
101
81
146
9
163
121
61
191
135
32
135
133
89
169
96
106
88
89
126
43
48
190
42
45
161
36
26
0
141
118
137
7
45
122
167
179
120
117
94
183
34
54
82
39
85
71
20
33
142
21
108
46
134
33
192
194
35
6
197
102
99
91
144
47
53
187
186
23
4
127
182
146
192
166
8
67
122
75
44
180
100
148
112
77
115
51
24
107
11
77
92
42
85
103
31
69
31
1
78
114
160
171
82
19
182
4
197
71
94
73
77
175
152
194
144
84
188
168
21
69
125
27
42
94
32
144
112
21
128
39
7
38
66
59
134
63
80
155
195
53
5
157
171
37
196
90
167
175
85
189
124
172
132
117
197
32
151
145
175
90
125
51
97
33
30
157
29
17
138
176
111
35
114
148
26
170
69
42
65
153
192
149
57
123
142
134
168
82
31
167
41
105
8
183
48
53
62
60
180
46
16
111
62
35
169
137
197
179
15
172
11
80
115
68
55
6
61
60
95
162
51
156
170
53
142
136
0
184
145
197
39
177
158
116
123
171
31
81
16
108
110
101
71
96
74
63
131
34
190
185
15
43
175
30
70
59
170
138
110
148
8
90
81
183
64
75
162
190
119
198
145
192
198
56
91
91
39
120
97
35
85
50
42
96
112
153
48
23
10
81
164
79
9
17
95
3
185
167
87
55
14
118
42
60
10
107
50
142
137
86
196
100
167
195
158
191
1
95
77
67
193
128
80
180
112
110
13
162
15
101
118
20
22
188
0
171
8
88
103
125
49
194
25
90
142
167
166
91
127
62
40
158
163
100
189
110
32
59
70
80
52
169
28
56
46
29
198
169
91
60
41
60
101
138
156
40
182
196
126
72
141
17
151
10
59
57
32
19
69
6
199
64
86
183
155
15
24
92
97
20
150
131
129
127
113
169
32
123
117
84
146
34
176
197
187
187
54
83
163
22
156
194
92
62
55
179
145
149
56
125
181
5
38
81
36
162
144
67
82
118
62
148
38
188
66
68
19
86
185
101
179
10
64
59
112
143
116
56
153
117
42
44
157
163
160
105
127
82
46
132
158
126
77
192
111
140
2
124
89
199
134
197
5
157
93
62
168
127
97
35
15
45
107
46
182
127
150
96
28
25
192
17
79
14
29
171
151
125
153
177
186
73
194
69
196
194
96
134
184
153
146
40
63
168
15
37
195
168
109
154
97
84
49
29
154
75
92
138
84
123
109
21
81
41
57
41
12
5
125
55
83
41
131
163
125
34
64
104
2
120
145
123
185
56
101
141
66
184
36
89
177
106
58
126
91
66
71
63
97
138
158
134
174
4
128
135
134
143
77
104
189
179
6
166
153
23
1
107
84
122
186
124
10
62
67
71
68
32
104
90
79
116
113
133
196
86
165
57
133
187
159
91
176
174
120
177
155
54
81
149
28
93
130
31
44
75
4
164
64
65
120
173
34
177
178
155
163
106
37
69
5
122
164
100
113
165
82
54
52
138
23
86
166
108
144
61
73
45
122
130
114
142
178
101
167
76
84
41
69
93
198
63
188
16
128
47
153
3
146
178
145
197
26
139
117
3
152
195
150
96
24
84
6
142
84
5
153
89
35
116
94
58
114
27
150
2
133
65
71
180
171
152
149
21
147
87
190
143
30
197
56
113
186
14
10
74
112
91
44
100
4
137
27
110
47
92
173
162
98
53
109
197
48
94
84
172
40
30
20
44
174
39
194
58
29
197
40
97
84
145
52
137
66
156
184
165
39
31
142
133
136
175
120
90
62
182
50
144
52
172
37
37
20
53
80
128
77
139
189
125
122
188
181
180
42
39
25
49
95
160
78
175
165
115
44
62
74
13
123
100
132
102
98
55
123
10
54
87
180
142
44
10
7
80
131
34
7
16
49
97
155
83
144
68
5
86
116
101
118
63
188
43
163
46
186
149
49
115
81
91
121
74
114
85
199
105
171
53
77
34
77
127
7
147
136
177
43
83
69
157
47
111
135
171
6
115
127
43
8
156
187
137
125
49
187
57
126
18
71
2
33
113
88
183
63
77
130
128
59
102
66
159
185
107
154
175
112
78
134
7
117
9
34
195
22
105
18
27
88
24
53
117
22
42
135
46
151
150
66
70
9
108
80
194
168
5
32
114
149
77
154
58
53
85
1
30
47
53
36
151
113
47
0
122
72
120
182
56
130
63
44
56
123
151
51
15
47
106
149
114
106
123
96
67
114
53
148
103
45
178
173
136
197
155
92
86
164
103
176
56
78
167
133
24
2
141
127
117
84
93
141
50
90
180
172
107
153
157
63
56
123
35
168
26
127
24
102
67
62
91
154
154
197
184
72
124
196
26
7
94
114
148
140
190
18
173
50
65
94
113
174
79
102
76
2
67
109
41
144
182
73
65
24
107
133
87
120
102
20
169
104
62
76
33
151
81
5
145
45
63
85
12
141
54
105
73
102
156
161
59
160
156
145
172
38
103
72
120
3
60
95
133
109
74
39
185
137
161
127
44
97
161
25
140
169
51
64
135
18
147
17
186
104
151
194
48
23
89
155
31
53
128
0
173
35
69
88
8
5
81
5
186
156
60
136
139
13
32
152
104
176
164
151
82
142
140
2
58
71
38
58
144
88
120
163
114
94
196
193
169
113
173
138
64
192
148
101
78
125
59
180
59
164
18
56
38
85
136
146
109
188
161
49
78
9
94
197
106
65
19
199
170
33
41
27
129
18
116
195
176
13
166
129
193
123
58
96
100
162
173
16
125
136
159
164
190
21
56
170
112
57
69
198
197
23
65
195
129
85
24
151
47
161
143
146
48
185
55
59
94
167
121
95
118
47
115
87
132
159
48
188
16
146
110
130
151
160
1
182
149
38
13
46
5
109
161
67
123
162
78
93
40
90
6
140
157
127
186
174
43
67
100
154
71
103
187
87
67
49
93
17
111
113
191
82
23
134
119
161
142
33
139
74
160
181
34
66
69
26
128
84
17
109
119
69
104
13
184
33
63
117
17
80
110
57
193
40
81
47
7
95
94
91
49
134
128
150
56
29
162
164
175
175
80
137
61
3
183
128
72
3
109
24
66
5
107
123
88
172
135
147
44
26
125
163
196
44
22
80
107
138
169
155
150
177
173
156
81
79
121
51
16
27
42
174
18
94
140
131
151
170
196
40
122
165
177
15
105
18
11
47
161
180
116
89
167
144
172
72
137
158
0
123
19
83
58
171
94
191
148
92
67
174
125
194
157
61
198
24
195
138
190
16
101
144
161
130
86
94
72
11
72
91
90
180
174
113
129
27
90
123
39
155
71
3
190
35
40
60
7
69
167
169
10
37
82
49
156
4
160
160
111
152
130
131
171
153
156
143
58
43
106
166
137
67
160
135
179
128
25
89
0
168
73
116
194
124
150
188
72
153
57
130
99
187
163
1
53
111
74
186
170
110
11
173
119
18
193
92
87
182
123
5
93
6
188
69
163
183
180
108
8
37
44
168
193
104
191
129
118
130
163
126
69
192
63
115
84
170
15
40
103
144
18
127
154
74
93
185
193
20
112
157
27
109
6
158
28
83
2
136
145
5
172
119
143
141
75
140
5
47
61
133
176
26
122
32
188
49
15
12
111
198
182
84
138
117
154
160
154
81
56
193
51
53
65
121
35
81
148
109
164
102
48
41
75
72
15
86
134
127
46
186
155
122
130
84
35
137
132
138
93
157
69
129
23
46
149
104
71
128
132
81
183
43
179
94
175
150
13
180
141
160
0
150
159
82
104
105
73
100
10
111
90
2
61
155
121
75
124
128
125
31
17
77
177
82
3
177
6
128
112
103
59
23
46
174
192
68
108
64
192
179
173
77
29
126
140
99
69
25
163
108
74
136
45
156
143
46
180
150
198
43
188
82
174
112
143
85
138
186
178
52
61
177
60
190
17
157
70
198
55
108
54
98
73
1
158
163
36
172
33
41
113
90
54
154
193
65
196
78
112
106
158
106
19
76
120
183
116
73
15
151
188
151
72
148
168
109
158
133
188
95
47
189
171
113
168
137
65
140
172
30
144
167
52
181
174
181
96
29
112
111
43
35
95
15
133
143
41
168
163
174
195
188
73
56
2
60
159
158
33
198
161
18
76
94
40
74
51
43
118
2
106
76
159
77
93
103
154
16
129
110
71
155
54
175
123
29
144
135
111
75
149
178
119
172
73
185
46
156
4
56
166
91
93
195
101
145
145
148
3
185
140
132
168
119
15
12
51
135
74
30
92
84
57
181
11
25
74
13
186
103
143
89
53
84
135
120
58
188
71
154
59
23
21
188
41
15
5
142
2
180
180
142
155
149
82
139
120
29
37
39
120
88
72
97
14
177
146
31
122
89
35
53
7
38
57
108
45
78
177
10
198
118
122
17
94
155
51
143
11
140
68
146
172
170
153
69
86
101
75
20
82
37
97
64
2
154
141
79
74
0
65
99
3
2
127
189
2
82
160
78
112
162
116
26
115
98
104
97
73
118
134
43
20
51
158
88
105
142
170
73
123
10
104
182
68
164
168
45
92
196
29
36
154
58
137
3
159
147
104
81
162
87
175
153
158
120
125
176
191
144
7
38
59
151
194
103
102
40
97
125
30
31
7
148
118
122
14
1
133
185
126
160
78
51
177
25
178
38
51
5
89
67
183
75
48
156
108
57
77
66
142
161
110
15
41
107
159
109
33
41
89
129
92
35
72
88
129
198
69
132
122
27
43
50
149
186
29
164
97
58
68
54
11
134
110
55
175
93
113
38
76
29
112
6
104
61
76
192
155
150
44
107
48
150
31
19
166
105
134
19
141
107
103
160
27
142
36
11
158
85
193
162
172
107
108
69
38
27
72
64
99
61
10
146
144
177
188
152
110
107
23
182
68
147
75
27
147
175
186
112
57
56
131
182
60
158
139
121
168
105
125
180
60
133
90
122
143
104
68
174
128
132
52
192
115
20
147
117
127
188
70
193
108
73
138
92
106
178
87
38
156
194
90
24
116
67
186
129
136
137
163
49
154
64
169
182
77
50
20
16
163
153
26
147
107
78
163
33
0
83
78
1
77
147
80
88
117
164
36
114
175
62
118
157
174
99
186
115
126
195
58
82
34
98
116
161
43
8
33
161
75
142
162
173
40
152
62
104
155
27
14
10
32
180
137
190
161
34
171
27
195
161
152
157
121
132
15
111
127
166
137
72
191
69
73
47
63
180
53
28
116
28
83
164
8
62
55
144
150
135
24
115
198
40
19
190
68
41
102
194
43
138
79
50
79
46
85
122
96
28
156
15
187
3
190
173
42
145
133
199
43
40
77
38
198
166
14
113
183
135
183
30
68
161
134
18
73
132
52
18
31
132
37
191
11
140
109
88
186
25
86
126
82
176
174
105
36
85
93
122
22
113
197
117
109
95
138
70
143
67
193
108
166
71
148
110
9
36
67
129
12
65
23
67
176
11
175
63
22
193
46
117
164
27
92
45
42
191
104
144
6
71
199
84
171
74
38
34
120
21
132
45
101
166
59
136
193
93
181
149
39
104
98
6
22
169
55
2
39
54
179
174
106
76
172
156
185
113
159
5
30
157
44
159
48
52
127
11
184
195
98
77
139
68
112
153
96
39
60
15
193
159
96
98
6
95
35
74
84
103
170
132
5
159
126
195
66
6
118
30
107
55
171
174
182
65
9
193
6
66
110
112
59
127
51
89
119
138
63
82
17
57
163
155
82
127
16
198
45
193
141
38
100
135
140
33
189
180
20
156
115
84
193
113
81
178
15
183
169
123
166
151
67
106
63
54
145
169
165
180
7
57
23
39
64
70
186
157
107
169
67
84
101
171
145
136
8
51
41
192
16
5
3
141
142
160
42
17
166
73
105
103
83
73
153
37
19
168
87
27
29
124
122
79
46
98
130
174
90
72
108
160
168
124
90
41
119
37
143
184
84
172
56
62
14
166
38
140
32
121
168
33
77
72
110
79
27
77
160
153
197
10
133
43
180
124
191
142
128
189
27
55
97
157
14
170
138
187
91
160
189
117
58
130
41
82
18
169
103
184
191
108
133
96
151
101
153
66
62
80
48
197
49
17
191
183
111
25
53
14
84
117
44
145
151
43
188
102
3
81
160
128
163
36
132
132
38
10
179
176
163
172
184
145
126
108
26
136
143
15
3
137
180
134
193
167
61
71
107
143
173
59
72
79
160
116
72
59
24
117
30
108
186
118
53
37
45
114
128
116
114
46
198
192
39
105
194
181
182
163
1
58
195
75
92
115
170
49
189
56
183
188
78
153
39
88
4
180
131
32
11
53
117
77
116
24
146
80
153
190
8
154
42
114
145
61
23
119
54
189
165
16
159
137
78
35
6
89
105
11
123
67
32
192
154
61
168
181
17
41
52
78
85
184
82
4
69
196
135
135
70
23
150
143
101
1
131
110
163
162
102
197
186
53
155
82
174
164
111
115
63
142
53
130
195
162
38
156
136
190
14
87
23
145
107
72
92
105
105
79
10
97
49
111
19
123
112
70
125
14
75
141
153
28
128
68
5
67
8
86
176
38
105
4
93
127
72
168
161
195
28
128
23
145
21
53
155
161
10
80
180
142
74
112
26
183
147
18
150
143
135
181
137
79
36
152
101
101
42
195
87
44
143
167
158
151
126
139
54
195
103
188
85
104
48
63
47
3
8
102
100
43
132
102
70
54
187
81
105
72
196
164
131
112
111
95
132
102
161
124
127
100
41
110
77
49
119
96
171
140
28
174
34
99
77
100
108
31
89
130
86
188
186
96
17
122
32
76
11
83
33
13
26
90
189
162
73
4
149
52
83
30
3
149
107
98
5
100
158
79
163
127
105
51
128
75
124
104
142
34
160
137
98
185
52
48
46
133
123
109
109
122
178
140
105
152
197
140
64
106
193
160
53
68
52
195
123
112
105
141
29
53
71
12
72
125
73
153
138
50
48
33
123
92
37
148
153
1
163
93
179
73
0
111
139
141
133
32
86
188
43
196
104
9
37
97
32
53
68
162
3
36
133
75
164
79
159
88
81
61
33
146
185
46
80
159
137
118
70
165
141
19
86
131
172
147
52
123
101
164
186
72
86
177
92
0
43
198
29
134
59
41
187
79
102
173
61
158
146
44
5
150
45
56
96
12
29
142
169
95
51
183
70
93
166
61
123
59
164
22
98
0
179
88
45
7
134
121
98
127
27
194
180
104
49
192
178
60
23
54
185
16
87
2
101
190
9
34
5
153
124
171
107
75
151
94
139
190
182
136
107
45
8
92
145
46
165
6
75
120
85
23
118
123
140
0
58
7
137
101
85
116
70
0
52
171
33
151
169
1
137
91
77
158
157
78
198
109
54
128
108
154
92
13
166
162
142
94
42
196
83
115
137
99
6
11
16
12
151
7
171
75
75
25
100
84
53
188
129
80
118
184
92
79
176
68
179
196
17
16
80
25
123
63
163
31
56
61
20
186
138
179
181
56
177
44
99
188
85
146
61
155
139
146
156
82
165
97
139
122
106
129
129
50
69
197
169
23
137
5
163
81
169
165
107
133
21
176
70
155
105
117
109
27
32
139
27
153
151
7
48
2
84
22
8
162
100
81
142
140
11
165
17
149
15
59
185
165
46
179
171
67
93
7
151
36
122
183
123
159
105
170
8
128
147
171
146
55
61
151
14
36
29
161
11
34
183
120
171
157
197
119
67
153
37
30
86
144
188
50
0
56
184
142
174
15
68
99
3
51
44
52
196
90
88
55
77
187
142
136
45
64
8
56
188
25
180
93
78
141
10
7
87
95
40
95
109
179
25
19
37
12
37
146
118
19
74
81
122
158
120
159
147
146
130
188
178
46
119
16
34
71
48
171
188
65
109
185
35
73
105
183
167
4
4
39
15
130
182
139
191
197
144
122
97
168
167
196
8
174
34
84
64
113
75
1
194
171
10
144
147
92
21
82
83
56
84
38
147
148
112
51
167
61
52
171
132
78
83
79
147
196
105
91
19
71
182
198
13
47
69
89
41
8
163
33
86
4
26
163
78
52
157
107
87
114
94
88
166
38
3
151
23
195
63
163
167
198
141
102
98
26
112
103
176
34
165
72
131
140
34
146
100
110
136
103
147
81
155
140
4
142
90
193
158
89
154
111
152
73
5
133
101
64
176
102
118
61
194
42
150
52
48
143
41
199
101
173
101
51
175
195
43
34
69
193
151
112
140
171
82
180
185
46
121
149
80
114
78
190
51
76
44
8
47
119
25
2
176
134
132
87
133
177
77
93
14
42
148
29
194
35
161
76
141
165
139
101
190
71
36
80
78
26
81
131
84
157
40
44
22
57
26
184
18
147
175
147
51
1
49
68
143
195
81
116
141
192
174
196
12
66
164
120
38
55
8
131
179
132
170
176
130
176
107
114
146
51
30
97
159
185
99
154
121
103
134
65
182
81
151
5
151
125
26
153
7
144
14
171
160
114
11
66
184
80
156
9
33
63
180
98
191
24
182
9
90
132
108
126
83
197
81
198
155
150
122
151
126
80
158
126
103
34
103
159
77
109
33
192
19
185
127
122
102
120
133
93
175
189
167
192
128
55
89
97
139
64
24
95
158
180
13
145
75
81
170
42
172
154
109
116
163
151
1
182
24
149
92
84
4
110
180
18
105
156
82
60
28
135
48
12
51
96
46
105
129
113
152
176
177
188
20
2
183
173
88
114
177
116
80
65
76
139
133
120
19
184
185
25
122
103
70
154
138
88
78
8
93
88
94
172
104
190
156
68
105
53
47
89
166
129
53
119
116
128
7
47
121
150
137
101
73
36
70
6
181
47
113
171
163
25
150
194
166
94
158
31
61
188
81
39
193
47
190
52
24
1
142
178
0
19
7
100
141
139
28
164
138
34
74
118
46
176
181
127
182
37
8
87
177
39
76
32
137
188
168
34
60
107
79
21
82
19
199
58
49
127
5
7
133
156
117
101
107
81
143
22
28
186
70
8
151
33
11
1
135
9
142
135
108
152
196
77
77
57
44
187
91
75
155
27
64
122
63
195
150
176
17
52
61
7
27
174
20
85
153
190
25
165
93
85
195
38
154
30
92
82
186
123
117
173
195
164
137
128
36
150
131
97
109
76
12
17
172
181
12
74
84
113
50
10
64
185
79
40
22
194
60
154
86
54
27
104
193
199
155
25
175
73
126
185
152
155
133
179
188
65
99
145
127
153
70
45
164
167
138
74
66
168
95
36
188
55
51
25
10
32
91
162
68
175
2
66
103
52
132
171
40
69
132
7
38
183
186
65
124
171
184
88
52
113
195
189
135
188
71
122
24
146
131
119
152
37
140
66
140
59
30
10
156
71
157
89
93
105
17
35
45
25
191
151
94
107
132
1
115
103
100
81
96
137
145
116
167
104
88
76
93
172
110
47
3
33
152
81
119
59
47
23
27
85
17
113
181
177
28
115
54
126
38
73
127
145
9
196
44
186
106
109
188
37
72
108
129
112
57
13
146
87
72
64
25
130
163
148
142
184
41
32
121
139
81
93
199
183
125
99
108
192
6
55
71
39
96
22
83
88
86
32
33
36
161
131
179
14
129
3
172
163
166
132
107
139
72
36
62
175
155
167
34
14
199
87
33
80
195
24
45
134
113
150
32
43
173
132
142
75
31
90
34
47
144
162
189
50
57
15
102
52
6
66
43
160
194
66
133
187
44
167
10
100
39
76
163
34
48
174
110
103
48
13
190
55
9
15
190
148
102
163
5
42
131
56
98
130
83
115
161
53
32
47
198
23
148
52
22
133
31
190
14
116
162
177
171
64
71
22
167
61
4
29
61
126
148
183
116
23
197
182
104
73
49
179
46
178
44
68
77
87
180
184
10
87
23
120
124
140
94
124
183
121
142
119
100
187
183
89
117
21
46
15
197
52
5
64
62
131
107
78
76
28
70
111
127
140
163
112
47
106
16
13
80
36
26
119
172
21
144
138
167
71
112
154
38
113
55
74
65
45
148
32
136
25
14
96
177
191
4
36
159
115
99
149
14
169
130
160
123
49
97
136
57
160
0
148
70
172
140
92
188
179
84
149
155
17
90
47
51
100
84
160
88
173
194
55
102
38
35
174
140
178
40
197
181
197
138
151
33
178
63
35
58
107
143
42
170
152
173
23
138
135
80
192
165
4
162
88
132
125
104
94
10
85
120
141
7
171
105
25
106
94
132
59
104
55
112
9
9
19
139
125
41
140
180
8
180
107
69
123
83
147
199
186
3
173
5
126
180
68
155
21
191
164
55
47
33
188
5
112
156
157
16
53
157
54
76
133
144
182
153
77
151
149
106
128
98
14
140
146
184
173
34
87
187
177
181
52
82
39
120
65
56
163
1
26
137
3
100
81
197
34
90
90
197
197
38
123
43
29
120
125
78
130
3
139
18
177
1
158
46
90
118
170
31
152
185
89
186
29
103
10
