7560	46	37	2
151
110
55
185
132
82
53
26
179
162
52
103
160
29
139
158
24
166
135
17
70
182
32
194
145
62
31
147
50
14
76
33
156
71
84
4
84
82
56
30
136
3
137
157
196
101
119
175
31
59
80
97
20
40
69
180
165
100
144
180
49
140
66
190
30
21
98
158
2
196
56
18
27
5
7
151
55
182
104
54
133
63
59
162
2
120
121
128
128
102
197
76
97
172
113
60
73
123
156
51
145
126
9
12
128
156
83
137
156
170
148
199
110
4
173
71
116
176
168
156
48
24
113
164
101
154
27
22
121
53
126
94
190
34
142
127
115
29
144
134
176
166
197
190
30
97
145
62
173
62
85
187
199
69
80
107
17
194
196
160
90
176
45
76
92
110
68
47
120
131
42
43
30
39
72
64
2
23
179
169
137
76
85
113
147
185
142
131
163
88
130
46
105
96
172
137
152
76
144
176
171
91
157
139
107
79
41
191
196
36
55
76
86
151
36
51
118
25
128
193
148
103
151
164
64
183
191
24
86
1
163
31
120
119
166
35
122
139
140
153
193
4
146
100
197
164
158
11
46
80
145
48
154
53
24
198
76
36
138
46
73
161
156
110
179
150
128
79
0
191
44
57
141
26
167
165
164
53
54
63
38
67
37
198
121
52
17
129
97
80
138
7
149
192
21
91
17
154
103
146
161
151
151
11
101
162
194
19
71
199
178
161
17
53
104
52
180
161
158
47
28
89
65
6
127
130
12
161
116
47
40
90
72
70
47
83
35
112
80
25
57
45
116
103
109
122
119
153
16
1
18
150
23
178
62
88
107
27
59
44
17
105
70
88
41
10
137
54
196
113
180
100
199
165
137
76
125
175
69
183
96
110
50
89
103
120
74
177
124
79
38
128
36
189
109
67
193
166
64
134
21
145
10
135
60
2
12
60
52
143
190
171
49
125
42
28
25
30
3
28
78
121
139
9
194
159
137
5
92
29
89
65
136
91
142
111
21
24
43
180
0
167
183
88
103
154
30
155
159
137
36
166
158
127
164
147
69
58
39
163
13
109
113
106
115
27
125
128
86
170
96
70
132
34
115
187
68
25
34
115
39
156
65
179
88
27
38
147
42
138
186
152
89
72
2
93
112
94
162
109
50
165
136
128
76
156
46
88
143
13
81
78
91
3
151
62
175
91
197
140
38
107
166
129
131
67
16
118
109
151
161
4
109
110
127
133
4
178
116
50
2
60
192
154
1
123
129
4
32
25
181
146
195
106
16
74
96
146
185
25
4
82
62
102
124
95
24
49
192
87
26
198
161
16
155
18
115
95
51
33
190
26
114
137
135
59
35
94
43
177
127
43
35
164
190
74
74
101
49
112
164
168
51
128
81
175
198
194
127
4
121
152
6
106
79
181
12
169
171
162
1
60
31
102
165
145
44
106
173
164
180
78
196
136
139
19
134
27
140
6
80
141
80
134
35
181
49
178
112
72
124
186
189
23
133
184
141
179
53
106
110
120
150
72
20
75
191
28
19
162
34
19
129
126
59
102
10
7
188
37
125
45
179
105
84
38
93
20
137
80
75
80
27
77
99
80
176
6
186
87
44
134
52
107
16
156
198
30
198
60
19
49
177
107
51
124
169
140
18
126
84
124
156
142
104
111
126
116
20
156
72
31
151
172
38
20
32
114
142
63
196
48
28
34
38
198
104
119
185
199
41
163
113
178
139
25
120
89
68
15
188
114
13
137
149
80
180
73
69
61
126
176
104
6
97
4
18
83
63
29
72
121
198
93
134
166
29
68
48
129
57
197
196
131
102
185
100
190
89
62
98
104
114
139
45
100
63
179
160
133
107
179
137
56
157
146
198
125
5
36
67
153
9
74
65
108
126
82
72
34
146
87
85
80
14
117
119
188
185
35
19
1
24
133
8
142
42
164
85
146
143
197
94
159
0
67
117
32
41
65
132
119
195
80
81
111
143
153
91
155
93
160
25
2
114
70
114
104
64
9
111
178
95
162
92
133
65
122
165
139
115
50
45
155
128
46
10
188
176
149
157
102
133
167
53
141
182
59
27
194
44
156
192
120
2
80
162
168
137
125
53
98
121
136
95
96
4
59
76
80
149
98
120
7
14
179
51
116
23
144
86
160
2
137
195
176
34
2
139
124
12
71
106
144
198
32
132
28
149
69
107
49
130
79
72
139
188
144
39
102
121
168
15
190
117
181
150
23
126
110
132
197
198
44
14
97
111
142
107
137
109
71
187
115
108
78
82
150
131
26
28
44
80
192
139
120
27
138
44
192
151
190
16
199
187
184
94
42
126
45
182
52
73
69
168
65
102
76
170
116
22
157
144
21
113
59
86
66
190
134
161
192
123
94
124
54
30
128
183
158
57
50
65
178
196
123
14
63
69
28
3
192
146
22
166
90
167
134
123
167
171
76
26
26
85
44
36
94
12
174
131
98
147
16
193
5
12
126
73
2
147
51
42
56
171
15
178
49
47
85
63
13
22
136
137
34
49
49
11
162
193
80
24
1
129
52
114
106
115
16
93
165
110
93
66
71
141
78
0
157
3
20
77
70
154
174
195
29
164
148
77
144
48
40
64
96
86
114
87
13
54
79
166
116
26
125
192
56
35
126
60
187
193
86
34
151
77
50
132
198
96
95
71
186
15
180
1
2
30
94
172
169
48
70
0
164
145
64
15
88
147
163
154
118
4
24
2
45
73
185
80
122
156
23
13
125
152
40
165
67
181
51
142
180
47
137
88
49
49
2
100
140
135
1
142
139
17
173
15
146
171
181
187
4
41
64
138
62
48
174
154
0
112
94
129
177
21
12
80
189
61
134
155
62
196
140
140
197
18
187
176
195
143
164
34
192
109
125
187
31
43
147
19
92
146
146
96
83
199
196
37
79
33
193
127
195
45
25
105
120
118
147
135
100
64
41
31
139
91
35
75
37
4
180
147
84
175
156
48
39
41
171
163
24
82
15
116
79
24
3
135
161
46
140
40
1
107
104
87
192
15
149
71
180
49
100
16
115
27
56
156
34
135
159
15
190
115
123
39
102
175
165
147
139
111
144
160
37
172
61
94
124
21
160
82
32
44
198
117
77
147
10
185
198
164
43
19
124
192
106
4
172
39
85
105
131
158
156
99
62
159
93
177
50
98
192
17
68
90
137
117
55
90
157
74
96
69
194
76
159
85
184
6
100
116
78
70
180
6
187
12
39
104
178
186
118
49
73
167
102
126
150
142
100
116
189
20
84
38
163
111
122
23
96
25
52
97
133
12
194
100
58
15
35
66
82
175
157
143
198
33
161
94
162
131
57
54
96
130
118
99
23
38
138
129
159
90
47
116
44
128
106
99
109
73
32
194
80
90
179
30
140
178
24
180
154
176
177
171
16
1
74
32
187
167
42
103
57
53
152
15
129
55
143
71
47
198
96
76
96
89
98
100
182
119
9
165
168
89
72
199
114
37
76
40
156
52
166
134
49
69
44
39
39
195
78
124
21
121
16
52
62
166
168
165
97
180
142
173
42
186
67
174
185
145
175
40
53
3
3
169
12
47
40
191
97
9
18
150
131
127
188
13
94
119
9
155
105
164
116
23
19
55
77
133
58
1
89
100
2
198
36
4
134
54
182
61
54
38
167
138
117
59
24
77
53
110
160
124
129
171
111
9
23
4
107
71
185
10
4
160
175
123
6
187
114
183
91
115
47
148
162
123
126
146
128
62
5
81
137
99
126
158
139
45
195
29
152
112
33
40
78
143
80
37
76
91
165
85
139
70
89
57
54
190
162
79
8
85
36
43
113
132
20
1
180
176
105
54
120
133
7
126
1
7
81
79
98
95
138
53
170
114
153
191
144
62
119
31
124
133
149
39
75
20
94
159
126
125
55
171
96
49
39
176
162
130
111
111
85
139
95
26
51
123
97
92
27
110
31
70
47
52
164
35
92
6
113
36
165
18
191
24
123
104
36
35
181
172
44
80
152
92
125
9
124
20
79
59
35
29
182
54
151
172
14
58
142
6
185
86
132
49
111
97
102
142
99
139
86
59
38
30
0
85
163
86
136
74
54
127
189
36
162
142
150
154
45
32
88
121
98
118
145
7
82
162
60
56
32
99
17
9
128
180
96
10
107
52
154
105
26
198
157
145
172
168
42
162
143
56
92
161
111
58
150
120
157
63
89
169
126
16
50
139
166
104
53
183
186
79
136
13
176
131
45
63
19
128
29
95
30
96
198
76
124
102
169
184
42
124
42
165
154
117
29
117
53
173
113
129
180
196
172
25
186
113
187
107
17
3
148
86
136
83
26
182
134
117
92
18
119
134
99
88
160
183
109
51
87
47
59
27
172
183
171
163
110
78
131
87
83
77
187
20
88
53
173
185
73
188
172
163
126
151
54
143
171
153
136
9
66
42
156
121
38
75
193
21
167
157
80
177
77
81
102
74
18
146
123
187
153
183
133
47
117
4
161
53
176
96
16
138
1
82
154
0
136
124
2
187
89
18
110
140
82
68
73
159
3
22
174
7
161
185
155
98
119
194
64
191
138
136
163
59
80
83
25
43
92
192
82
43
112
49
50
189
71
25
152
142
61
165
21
138
190
54
138
15
184
91
158
103
47
180
171
56
19
25
156
126
143
104
61
175
88
126
55
7
48
140
174
186
182
27
97
127
108
115
38
156
149
4
111
3
9
56
77
4
22
40
39
101
116
42
159
77
109
180
9
54
64
3
193
40
25
180
80
138
54
51
179
163
0
74
168
126
108
97
165
181
109
116
119
37
40
10
140
175
52
137
101
86
36
191
164
116
178
4
6
151
137
107
100
161
39
191
92
37
173
90
71
165
93
41
7
25
143
195
79
137
136
64
31
44
111
119
34
33
61
71
189
114
153
71
167
9
93
105
152
51
64
73
63
129
25
171
83
5
180
18
46
185
37
85
97
75
102
61
16
196
70
81
20
112
9
122
166
49
142
138
159
60
41
183
113
117
188
54
168
101
188
195
3
177
31
116
18
167
117
173
107
186
74
191
196
12
22
17
15
19
190
144
29
76
75
178
80
100
116
151
106
134
187
80
163
126
98
2
59
12
96
12
165
141
155
179
187
3
51
79
172
124
137
182
151
32
115
182
114
91
45
120
131
27
61
0
59
108
82
121
130
183
10
85
51
145
199
18
197
39
77
80
138
112
3
31
32
131
76
126
33
70
49
22
114
112
37
53
85
167
124
126
170
91
112
53
161
124
169
96
93
86
16
138
117
98
121
9
4
25
195
199
155
25
126
13
104
114
127
171
142
122
10
101
136
108
85
72
99
160
45
114
191
132
112
38
33
7
54
143
56
134
4
44
138
56
30
58
131
84
57
7
2
2
186
42
167
167
110
25
148
154
191
194
0
19
128
122
122
172
38
100
112
191
74
178
171
30
191
199
142
122
141
197
36
91
31
97
116
135
135
100
90
94
140
37
187
185
117
66
116
18
69
102
47
31
83
140
139
129
4
33
150
81
183
80
154
57
101
63
26
0
91
6
0
199
142
160
140
185
82
114
138
192
143
160
161
2
72
175
12
19
17
141
166
35
180
36
7
176
128
14
125
86
128
91
25
59
99
141
144
192
116
156
74
105
48
150
170
29
176
38
186
64
2
85
83
158
184
118
150
51
61
27
10
142
143
30
10
116
166
106
74
184
199
151
86
16
157
140
159
91
5
198
91
94
140
111
176
22
151
74
85
135
127
83
188
147
71
91
112
111
3
161
95
191
103
109
76
2
81
181
68
152
4
186
34
127
17
93
161
157
44
43
142
24
9
72
184
145
186
8
13
112
46
120
18
48
159
106
150
139
111
31
116
112
32
167
27
64
39
173
147
185
148
198
38
170
41
176
185
93
196
62
190
10
83
25
15
40
147
171
41
198
29
197
19
56
110
57
145
93
129
9
1
13
107
174
113
16
106
101
195
186
3
116
151
154
127
178
115
162
33
196
25
185
110
19
165
19
74
35
122
2
115
183
128
142
92
176
188
0
128
141
59
156
161
67
148
188
28
133
74
130
171
160
138
142
183
61
55
61
111
81
16
114
49
18
91
46
188
175
88
172
80
82
5
191
155
162
113
44
40
80
142
140
30
147
0
58
26
103
149
195
66
105
72
171
104
141
142
11
159
48
36
136
116
98
35
168
108
139
90
78
190
182
166
85
117
18
79
136
157
77
2
88
143
28
7
103
170
86
30
49
192
94
43
106
162
39
35
130
81
82
178
61
10
34
115
176
117
25
123
110
171
171
154
152
105
136
175
74
165
56
78
162
44
190
129
188
173
47
9
105
38
92
103
167
121
114
107
161
154
171
176
174
128
70
26
63
69
161
181
138
92
198
187
140
150
84
137
171
57
76
96
178
102
28
187
109
101
113
57
52
39
77
57
117
8
0
109
186
135
146
53
57
179
86
112
18
115
27
145
99
10
188
180
8
142
15
164
142
108
83
26
158
169
50
28
63
103
86
191
140
66
192
170
125
198
147
162
137
15
79
147
0
20
50
50
135
81
161
100
133
96
116
137
10
52
183
179
168
73
100
21
105
59
126
154
71
113
25
164
91
198
69
189
142
84
154
69
51
53
109
184
21
23
120
139
52
155
71
147
75
35
110
82
165
157
161
48
6
89
68
18
78
123
177
81
152
141
151
1
49
164
191
196
43
172
98
107
129
27
71
0
69
192
193
27
117
6
172
191
53
40
8
56
13
115
6
108
115
66
103
179
84
10
4
132
83
91
168
117
180
168
2
166
154
115
31
43
36
160
172
101
63
156
65
132
173
105
144
26
27
193
173
150
120
157
104
116
105
57
69
70
81
165
53
153
62
178
181
15
63
15
84
12
73
176
139
39
185
34
61
47
123
77
181
87
81
118
174
112
104
64
133
137
45
191
92
197
44
105
80
74
88
56
41
81
103
128
34
191
5
34
30
199
137
51
11
153
100
140
35
171
189
126
84
99
26
114
9
126
98
138
2
144
93
79
111
128
132
128
162
79
189
188
161
6
103
125
91
25
4
97
170
147
180
110
142
71
126
25
179
56
114
114
129
182
121
16
57
13
174
21
143
60
198
13
90
167
154
113
193
154
118
34
56
170
41
28
168
113
197
161
148
70
25
30
167
47
129
102
75
44
183
9
61
105
107
105
76
64
166
17
25
0
180
75
72
102
184
116
108
14
161
165
192
54
106
161
106
119
176
86
10
113
92
162
192
123
144
84
124
163
142
187
71
8
4
175
127
105
196
18
135
33
72
130
13
178
147
47
44
171
50
123
154
168
57
59
116
20
170
137
54
158
0
178
7
101
33
43
144
184
98
107
125
151
85
180
28
40
6
12
11
7
123
35
174
21
65
160
117
11
3
52
132
147
134
194
21
3
192
106
72
96
126
105
42
83
77
95
171
2
40
156
81
61
96
87
171
75
106
77
168
26
41
123
181
87
197
80
5
95
44
137
106
27
76
10
10
153
26
6
86
173
93
124
156
36
20
30
108
0
54
110
175
69
104
72
171
126
0
182
107
157
121
188
139
102
143
153
82
166
138
150
56
5
72
6
143
21
67
106
94
126
9
80
199
112
90
103
2
116
29
34
51
112
99
71
15
188
125
10
108
173
80
146
14
86
198
64
117
22
121
96
116
187
121
134
117
64
157
134
31
165
86
95
113
44
102
157
9
99
152
9
149
147
161
56
11
68
99
85
124
115
59
3
123
65
41
51
91
153
108
39
158
197
40
105
122
149
31
26
165
46
44
187
26
19
128
97
172
131
131
113
39
142
164
72
174
165
68
165
102
29
196
134
130
168
63
116
120
144
161
164
176
64
191
34
125
90
1
28
164
102
18
56
66
118
184
35
146
67
143
128
107
162
0
65
63
105
158
20
184
49
105
173
94
71
155
140
100
74
128
27
48
27
99
175
112
52
156
0
18
55
6
110
156
188
60
42
59
6
139
166
167
34
18
2
138
21
158
92
161
82
74
107
51
37
180
144
79
86
83
82
99
101
172
124
31
86
180
77
87
41
152
108
151
74
104
142
153
56
186
158
162
139
26
63
154
71
31
49
154
48
177
37
184
96
62
7
38
28
53
127
145
192
186
164
13
2
103
126
150
2
19
70
137
140
52
124
17
6
17
45
93
76
66
79
70
6
105
42
143
115
33
164
5
77
76
41
62
8
155
150
46
56
191
112
132
134
157
110
163
166
149
64
116
65
147
194
33
114
142
65
140
158
159
168
134
69
20
111
68
24
177
161
132
22
120
41
125
151
191
104
156
12
184
30
155
152
7
139
108
87
4
16
107
106
144
118
33
92
156
186
149
109
108
108
165
192
163
59
50
162
129
152
25
154
183
171
190
159
106
157
67
187
46
51
31
186
130
155
169
118
113
15
171
3
105
83
60
66
60
44
166
20
116
95
142
188
68
187
153
170
113
157
59
104
191
158
83
74
72
187
131
47
143
184
100
22
163
177
14
119
23
151
108
192
14
196
190
16
107
163
128
188
55
7
64
27
156
46
69
23
14
105
147
19
41
51
50
68
158
155
38
29
135
88
10
75
105
145
46
81
186
54
143
9
24
6
117
96
153
77
0
85
112
26
51
86
85
123
155
78
70
197
113
63
153
68
195
192
44
10
89
91
35
40
82
158
152
167
135
83
41
65
175
182
179
9
82
83
173
20
138
90
15
42
19
192
89
109
26
83
16
69
83
1
131
173
37
94
28
21
161
8
26
85
72
176
2
3
66
192
62
186
74
67
6
7
198
93
19
97
157
129
35
180
186
193
38
89
109
133
143
38
80
187
62
133
30
39
66
164
183
87
44
25
41
54
86
72
49
83
170
178
111
197
136
91
119
165
7
57
68
88
29
116
39
168
34
6
13
14
94
40
86
165
170
54
138
14
188
64
158
52
28
198
172
43
3
128
185
2
196
143
15
66
74
83
163
34
41
178
161
129
17
194
83
183
165
59
33
199
42
12
122
13
19
0
168
136
81
37
81
29
175
169
194
96
83
41
191
103
153
199
22
4
42
191
73
151
185
182
17
38
158
136
88
154
20
108
183
168
13
190
158
168
109
82
98
117
147
32
152
105
108
136
64
173
138
66
53
58
130
154
160
119
107
15
188
31
194
55
149
6
139
153
138
56
74
14
89
30
143
76
1
141
55
145
19
117
103
104
130
188
180
19
105
84
150
134
123
168
3
19
142
174
119
16
121
8
161
57
116
69
161
138
63
176
134
174
123
42
28
69
52
17
146
93
0
171
170
120
185
80
33
198
110
116
70
127
96
174
199
135
80
41
23
126
86
52
173
51
116
167
94
76
185
164
97
165
169
120
187
147
169
117
169
75
121
13
195
163
194
5
17
29
151
28
36
164
129
110
7
60
2
129
167
170
66
19
109
189
184
14
93
24
32
25
15
142
123
61
186
176
196
169
40
93
151
106
21
119
28
18
1
150
65
75
21
195
62
1
58
67
49
97
61
182
41
178
62
11
88
199
0
82
146
69
107
5
162
191
141
60
60
140
143
116
93
66
83
171
86
33
20
122
152
30
62
55
169
130
180
78
156
167
128
44
39
159
84
80
14
32
96
78
53
96
189
33
162
112
14
165
81
72
54
46
137
160
76
136
75
142
11
28
83
161
70
131
184
161
193
114
5
144
178
122
154
41
30
11
76
76
153
117
113
3
181
131
184
36
59
68
36
67
176
183
114
2
14
18
152
80
84
119
37
180
72
12
63
85
24
38
168
96
72
65
66
108
117
174
49
37
40
161
160
11
166
13
75
110
21
127
123
136
33
164
33
151
45
56
18
38
173
44
152
32
103
51
121
24
82
41
80
95
86
96
146
67
3
121
139
0
150
100
143
21
78
163
132
182
101
153
12
194
138
34
41
152
27
15
161
155
63
114
137
183
137
0
198
166
73
39
110
20
13
53
101
131
125
82
172
164
44
196
156
99
50
157
120
61
78
147
31
89
129
28
33
40
126
19
65
50
85
163
81
31
47
39
196
182
43
68
20
141
71
12
51
86
131
0
175
83
71
9
15
46
20
139
178
79
96
142
79
50
75
98
198
4
127
118
117
194
44
117
7
198
73
150
168
63
143
191
83
140
175
165
108
29
52
107
57
63
123
44
35
9
191
174
123
167
153
141
143
3
36
161
83
130
110
6
124
74
35
190
161
174
36
141
74
84
93
136
106
12
179
170
17
157
108
85
82
37
57
98
76
92
110
189
187
166
195
199
14
179
67
129
163
77
177
139
95
142
58
86
106
11
85
92
14
8
119
106
168
73
4
174
88
123
64
139
11
165
19
183
56
94
26
165
55
60
50
67
140
94
176
2
91
103
36
45
182
32
92
113
90
144
5
72
56
162
100
121
71
123
10
159
86
87
126
28
119
23
68
195
143
113
115
135
27
13
84
106
28
143
159
54
155
37
128
194
151
150
158
18
179
69
36
174
157
122
161
100
105
123
90
172
92
20
191
73
44
48
162
87
29
154
83
5
54
157
57
81
122
148
36
114
171
134
118
62
41
82
16
184
143
139
40
101
78
161
31
140
187
36
121
72
92
61
46
35
105
2
69
128
77
198
24
101
115
35
11
139
45
69
150
92
7
36
66
192
114
61
24
44
197
78
29
72
198
140
154
50
166
179
199
44
123
129
87
55
15
135
39
83
13
93
145
36
51
73
37
34
43
132
110
13
20
89
18
131
118
155
92
8
67
9
116
33
88
113
29
157
107
159
87
152
118
31
195
133
41
119
148
55
142
146
85
180
166
178
69
143
121
13
167
8
75
107
158
90
17
25
22
17
171
77
62
6
108
47
185
113
52
104
35
90
95
74
113
84
166
20
57
198
187
56
73
134
153
10
3
100
82
103
134
57
35
168
0
67
58
154
167
94
112
75
119
88
120
34
125
48
191
67
26
84
142
143
76
199
75
76
14
3
118
6
80
136
183
73
49
177
93
138
0
55
120
1
3
76
120
61
174
110
95
20
133
39
65
93
29
173
132
84
116
178
154
33
9
186
67
46
190
180
80
51
18
80
162
168
139
75
73
174
168
170
64
146
69
57
54
111
24
78
176
7
0
174
177
70
109
147
67
3
42
34
119
155
175
45
185
36
67
153
111
83
55
158
184
114
134
54
105
18
184
156
115
176
110
67
64
175
175
152
12
179
113
21
48
61
148
34
129
176
112
42
135
126
102
63
66
7
68
43
135
0
26
101
8
28
42
20
50
26
61
123
80
186
55
193
37
85
20
44
78
168
149
145
109
100
75
82
98
182
60
52
36
94
10
76
157
38
97
62
100
89
65
114
84
197
193
131
10
126
85
165
196
145
182
43
196
89
88
74
100
90
129
61
27
128
92
181
77
42
189
21
25
193
0
48
28
175
154
7
92
118
73
107
199
182
48
107
89
57
138
35
147
127
175
41
193
90
180
173
28
189
93
20
54
190
30
177
189
4
7
145
190
23
125
89
107
27
69
110
7
160
28
49
61
178
98
37
81
103
29
166
94
178
170
0
151
172
70
25
121
145
66
116
61
158
189
139
84
197
99
72
42
114
148
176
53
174
159
133
175
93
157
102
191
38
170
29
119
150
173
92
6
50
97
181
92
87
133
61
102
103
46
77
0
35
140
37
103
135
177
188
65
151
190
32
43
84
8
94
82
10
191
119
6
153
192
32
176
126
152
36
53
38
0
176
194
135
105
42
23
2
85
111
8
32
164
192
30
64
128
96
85
3
184
29
54
20
193
8
69
143
163
106
69
93
47
45
71
81
63
141
17
171
37
169
195
22
197
26
53
143
143
110
4
44
140
153
83
119
90
130
150
30
98
13
154
153
127
186
184
135
145
193
81
84
143
111
179
163
115
42
74
68
40
102
162
163
46
41
104
197
102
105
104
15
97
32
80
157
18
185
28
123
100
90
83
91
70
141
143
12
84
141
26
108
31
66
35
98
172
120
136
98
57
42
46
46
99
127
75
173
134
62
85
58
60
108
187
84
135
159
9
165
41
157
41
170
176
158
108
150
152
19
153
115
96
97
52
30
166
14
32
174
150
31
39
89
45
115
173
58
133
136
173
194
121
136
195
82
32
119
129
91
86
44
5
91
198
122
47
69
172
129
121
3
14
94
47
146
67
148
133
169
84
125
176
159
199
113
189
41
82
81
117
197
180
41
26
103
79
0
147
61
170
53
163
184
59
152
112
18
113
97
24
6
8
193
109
48
46
180
73
122
90
144
13
24
108
180
99
146
127
176
107
163
67
101
50
98
104
96
87
29
149
128
184
140
5
193
113
169
187
165
28
186
141
31
28
40
179
131
123
160
11
181
68
52
45
124
51
181
41
171
120
86
81
180
170
168
184
161
136
30
10
145
179
12
45
179
151
105
45
49
192
134
102
148
25
90
18
0
128
43
74
164
174
35
153
17
106
165
84
141
53
170
118
50
160
181
0
111
137
151
134
51
45
71
36
73
71
18
183
13
71
171
176
65
46
87
43
124
37
87
94
104
13
179
133
30
24
80
138
16
167
157
81
107
110
32
66
119
186
80
104
157
82
38
118
4
171
149
1
71
21
83
169
78
43
123
57
112
56
41
85
130
29
153
19
127
63
172
35
11
133
72
80
141
15
2
112
9
145
179
32
48
103
148
105
29
35
151
79
188
106
36
95
96
77
125
64
105
12
23
99
177
108
189
13
50
184
114
11
54
109
91
68
9
80
111
34
103
179
52
26
78
164
183
92
176
14
31
132
63
16
22
30
124
52
141
41
23
19
3
186
101
107
194
49
128
114
79
96
17
180
12
80
106
73
43
110
67
42
105
179
92
81
108
41
82
152
3
193
31
186
144
17
146
166
164
18
32
75
32
192
166
37
4
67
61
132
166
107
152
141
176
80
4
170
198
15
196
21
106
144
73
59
78
44
26
195
14
53
190
21
143
29
171
191
136
40
113
131
107
6
89
124
176
144
139
151
119
4
65
103
103
84
70
64
176
32
153
189
145
100
164
86
71
180
52
185
188
163
60
72
135
107
26
107
109
39
110
124
51
29
179
161
111
119
27
159
115
24
11
89
148
28
88
176
29
128
180
44
83
184
97
49
173
39
177
61
59
81
120
165
63
85
174
48
52
198
5
43
25
120
59
11
114
64
196
185
148
53
120
135
179
34
44
65
178
85
48
135
61
113
156
103
22
168
32
55
163
45
134
8
169
117
14
134
31
85
134
83
161
87
140
68
70
190
122
196
153
137
44
100
169
21
120
172
69
50
195
130
40
63
68
9
28
170
103
102
118
88
161
196
150
186
11
87
122
80
165
5
46
72
16
169
66
15
175
137
15
80
163
7
71
146
154
188
88
163
100
24
189
11
193
127
58
35
186
21
113
100
82
146
134
172
145
145
195
52
78
162
193
165
109
111
92
48
60
108
113
156
118
55
22
154
195
119
142
5
109
2
57
158
174
166
92
3
67
128
65
199
183
27
94
45
189
113
82
118
15
29
74
34
108
72
103
43
89
2
136
109
199
97
36
97
36
5
92
137
113
20
89
158
176
97
194
61
55
142
87
64
93
83
127
32
192
71
162
16
185
179
20
53
125
118
159
42
112
83
107
48
176
23
133
83
147
54
186
15
150
141
78
97
84
2
181
122
7
63
196
142
118
6
181
35
154
30
86
125
190
196
69
182
123
189
10
179
158
15
73
185
63
104
138
22
95
102
79
13
188
5
97
145
11
15
199
194
84
5
29
126
99
44
141
62
24
179
44
89
188
16
43
199
198
123
40
11
169
91
153
28
76
156
133
101
39
153
119
95
4
110
111
96
105
7
159
117
97
44
47
187
97
30
5
155
126
3
45
68
177
117
104
83
83
184
108
109
19
50
136
173
185
198
10
160
142
33
63
94
10
37
87
139
26
11
130
131
36
107
35
181
48
184
151
86
45
103
26
126
12
37
127
168
109
128
105
138
53
142
66
181
1
98
127
62
25
69
23
67
171
136
143
49
67
168
163
162
53
34
170
116
39
126
150
20
13
89
159
34
162
58
4
198
199
102
149
40
148
54
55
141
177
182
141
29
191
105
103
178
95
184
154
35
159
121
76
78
37
60
162
172
57
57
168
61
171
197
123
197
142
44
119
127
8
64
81
181
150
167
144
42
193
19
68
158
71
26
59
1
120
118
188
83
166
127
90
79
167
156
199
32
139
33
82
36
68
2
6
77
134
174
169
70
77
55
6
59
173
29
111
65
19
82
138
188
166
128
38
87
88
199
35
150
111
67
188
96
10
97
50
89
170
74
134
67
136
129
50
124
93
190
188
98
65
53
96
91
107
33
17
186
162
49
68
59
166
92
90
56
14
81
112
116
15
80
164
68
189
44
165
14
17
105
23
41
183
194
90
100
19
116
143
187
24
199
63
171
196
90
79
191
155
197
75
51
151
114
198
5
81
13
67
172
15
123
124
121
169
158
100
34
177
6
59
109
79
172
182
98
190
128
56
25
183
154
145
130
111
5
192
27
8
31
184
76
97
134
53
6
75
149
10
90
145
107
185
39
146
133
30
131
135
153
96
98
27
131
180
69
76
165
119
1
149
191
8
176
61
119
145
77
88
82
96
49
39
88
54
66
198
133
130
43
75
91
147
175
54
85
145
199
169
79
103
115
157
129
87
133
86
170
41
121
20
193
130
40
112
199
77
12
87
185
120
126
86
193
30
59
66
59
4
125
130
61
58
62
132
152
1
159
56
108
59
102
125
119
147
54
6
5
154
24
89
4
27
112
124
199
172
186
92
106
97
35
115
69
39
116
5
169
73
33
135
39
99
144
125
192
145
5
87
183
162
51
23
115
23
124
49
24
138
153
71
109
36
133
0
105
119
155
117
191
181
25
72
0
3
52
193
15
86
42
182
7
32
151
62
9
95
111
106
26
147
179
128
105
49
22
94
63
176
167
7
70
47
57
53
92
42
133
52
185
87
17
167
35
161
122
169
139
152
101
177
112
187
156
155
130
4
76
103
193
126
2
129
36
21
118
92
5
161
15
155
1
17
134
182
125
152
71
45
20
7
162
76
190
23
24
107
187
144
177
121
149
99
170
37
2
193
99
8
176
134
111
106
76
70
133
167
27
162
139
134
129
22
114
14
184
130
52
29
56
91
122
7
45
78
10
63
118
64
14
141
154
29
128
196
29
51
33
135
32
2
89
31
150
146
48
83
98
137
67
141
182
95
98
141
151
56
175
196
164
134
9
71
69
96
182
134
129
92
63
176
55
148
181
37
70
23
153
192
80
55
17
190
81
50
47
175
117
31
187
152
112
39
25
163
191
14
53
148
75
28
163
136
126
85
67
68
126
169
153
143
134
0
115
181
140
102
19
50
93
15
52
63
188
175
98
3
122
120
34
129
24
105
0
114
16
120
184
143
89
36
44
38
88
193
12
14
187
136
67
120
58
2
46
188
79
10
56
85
28
76
184
138
107
182
44
178
16
193
31
171
115
92
141
192
170
125
176
148
108
4
179
135
63
95
107
148
43
140
158
172
168
6
75
11
137
190
113
12
108
181
92
100
33
84
82
152
168
145
75
28
8
158
191
26
130
7
105
99
44
16
81
116
1
153
88
135
109
31
156
117
79
64
115
198
175
130
181
77
15
152
26
82
197
162
194
69
150
144
75
4
47
140
93
49
45
1
154
107
108
155
57
103
189
196
81
52
24
16
2
192
105
62
48
185
23
28
177
76
103
142
158
4
159
162
30
79
55
171
189
123
26
167
147
88
73
63
97
138
41
4
79
182
75
192
129
142
49
96
160
27
129
196
60
102
10
95
159
171
74
162
85
50
106
88
136
123
49
5
119
45
109
184
86
108
73
154
154
45
0
185
107
39
152
6
147
119
1
112
189
55
28
146
87
77
57
40
106
140
168
193
64
113
9
17
37
148
159
22
125
33
112
85
141
106
176
81
62
131
18
15
77
153
160
120
182
144
170
116
198
71
50
191
23
26
48
51
14
20
58
122
80
87
171
78
75
186
68
48
114
125
161
113
64
68
154
23
62
54
25
96
159
185
83
140
80
83
103
122
21
175
20
66
23
35
184
138
10
10
130
143
130
187
105
138
189
76
46
172
115
76
91
47
123
44
7
139
96
17
186
154
40
178
187
73
196
168
129
115
83
94
189
19
106
54
71
174
102
110
128
2
26
149
60
47
164
198
194
1
25
128
76
175
33
111
89
155
5
195
74
6
149
154
186
183
166
149
6
8
9
76
83
110
118
63
143
107
175
122
168
65
153
83
49
68
173
99
83
61
102
191
48
7
98
91
131
96
83
138
19
198
184
12
77
51
44
163
33
142
176
196
141
63
76
175
102
87
56
27
86
138
65
138
167
186
168
171
117
57
12
154
145
35
143
48
65
189
166
192
181
38
82
112
69
152
140
48
23
59
182
66
76
71
20
157
106
107
32
184
188
103
157
112
93
42
12
134
11
1
58
24
104
101
75
170
21
55
183
113
159
147
50
196
83
118
82
39
149
166
185
85
156
133
27
81
138
72
113
177
127
42
163
40
93
176
165
31
31
161
80
119
50
68
193
37
77
198
135
10
117
30
22
22
49
159
32
193
133
130
187
61
66
149
46
139
49
19
109
121
112
145
180
37
190
99
79
177
32
137
64
99
14
137
122
151
143
74
82
163
137
186
166
7
94
165
46
183
128
170
78
14
44
179
69
192
140
90
168
165
7
51
40
45
131
50
178
164
123
89
109
4
139
133
126
169
112
110
119
45
173
17
182
129
135
76
17
188
106
182
176
131
61
32
19
45
49
20
50
98
175
64
187
96
159
87
158
185
156
109
189
140
28
188
23
62
142
72
44
149
196
131
186
137
152
5
157
47
51
108
54
108
120
180
2
34
0
108
147
50
46
109
84
22
162
23
30
121
171
89
112
126
37
101
187
18
35
150
171
135
126
158
161
197
131
65
197
15
114
176
145
32
10
82
185
24
123
54
15
199
108
141
11
20
90
159
143
18
26
133
120
64
101
39
104
75
162
169
73
179
130
198
76
47
