6638	79	29	1
147
53
152
169
97
148
26
29
17
46
127
133
90
114
112
133
50
118
170
13
97
32
51
28
189
108
40
175
180
8
193
194
1
19
129
29
198
99
93
56
186
190
193
121
135
97
65
170
98
20
171
184
184
190
79
197
122
164
103
135
125
29
121
122
49
138
94
8
147
153
174
97
120
48
42
141
33
6
182
86
70
5
49
131
16
108
106
135
48
81
9
113
101
108
143
12
189
102
66
190
172
120
1
197
154
176
73
189
140
182
194
31
57
30
185
188
79
142
90
175
153
38
49
16
152
159
46
188
180
132
171
122
4
93
186
169
49
195
112
36
68
70
121
0
55
137
22
180
63
103
154
159
188
47
140
64
42
123
145
166
47
55
138
16
57
100
182
111
163
12
132
103
140
191
63
124
21
20
21
154
133
60
110
20
187
73
158
158
198
196
127
39
164
83
30
133
110
113
95
116
148
159
152
138
98
120
128
25
126
139
26
72
157
97
10
3
114
62
50
198
10
141
137
41
30
132
145
21
174
199
195
93
23
64
185
127
105
12
128
194
111
168
73
186
195
130
170
54
133
52
133
27
80
116
60
121
10
87
72
19
174
35
125
60
16
156
107
181
12
94
52
59
171
185
21
157
139
99
106
163
145
79
35
74
158
11
189
44
164
167
198
92
91
105
185
55
100
126
122
38
56
163
126
80
30
169
162
36
113
63
167
116
106
113
47
70
22
23
127
28
142
184
64
19
39
13
99
24
94
2
169
102
178
175
188
197
29
125
86
140
184
3
140
103
107
160
126
163
134
75
94
182
182
15
58
61
151
90
0
125
178
68
157
186
84
173
105
38
19
47
67
89
30
59
149
46
88
15
179
55
104
133
62
71
112
183
55
133
95
46
66
0
77
137
81
198
99
130
49
127
37
101
77
94
53
51
182
159
21
3
180
35
113
111
83
137
142
188
36
56
91
83
63
127
123
28
50
93
43
91
73
36
182
179
106
63
19
134
155
45
111
166
35
150
109
126
1
130
143
186
197
121
175
197
121
181
174
2
20
43
32
122
139
1
75
179
4
89
186
9
104
131
178
78
60
2
168
142
181
68
188
198
5
165
151
98
22
165
52
93
90
85
102
27
53
130
118
43
192
16
55
48
122
175
1
71
52
83
45
106
178
45
35
43
193
23
94
196
113
189
65
91
169
7
17
12
98
19
38
102
97
87
70
23
164
164
0
123
95
14
178
96
51
16
88
141
117
196
154
185
135
16
32
47
85
124
148
143
13
160
76
72
92
179
19
162
1
142
76
80
97
190
66
178
78
184
22
97
4
183
21
179
42
194
117
54
137
65
125
97
101
165
62
190
116
47
114
4
151
120
184
9
37
144
136
149
31
171
169
129
139
125
148
134
8
190
29
51
18
1
118
22
147
182
152
115
7
128
199
34
90
128
72
163
56
64
66
133
128
172
94
163
158
34
92
152
91
18
171
122
196
81
157
49
132
16
69
179
151
145
142
8
52
81
1
160
197
169
66
109
190
158
136
3
104
25
167
91
41
9
68
103
162
52
140
120
69
197
129
19
8
159
162
162
18
151
22
134
97
167
181
98
174
71
195
107
134
62
98
76
101
23
187
87
81
191
120
13
56
106
65
190
96
149
137
115
73
150
4
144
128
47
55
176
155
138
84
121
76
87
41
151
52
128
172
36
69
29
69
77
75
3
144
168
144
64
37
105
12
18
198
51
38
101
156
51
89
147
118
137
5
157
136
48
168
40
52
149
57
123
55
124
105
157
10
181
175
19
108
14
23
119
8
18
134
196
112
159
180
54
30
117
110
142
123
42
94
195
190
123
154
84
66
133
119
58
196
186
191
195
160
182
6
49
63
161
28
17
23
39
72
71
167
59
34
54
21
59
51
181
55
28
36
93
34
141
47
72
50
114
141
108
118
111
69
100
71
188
174
103
165
8
97
57
62
54
198
136
92
189
154
154
50
83
162
122
11
121
38
1
110
9
45
113
82
43
120
76
42
176
102
27
86
174
44
146
38
2
102
113
106
44
199
54
59
76
113
102
152
130
33
186
94
163
138
30
176
48
36
125
190
40
9
152
37
5
132
197
139
12
166
180
197
78
94
117
183
12
20
197
143
103
163
32
46
157
145
168
140
80
12
179
103
48
186
115
184
177
117
110
146
199
33
126
167
181
123
35
113
22
25
12
170
66
40
197
193
66
157
147
82
79
196
194
176
21
118
127
129
125
99
106
166
7
28
10
29
150
75
101
142
174
185
159
14
137
164
79
43
126
187
138
37
115
120
159
45
169
161
121
45
38
2
67
44
25
26
29
156
53
48
117
1
152
107
169
24
6
107
121
177
6
135
49
139
62
92
100
163
186
174
116
72
96
158
6
22
111
65
163
102
134
176
24
94
105
25
111
50
45
82
134
118
45
29
22
38
109
140
6
13
116
58
157
127
199
124
119
115
7
26
135
104
124
174
154
58
36
112
44
177
108
83
108
159
135
136
122
140
20
37
105
152
169
89
32
180
142
142
42
61
53
108
45
37
109
46
160
120
69
131
181
17
45
108
198
119
89
173
155
183
111
49
194
7
175
150
40
195
82
42
83
64
147
177
114
3
35
188
140
69
185
160
189
30
125
104
183
58
85
63
61
148
193
134
91
62
89
158
89
74
111
123
102
8
199
190
194
29
75
85
19
188
42
80
113
124
56
139
101
5
57
43
140
47
127
55
25
162
20
157
24
132
97
141
80
50
196
158
56
190
136
3
122
49
86
74
156
182
66
161
19
115
9
37
2
100
133
144
9
38
11
38
105
117
148
125
171
90
39
94
80
4
32
28
27
17
105
24
155
10
198
22
117
177
167
104
166
183
175
142
93
198
106
174
151
104
195
181
44
35
106
122
31
137
181
155
148
64
54
199
169
66
146
95
15
50
25
161
10
172
193
19
51
119
69
153
151
107
147
155
80
161
187
93
129
99
132
164
119
80
80
74
187
12
64
143
4
170
106
156
26
159
62
45
157
21
121
98
68
88
152
57
129
96
134
52
65
124
16
155
122
135
86
78
173
194
68
2
34
102
31
181
91
4
115
110
33
195
96
62
178
44
94
53
37
93
93
123
4
161
127
20
7
145
65
159
66
89
60
51
52
129
146
175
120
22
60
76
137
189
9
32
151
107
48
178
38
60
6
78
133
102
59
116
116
97
31
89
30
53
178
97
174
56
169
182
158
91
125
66
35
79
93
86
196
193
107
197
50
96
172
136
153
47
145
126
195
147
147
151
142
58
147
157
92
166
80
192
81
61
65
172
2
94
98
138
88
90
75
104
107
133
156
101
59
136
109
181
2
68
73
181
94
140
147
140
58
7
73
71
108
177
133
71
9
190
59
144
117
74
36
65
79
24
88
11
168
140
27
63
68
63
198
81
129
47
6
195
124
96
194
47
60
99
101
93
142
10
36
109
39
133
90
42
72
100
166
92
83
97
198
119
188
128
85
13
83
31
0
85
38
76
150
190
172
184
101
116
52
14
2
165
11
159
192
73
140
61
106
20
105
82
59
106
32
100
122
149
186
103
148
46
149
0
97
110
24
130
97
143
39
39
159
4
196
83
195
17
61
144
126
89
86
130
38
90
123
31
170
199
127
77
135
122
131
31
48
179
62
21
28
10
26
152
33
141
183
71
119
70
177
72
56
124
69
110
187
149
185
4
23
69
121
171
109
69
13
14
118
139
127
31
163
97
155
181
100
45
8
69
176
141
195
122
51
172
130
123
182
5
166
135
151
115
65
111
121
3
159
40
135
128
146
35
26
136
117
155
11
159
98
75
89
40
199
97
155
115
106
171
194
16
78
60
182
87
198
179
41
1
133
65
136
38
72
181
61
100
180
173
66
24
65
163
0
197
0
146
61
182
65
91
52
65
108
56
94
91
65
68
199
162
92
62
172
186
128
8
47
175
28
0
109
148
74
90
167
23
164
135
52
73
122
23
16
29
54
39
149
115
161
86
72
162
6
106
79
96
108
42
134
63
1
175
40
79
57
92
123
153
86
87
76
23
89
27
130
110
119
19
150
173
104
13
40
13
104
73
13
12
184
21
76
87
7
102
32
124
49
157
111
98
50
11
170
197
188
35
101
65
43
171
134
83
66
101
82
31
199
56
27
9
169
6
6
91
170
18
32
120
183
65
73
163
140
194
128
159
76
114
6
19
94
40
176
49
156
138
35
148
181
90
124
52
26
81
183
24
70
63
61
102
190
180
75
73
16
37
125
184
40
110
113
23
28
104
88
20
33
152
127
33
152
164
116
145
96
58
197
152
95
191
193
179
123
17
82
41
162
10
122
133
65
145
194
33
130
143
42
184
198
66
26
8
18
65
143
11
167
109
194
121
153
104
186
139
129
110
82
150
190
100
44
177
14
153
149
101
58
119
114
1
55
22
96
31
81
182
34
39
106
182
195
77
40
150
99
25
189
109
86
107
8
16
24
193
120
112
109
143
137
23
173
74
183
70
60
9
87
86
120
8
197
193
163
90
64
196
145
154
162
124
195
126
60
49
18
185
110
27
119
28
187
160
70
56
67
56
116
138
162
53
149
99
78
58
40
11
85
126
95
26
109
197
37
187
78
84
52
93
34
151
199
182
148
40
42
151
54
6
10
126
68
144
118
172
134
100
28
44
52
17
65
44
49
173
128
52
138
116
132
40
112
46
105
179
168
67
60
178
132
165
66
138
3
50
166
63
155
149
68
82
7
24
147
133
155
152
184
14
196
29
181
87
13
157
104
182
108
100
79
62
195
49
90
112
146
112
17
183
177
7
44
95
187
104
130
49
87
90
176
198
24
12
195
45
20
103
145
123
18
79
106
166
100
110
180
70
60
197
148
121
155
64
80
81
157
44
8
139
8
63
46
71
74
148
171
199
10
50
168
142
143
136
142
55
142
160
13
95
103
141
41
120
166
130
171
123
111
88
148
120
42
11
20
181
95
138
8
169
99
33
129
116
136
5
121
157
2
131
73
31
30
77
134
65
141
170
59
105
174
105
7
172
154
178
126
60
161
1
134
102
42
119
64
23
47
199
198
84
79
98
84
26
101
152
87
144
125
188
90
143
31
162
95
18
92
167
58
24
189
101
49
52
36
130
112
173
138
44
50
191
31
99
161
29
87
83
94
80
18
84
108
161
36
95
79
23
131
176
66
166
136
11
94
116
36
20
30
177
107
175
71
58
190
104
110
50
146
65
129
22
198
158
151
43
3
61
11
63
188
167
155
88
84
198
184
85
6
19
118
95
152
133
123
19
25
135
181
7
65
6
19
62
120
165
101
82
38
72
80
133
42
42
25
116
78
83
83
49
15
129
28
67
171
97
49
28
35
90
138
127
144
71
121
123
154
103
171
89
99
187
9
102
18
123
152
69
43
53
20
93
67
59
196
1
130
39
118
50
17
22
123
174
51
199
149
146
80
71
133
12
36
186
98
134
183
159
11
103
189
120
62
124
93
21
49
86
151
84
5
64
159
151
90
136
150
75
77
79
55
64
63
71
15
113
199
32
94
154
160
54
114
89
29
179
2
139
136
85
168
84
186
19
96
105
180
113
157
142
141
142
155
71
156
190
135
101
141
161
178
16
137
71
36
123
5
158
118
153
93
33
64
137
81
15
8
80
117
110
180
148
199
50
95
161
50
93
63
2
31
44
144
37
131
84
121
131
99
192
67
50
59
128
98
57
47
175
172
184
153
129
79
138
65
79
151
96
107
113
165
51
169
174
187
13
177
171
99
180
146
94
192
68
8
69
60
96
183
112
8
101
115
72
50
195
78
59
129
49
67
101
4
164
136
171
120
43
161
199
72
98
70
140
127
162
158
133
73
129
133
118
23
179
25
78
97
4
10
184
190
168
8
100
143
82
15
39
58
93
197
172
195
90
28
21
100
199
194
114
84
160
141
148
158
109
101
191
112
184
154
138
140
9
116
180
164
112
186
61
118
54
26
14
175
96
6
38
84
16
0
146
179
26
12
151
32
153
44
47
164
131
97
94
159
16
76
73
174
26
29
122
16
89
35
33
186
126
74
74
43
98
11
175
193
170
77
11
82
129
153
99
15
186
35
32
50
72
124
173
193
45
181
97
107
75
182
90
79
170
68
143
68
79
105
79
170
165
156
59
103
98
122
157
22
9
157
156
186
191
0
45
137
132
133
160
139
168
61
195
138
40
79
175
99
164
108
181
122
110
38
36
92
88
17
67
13
130
34
117
107
32
84
46
10
172
121
88
77
29
61
50
62
131
46
174
5
13
24
14
181
73
190
82
84
192
187
64
25
59
174
16
31
54
171
35
8
160
198
64
69
4
26
178
57
143
88
18
134
102
11
20
39
59
96
168
180
91
163
48
100
168
69
193
69
150
34
128
79
76
158
26
46
42
144
103
94
81
174
180
129
50
40
172
44
175
185
59
48
152
119
143
19
84
36
139
135
117
29
121
83
77
151
19
165
146
146
150
169
36
14
179
123
71
178
155
88
66
155
31
91
10
129
129
155
155
70
115
121
93
23
162
184
111
69
198
77
162
141
49
102
108
75
25
175
40
110
20
87
151
124
39
193
165
14
107
102
26
103
188
24
51
182
135
162
92
50
24
91
21
189
38
25
78
153
75
154
24
56
187
13
82
64
72
191
157
194
143
42
140
195
108
80
107
172
61
77
186
60
165
162
182
134
175
6
102
149
141
15
101
51
12
110
48
89
142
9
173
97
123
73
142
39
108
196
161
22
47
101
117
159
96
191
27
67
130
65
126
122
2
115
25
13
195
126
156
61
156
130
130
38
58
177
67
30
35
88
80
104
89
86
144
21
150
69
14
138
82
70
109
60
31
73
185
168
149
65
107
135
191
134
25
126
152
12
183
44
179
41
110
13
15
76
175
36
155
105
53
109
75
97
132
88
167
22
161
73
180
108
96
164
130
114
116
61
58
16
47
22
33
147
158
34
189
180
175
63
90
142
90
161
114
198
25
128
199
149
165
43
166
9
55
54
162
106
184
159
90
16
198
167
24
113
75
92
167
56
43
50
136
65
106
25
185
81
55
42
51
139
97
20
174
157
133
179
43
9
17
56
198
135
32
195
150
176
107
180
34
149
56
82
9
30
129
139
46
14
91
50
31
196
17
102
120
61
5
87
129
156
11
43
184
195
138
15
196
67
192
17
168
40
33
34
160
88
3
153
20
186
0
58
22
19
49
62
0
3
116
172
143
134
18
45
174
191
8
77
9
31
167
173
95
3
194
38
130
155
196
32
103
39
187
24
44
164
85
128
83
68
69
144
194
108
194
10
195
87
189
35
7
103
188
110
170
163
160
178
27
100
23
100
115
98
191
79
111
156
24
151
123
37
141
150
165
33
199
198
100
142
197
21
27
136
147
38
53
125
102
187
134
127
146
176
68
191
168
36
97
23
136
193
14
152
38
2
5
170
148
188
99
74
92
109
32
141
56
73
60
99
144
68
40
47
119
10
47
107
171
57
159
152
15
32
183
155
79
9
198
2
167
129
93
174
175
169
91
171
87
85
148
91
59
129
197
33
164
4
118
88
131
108
12
116
50
57
186
96
25
158
163
150
138
113
111
126
2
196
72
174
156
156
88
143
11
135
144
104
51
187
183
28
85
65
117
94
62
32
51
157
82
45
162
82
106
184
188
86
56
195
162
185
186
171
67
197
3
169
14
161
186
122
69
177
172
114
62
3
109
176
118
4
158
179
68
121
187
26
168
146
45
112
86
32
15
198
83
47
159
27
163
47
75
127
60
76
28
61
66
142
124
86
16
11
176
162
192
159
122
82
191
110
165
145
24
104
149
153
59
163
75
97
170
143
99
60
176
2
34
109
70
60
199
118
140
84
4
49
136
17
81
109
133
78
85
98
67
53
154
111
55
68
92
192
120
52
94
182
125
109
58
23
198
184
18
108
93
37
47
177
185
139
173
111
15
166
121
5
12
122
72
182
60
77
190
67
40
179
0
25
64
115
78
5
13
127
128
100
41
65
140
144
38
64
153
52
143
90
20
64
7
19
68
64
52
84
12
70
0
183
76
153
84
23
76
93
96
148
63
73
195
195
160
192
20
117
187
103
171
46
74
14
135
141
170
34
77
172
2
150
33
69
24
113
197
76
120
187
51
188
57
25
112
161
46
40
87
117
158
22
94
198
120
195
49
12
22
79
170
16
125
142
138
16
31
30
159
168
109
185
153
178
100
134
170
190
74
121
170
172
21
155
68
6
1
108
81
19
148
116
143
6
96
146
5
157
116
100
78
22
167
61
111
3
194
148
119
70
105
25
146
96
86
138
66
170
41
68
170
15
160
46
136
17
103
150
63
112
53
71
22
177
163
146
129
35
104
65
185
181
126
51
155
178
107
65
82
71
93
103
113
51
190
143
65
101
31
199
99
36
92
178
108
103
36
92
34
149
43
95
70
198
69
83
96
9
65
186
169
95
96
74
170
148
17
91
199
22
75
136
159
197
166
106
82
107
134
0
87
133
173
155
1
15
179
174
174
7
21
99
132
47
7
32
0
37
159
152
12
8
160
53
20
177
183
116
198
129
158
33
84
185
123
89
71
43
140
71
17
120
193
62
166
35
93
165
112
43
114
16
38
159
9
171
33
25
3
145
27
132
95
35
124
66
81
45
74
70
26
194
84
169
18
191
171
16
39
77
38
34
16
104
192
167
50
125
0
91
22
24
157
122
174
131
124
22
2
2
199
148
148
131
76
133
116
196
31
40
80
5
157
157
195
92
182
28
176
119
6
187
68
59
192
118
110
155
39
129
36
61
107
1
67
71
60
97
170
183
191
9
140
152
58
56
40
135
156
42
63
141
6
100
161
88
33
196
20
138
99
102
82
10
105
1
165
1
194
89
90
197
189
117
0
138
64
168
83
23
31
85
113
4
149
131
41
57
90
192
115
17
89
114
199
5
29
112
38
149
40
8
31
154
87
170
119
151
68
144
24
126
1
169
164
191
167
19
143
58
17
78
135
181
40
48
57
10
3
163
120
192
154
178
76
186
112
66
77
12
98
110
163
73
0
90
100
82
199
9
17
97
41
82
101
35
74
5
130
108
119
180
10
45
173
12
199
184
187
27
191
100
190
99
168
28
159
52
132
177
122
96
177
112
70
8
40
15
12
76
135
104
38
0
165
80
85
114
194
113
183
135
89
179
179
61
99
42
138
75
112
49
180
21
188
188
20
172
164
155
73
146
124
34
10
195
143
77
182
95
146
113
45
164
197
198
174
120
47
105
165
44
173
157
112
180
198
65
95
154
54
5
47
107
157
54
17
81
124
1
155
168
19
76
58
20
18
88
130
183
34
171
125
121
70
129
84
135
4
27
84
14
130
136
55
26
30
119
38
23
63
95
33
160
65
14
35
69
81
77
156
63
94
189
116
167
72
106
105
21
112
109
86
21
2
0
80
107
147
19
189
39
92
75
131
59
24
2
19
50
64
10
24
43
56
50
64
130
54
155
118
8
174
172
32
153
61
34
92
51
176
148
122
54
40
34
78
127
28
197
182
86
179
25
162
8
29
96
36
167
28
96
13
28
180
196
136
143
116
9
88
86
65
94
10
137
102
127
38
78
57
51
144
159
164
56
157
129
55
145
124
48
39
94
114
22
69
49
154
171
109
129
135
167
193
119
191
98
186
102
55
156
99
0
173
80
122
171
126
91
11
162
36
59
130
119
194
90
197
159
152
74
156
182
62
98
70
185
95
63
49
179
52
102
93
71
145
109
78
84
56
145
117
127
88
10
90
81
153
195
79
169
167
30
11
21
65
60
178
90
29
66
14
83
194
23
165
53
161
26
158
129
120
96
8
123
164
3
66
104
43
46
185
60
188
44
185
65
67
169
106
148
101
64
182
97
76
76
101
166
119
163
86
85
194
155
162
75
29
168
158
46
91
30
101
140
98
49
151
30
33
140
195
123
139
22
12
137
95
112
90
174
17
83
80
165
57
55
174
76
150
183
171
113
118
152
160
93
141
183
75
17
39
178
143
109
163
167
157
63
167
168
9
185
194
152
99
163
58
48
55
87
131
186
108
156
16
103
126
66
41
116
137
29
145
78
51
108
106
6
67
72
119
16
108
82
38
125
160
61
41
129
179
99
56
55
70
20
60
64
99
8
154
2
60
22
178
101
171
173
155
89
45
199
36
131
0
118
74
174
29
103
97
6
76
51
185
136
92
67
143
46
187
92
156
39
192
160
70
162
82
180
33
106
20
129
26
5
97
73
184
31
14
107
87
77
16
122
66
195
194
103
132
78
74
183
188
93
97
96
155
178
134
117
138
87
23
104
189
12
107
55
94
68
30
119
119
151
1
29
0
107
149
148
49
51
132
112
164
42
197
137
155
8
106
59
145
99
175
130
152
9
113
171
110
186
153
94
60
98
116
128
118
124
96
84
80
90
53
129
2
176
109
167
42
25
97
67
3
138
194
106
15
154
81
51
198
107
139
108
51
82
45
54
111
81
0
53
101
127
96
103
9
77
111
103
54
41
73
105
82
111
107
29
120
155
181
113
129
60
26
22
8
50
176
149
89
136
0
146
189
172
51
78
45
84
126
107
145
19
92
33
100
64
111
182
149
183
107
169
172
185
39
159
70
47
81
55
16
180
76
128
100
80
48
154
139
8
95
145
167
179
95
30
75
120
65
193
34
171
149
41
25
118
8
131
34
156
139
137
30
97
89
105
70
189
61
79
21
183
37
93
93
198
23
150
93
91
126
130
29
170
105
75
86
144
128
191
192
166
92
54
160
51
42
139
94
104
188
120
185
44
52
130
55
96
86
75
189
149
153
174
80
1
161
93
125
89
100
126
3
184
158
196
115
46
172
146
185
60
82
146
194
171
113
51
17
172
33
130
176
90
70
159
183
107
58
144
60
30
63
84
16
159
71
29
154
38
146
128
194
77
11
33
20
40
120
47
38
174
52
94
56
94
42
164
31
45
80
131
46
140
142
29
178
198
1
166
97
15
57
171
70
152
67
32
131
142
43
159
155
180
82
101
146
125
48
46
180
91
103
81
87
93
147
190
47
106
105
43
124
109
163
54
121
177
46
173
115
67
144
161
148
39
105
113
187
35
93
147
130
32
195
117
100
22
53
90
25
159
76
192
191
60
183
117
182
59
136
58
144
50
123
152
44
141
92
63
150
108
188
190
116
16
127
156
63
76
45
149
164
104
188
160
6
136
126
165
130
107
132
12
23
135
199
136
192
50
38
187
95
148
41
75
167
40
65
194
102
177
66
3
149
193
126
16
102
109
183
169
137
28
192
111
43
94
112
158
123
146
149
8
122
23
105
199
55
196
27
155
84
35
53
113
16
39
189
124
186
199
51
37
190
35
30
62
56
27
123
21
138
199
11
28
123
137
39
149
87
7
91
98
157
52
76
50
185
70
31
184
182
10
176
6
199
107
108
87
106
10
107
177
185
152
117
57
167
14
80
177
140
21
147
132
157
50
90
138
115
81
87
87
46
98
25
198
197
137
92
132
37
63
125
183
52
175
191
148
96
171
15
159
153
51
152
173
96
175
68
94
19
101
169
71
126
164
59
43
23
153
27
177
109
86
20
33
54
24
29
97
68
26
144
172
100
109
95
185
27
25
37
193
156
69
160
58
42
34
17
105
103
126
125
4
175
52
92
117
148
144
75
107
78
32
0
155
158
182
194
43
80
59
186
183
83
142
185
189
119
33
80
98
33
92
14
136
29
123
170
143
73
106
13
95
42
65
42
144
150
139
166
89
101
176
198
117
188
187
153
171
127
29
147
44
171
112
146
80
173
24
73
177
18
91
111
121
132
146
51
104
78
87
182
157
69
190
181
133
19
57
146
2
144
11
46
162
199
166
181
177
138
79
102
33
43
119
13
21
33
77
86
45
155
71
80
140
4
48
132
157
59
83
185
44
149
101
110
17
129
97
75
167
80
21
108
42
48
17
74
151
171
48
104
181
8
150
79
137
94
162
158
57
40
110
178
14
10
9
30
188
15
117
127
181
132
156
191
185
148
173
140
18
24
21
35
52
74
17
86
170
39
136
24
155
160
53
97
84
99
105
75
39
43
79
7
48
80
145
132
16
115
105
21
27
187
25
182
21
85
140
19
1
52
93
149
9
21
45
42
49
37
187
96
134
57
99
125
117
2
57
86
181
11
38
162
158
72
129
146
19
37
74
16
163
152
167
145
46
92
145
185
163
34
121
137
134
46
108
87
157
12
22
90
140
190
2
7
63
19
175
62
5
53
95
155
36
62
25
89
103
32
150
97
164
0
177
187
185
158
95
39
167
188
13
99
71
41
169
49
97
40
153
3
52
114
168
166
40
20
159
152
134
190
168
160
97
106
133
137
110
197
71
98
62
45
131
157
52
55
6
98
162
172
18
15
110
55
24
158
34
126
173
155
25
162
74
48
61
52
179
24
166
174
97
36
21
36
162
157
94
29
14
15
92
106
197
5
70
121
76
183
159
54
23
21
116
119
112
71
110
2
37
139
183
70
168
73
113
11
144
190
26
87
164
163
44
93
168
98
168
84
184
149
155
57
1
75
177
170
103
151
22
129
25
62
188
177
57
37
134
103
95
133
18
104
117
44
37
67
94
33
9
115
87
60
170
196
87
119
118
63
147
189
122
51
98
174
129
98
127
148
15
61
21
157
60
189
45
125
37
31
186
55
76
139
198
167
183
178
189
184
118
185
7
165
142
6
132
78
187
158
191
145
98
8
13
18
188
162
39
169
54
78
154
183
165
176
40
156
135
103
39
167
157
149
160
99
197
45
26
3
76
40
5
98
41
20
82
121
92
154
111
62
125
178
33
157
49
109
146
166
110
63
90
18
176
135
145
35
189
132
50
136
90
93
44
18
169
157
98
173
146
194
90
14
6
33
131
134
162
15
79
64
72
78
168
133
58
114
71
57
0
7
167
17
185
129
120
180
21
72
184
3
9
126
11
38
12
53
67
13
86
50
132
175
121
112
70
195
71
67
181
185
171
98
45
59
148
72
30
29
155
119
95
126
197
145
183
90
60
164
87
198
81
97
52
56
140
162
24
168
20
54
112
62
177
50
48
137
119
93
42
25
53
192
197
123
131
32
130
87
155
25
98
86
69
185
36
117
54
79
139
169
148
62
171
110
120
57
108
72
102
181
71
165
32
173
61
5
54
158
183
31
178
121
128
9
40
14
143
19
51
2
105
185
19
64
107
187
186
165
141
147
45
163
137
115
96
44
75
104
114
73
107
14
40
22
53
138
189
27
50
182
55
154
167
196
77
159
43
51
68
113
127
191
49
68
157
8
161
112
67
153
84
66
81
98
55
77
149
101
113
133
152
34
150
168
122
159
7
161
120
80
194
153
142
46
181
12
183
103
62
102
153
179
142
176
110
198
197
19
52
54
167
144
118
179
115
81
140
22
12
167
22
159
120
17
110
47
150
198
114
158
12
168
24
138
127
61
133
46
28
187
54
18
75
7
192
140
131
186
66
35
80
152
80
60
193
198
51
75
118
103
99
112
143
116
182
75
112
14
27
173
153
81
55
29
25
191
193
139
10
61
153
108
55
110
122
43
10
82
41
193
99
131
85
192
11
132
62
106
111
103
147
112
47
177
59
82
93
179
157
179
107
40
59
101
6
30
185
152
15
107
132
90
0
46
29
76
116
102
124
41
198
187
18
164
11
175
55
61
108
25
145
31
92
38
86
153
112
44
105
23
180
52
128
12
10
67
126
110
197
165
76
86
52
23
3
139
58
112
149
58
113
26
33
132
151
27
133
172
113
171
157
155
77
169
17
58
68
14
45
116
99
54
139
109
66
150
131
74
197
86
2
62
193
5
152
151
121
131
179
91
62
152
1
82
181
190
171
145
26
45
118
176
42
83
139
49
94
101
61
5
195
175
2
5
55
148
91
50
70
187
6
89
146
94
131
198
73
24
187
12
8
42
60
15
85
81
57
150
11
40
78
112
151
6
178
74
143
68
181
106
129
101
24
35
145
178
180
5
165
129
99
72
11
9
27
21
178
149
9
25
133
51
106
159
196
55
20
121
85
120
187
67
48
23
95
84
32
144
123
145
132
87
48
168
30
104
104
54
19
114
159
149
137
73
28
54
39
118
141
7
69
174
48
177
125
4
22
8
57
187
153
111
12
181
7
16
45
185
191
30
141
132
79
79
178
110
136
184
108
48
82
15
188
15
113
135
85
16
17
36
58
128
45
60
103
94
154
157
36
88
11
120
156
119
6
2
140
80
99
179
190
23
117
181
77
42
129
131
27
127
147
3
63
91
24
162
2
161
71
50
96
75
64
162
179
175
62
18
3
17
81
66
83
73
195
126
13
81
125
88
157
22
162
130
18
16
1
93
25
63
40
116
124
60
19
22
16
57
100
52
44
150
141
128
77
137
137
93
158
121
96
161
197
127
33
100
17
170
10
11
63
69
154
126
76
103
80
2
173
23
101
83
90
114
108
106
17
43
177
119
166
189
183
35
88
96
188
181
151
149
135
183
186
48
74
92
85
193
42
64
119
95
91
20
65
186
97
196
123
99
89
127
88
114
6
123
10
132
159
186
145
175
117
197
172
3
107
107
146
134
6
174
154
76
36
90
142
2
168
34
158
13
123
82
33
84
40
155
86
79
110
14
177
26
88
0
130
26
128
118
71
74
183
94
105
186
162
65
28
13
199
81
7
190
133
194
68
119
97
192
90
109
101
158
197
83
43
22
119
97
87
170
96
0
90
157
169
133
43
126
63
168
95
50
130
80
82
198
101
158
54
118
40
50
64
21
161
85
74
129
33
44
82
178
130
109
130
95
102
2
57
132
195
167
71
92
99
121
29
176
184
109
171
137
125
43
163
63
103
117
114
110
146
119
87
114
32
197
100
72
116
19
130
40
85
165
145
146
6
140
28
12
2
18
19
141
173
