8538	36	76	1
139
147
30
106
96
92
140
12
66
134
84
116
71
164
135
177
158
62
168
35
163
166
139
128
88
135
183
181
153
80
105
160
130
69
39
186
63
190
62
154
184
169
41
44
110
67
134
105
6
84
6
88
26
65
9
114
70
186
76
179
86
155
176
85
1
32
112
102
105
82
175
41
122
94
51
18
189
165
98
139
9
182
7
84
164
111
41
23
147
74
33
89
164
68
86
53
188
129
198
18
34
195
131
37
95
170
23
161
152
157
110
42
129
158
159
130
112
132
102
163
27
106
49
171
31
29
173
61
199
162
180
171
133
94
181
129
48
199
121
70
18
15
197
188
116
50
89
54
96
93
51
121
99
126
33
99
5
178
90
128
78
33
23
4
63
86
91
75
42
58
43
187
63
169
196
115
61
44
137
133
113
141
142
14
197
74
148
159
152
192
96
148
38
72
18
186
196
143
95
165
10
120
12
38
45
140
48
20
80
162
44
74
78
33
73
6
55
113
30
130
133
10
101
155
33
93
81
175
151
174
191
52
3
59
101
163
182
70
107
67
121
62
5
153
84
140
194
181
124
49
12
57
71
101
116
2
61
186
145
129
5
111
125
11
193
9
28
44
47
187
90
179
84
102
160
7
15
163
59
15
80
149
25
54
83
109
160
5
5
85
197
139
162
125
6
56
48
196
45
175
155
62
9
49
22
4
130
71
131
186
129
159
7
73
146
95
125
157
183
192
101
192
170
26
105
117
174
117
4
177
195
39
71
172
108
82
97
198
182
181
59
188
192
186
45
145
42
32
16
129
27
127
153
97
27
104
183
58
89
175
137
45
106
129
63
80
151
151
139
23
129
21
51
149
100
172
87
137
5
107
25
70
25
181
62
67
100
115
47
113
27
58
100
99
46
103
110
39
38
47
135
18
158
180
97
59
97
17
79
141
16
46
68
80
70
31
54
89
162
175
46
94
192
114
24
126
197
7
25
5
124
132
73
165
170
45
103
159
114
36
27
9
22
180
92
74
172
113
95
129
16
70
56
52
43
58
104
156
96
133
20
125
95
140
189
115
64
36
137
159
93
91
198
82
36
161
6
177
104
190
68
78
171
6
121
111
186
167
114
119
29
115
90
91
161
129
192
175
148
141
77
79
37
144
124
178
37
162
102
112
70
28
161
84
62
138
36
140
167
77
170
125
135
55
96
100
176
31
164
31
59
157
125
50
77
104
129
22
110
42
119
92
57
197
66
15
29
78
94
86
56
56
138
97
139
52
58
107
70
164
15
118
72
191
181
69
186
198
122
2
129
181
46
168
127
70
27
2
85
127
154
34
55
147
119
143
36
14
139
13
56
66
84
80
8
95
195
83
97
120
25
186
133
120
39
137
131
42
121
35
42
160
93
68
9
180
142
154
118
98
112
198
10
126
87
145
54
90
97
1
12
168
36
139
131
190
45
194
64
15
102
45
62
189
27
183
51
37
74
64
174
99
100
49
104
52
52
117
198
91
123
122
120
67
158
143
74
195
5
0
44
191
120
180
191
123
0
136
31
170
191
20
176
149
5
179
94
8
24
144
69
94
31
139
169
4
3
163
139
51
130
46
177
23
18
164
105
69
71
26
138
105
129
18
118
45
61
143
24
189
29
150
86
119
47
176
131
121
47
36
28
187
74
137
164
43
176
169
87
127
189
162
111
180
124
62
38
86
168
82
105
105
129
91
30
83
199
28
18
116
126
68
192
6
199
53
17
31
126
47
165
13
77
171
44
49
100
20
108
52
115
127
127
150
175
187
48
109
140
99
9
138
45
89
164
0
93
197
181
30
9
26
40
100
68
137
52
58
86
16
91
131
122
186
61
184
3
114
64
65
10
146
22
63
143
109
67
189
161
21
74
77
11
102
171
103
78
26
170
83
85
14
119
152
73
121
158
125
193
20
43
20
173
53
76
143
87
166
114
2
87
82
12
0
138
96
138
114
190
56
52
50
165
34
149
189
115
174
103
55
37
69
68
185
160
127
126
53
155
134
124
26
11
24
177
27
17
170
42
25
41
39
172
105
170
64
40
105
13
85
197
123
4
97
192
132
136
124
81
46
190
139
141
113
168
194
196
97
36
145
143
129
131
124
128
173
184
68
173
189
154
43
146
109
0
141
162
145
105
185
130
14
173
103
34
12
115
188
120
64
127
137
115
85
175
10
154
162
123
162
191
143
111
147
43
161
167
131
62
141
150
114
171
161
186
128
102
118
143
28
131
114
150
142
188
98
10
62
47
172
128
54
122
82
16
186
36
74
100
128
105
179
124
58
185
171
107
137
149
91
97
59
175
100
118
77
182
162
40
155
75
126
185
100
27
42
177
188
9
22
123
49
182
135
6
134
168
191
2
101
92
120
85
39
186
193
130
144
4
179
148
94
162
69
156
72
85
28
13
132
29
79
56
80
138
70
113
57
4
26
45
114
199
111
158
156
134
135
117
132
82
32
131
147
32
93
172
199
141
131
41
182
174
66
40
66
192
11
41
16
48
176
159
187
33
174
82
14
16
112
61
46
149
78
169
125
168
162
197
99
62
11
168
191
71
18
181
108
124
26
186
142
66
181
181
196
38
73
186
63
116
89
133
128
24
7
9
49
184
88
100
57
84
0
31
11
51
29
181
80
75
15
119
136
53
44
177
136
98
34
29
54
158
110
90
96
144
25
176
146
114
82
99
46
76
143
162
181
95
61
171
84
57
39
28
138
68
130
96
157
18
119
141
117
178
98
134
88
96
184
10
180
4
29
112
60
49
187
84
129
168
103
35
106
8
157
119
47
84
195
151
174
114
99
103
80
156
90
23
14
36
94
130
45
184
173
133
32
176
16
186
45
144
30
177
96
134
77
130
139
154
155
121
167
117
147
198
12
87
11
0
116
169
1
13
86
35
118
120
95
12
91
184
154
100
104
97
136
95
4
98
131
152
78
138
188
63
81
71
44
33
31
164
136
114
116
7
85
138
171
36
163
65
23
105
191
176
87
8
104
142
124
66
154
19
7
46
57
173
27
62
125
164
162
130
92
180
172
59
158
15
122
22
138
188
56
10
5
192
88
184
74
143
27
55
157
143
131
97
90
170
85
198
51
62
2
107
62
82
100
38
197
111
117
128
110
144
138
191
107
16
87
79
180
95
197
101
128
144
62
56
131
98
97
76
185
137
49
124
129
104
8
147
196
6
184
8
149
58
2
99
171
59
128
128
105
145
28
159
150
26
108
6
144
74
197
84
196
90
12
186
120
115
188
0
122
79
153
80
25
53
19
59
161
143
86
199
36
97
142
2
116
9
32
62
197
85
196
113
127
197
71
111
81
174
180
134
153
96
2
102
80
93
129
163
122
127
118
128
99
52
198
50
133
120
32
126
150
80
42
32
110
86
197
153
183
102
157
188
77
196
64
165
189
191
145
30
185
158
132
128
193
22
161
154
30
93
54
113
7
94
36
69
39
33
140
155
46
22
122
156
155
158
87
49
195
54
173
129
147
161
180
65
122
193
130
87
18
10
38
148
93
123
149
179
83
154
182
97
170
74
32
115
135
20
51
191
152
191
108
144
164
157
130
105
130
28
61
5
190
189
62
9
114
188
17
15
137
117
192
160
182
167
161
92
92
16
128
25
47
189
95
142
7
92
121
27
156
32
94
119
125
192
24
77
147
37
77
77
178
45
157
42
32
177
19
125
158
175
137
181
116
157
180
128
192
59
70
171
22
123
194
18
188
8
58
29
140
192
116
72
37
152
67
93
43
90
146
23
98
37
35
101
186
18
6
162
28
158
133
149
179
89
28
18
142
17
46
196
162
139
2
197
116
48
116
147
27
64
0
49
52
70
26
79
183
112
161
159
79
113
65
174
31
108
160
170
24
119
168
118
55
154
83
39
107
194
157
26
68
151
99
117
127
174
17
39
54
148
169
196
188
8
128
64
22
90
90
71
21
6
150
95
88
176
36
43
183
179
194
86
138
58
134
112
128
17
182
63
35
65
35
52
136
54
52
121
156
111
7
93
42
42
122
52
18
73
48
45
67
125
151
185
41
173
85
53
58
171
3
12
114
83
74
133
142
121
146
124
69
70
178
31
75
79
161
95
183
90
75
129
140
189
87
8
109
165
77
57
178
175
165
67
135
135
194
129
59
131
6
101
45
107
55
98
131
0
87
38
181
150
97
98
62
135
55
0
10
101
73
0
179
43
192
135
78
121
144
140
66
82
28
112
33
123
43
194
182
83
64
4
14
185
39
165
44
39
27
147
53
1
61
173
162
58
175
171
43
91
15
3
88
136
167
65
35
74
33
178
1
194
87
5
112
128
56
61
34
33
79
191
160
102
182
53
138
55
56
165
58
171
91
74
176
82
196
149
88
50
141
119
8
50
73
165
37
167
112
160
38
176
102
71
152
144
190
52
16
95
77
49
95
101
153
69
15
109
127
126
180
49
11
76
54
176
50
88
163
73
188
127
73
58
14
104
25
145
123
85
191
70
11
97
62
100
107
103
88
59
52
26
171
131
136
182
104
6
6
194
133
186
87
33
97
185
129
196
199
79
89
125
52
160
157
82
35
140
199
101
16
193
78
20
10
98
79
153
177
97
97
88
30
86
101
176
170
3
4
96
71
142
66
16
35
9
145
97
82
58
129
42
59
82
74
48
187
133
52
129
86
93
158
53
52
50
195
41
143
194
138
169
19
25
124
169
151
61
177
89
80
129
155
179
140
12
140
10
147
197
148
73
2
70
26
29
138
10
27
167
133
59
145
114
184
84
11
85
172
120
114
166
63
150
11
52
127
114
56
23
31
32
113
86
58
63
57
52
83
48
19
71
167
138
67
111
131
156
41
152
183
198
64
156
12
60
4
160
57
103
18
193
33
34
194
11
9
22
71
94
125
75
143
21
170
107
29
4
190
68
124
101
124
115
46
151
147
143
171
148
30
65
21
182
127
78
24
45
180
126
71
55
115
28
1
85
18
2
83
21
151
153
39
65
22
18
26
92
185
52
18
76
81
18
150
73
19
112
57
8
22
194
110
60
57
17
135
194
81
43
128
111
8
158
86
32
17
113
62
189
48
62
32
76
63
192
73
166
66
45
176
167
156
8
72
103
83
158
132
32
198
162
138
44
23
151
198
197
3
106
175
40
125
114
54
183
91
133
66
137
169
72
185
48
138
18
49
6
37
53
149
77
67
147
99
114
142
129
9
125
125
10
48
88
101
171
137
193
74
22
60
94
27
77
64
20
131
125
133
156
11
69
28
35
180
137
24
100
11
167
126
140
150
117
119
105
130
21
174
24
175
119
133
114
27
177
170
90
131
133
159
77
41
31
159
55
38
74
4
94
120
70
54
141
183
183
166
39
10
189
32
70
199
116
39
87
39
104
58
108
143
182
164
78
179
41
2
116
29
120
53
124
35
169
55
141
111
180
2
183
183
150
84
175
77
81
199
11
41
108
124
31
131
4
32
113
149
71
63
119
156
160
37
59
103
28
68
183
39
192
191
187
135
5
92
1
134
137
152
169
119
19
45
102
58
59
175
4
35
188
52
108
183
198
137
181
199
76
177
177
62
15
176
121
173
37
22
166
69
154
24
13
12
169
24
150
136
47
140
90
25
44
20
54
20
175
13
176
1
156
35
108
166
165
91
60
4
11
30
122
47
23
185
195
20
73
33
179
50
83
148
110
99
92
179
10
68
13
188
71
104
161
196
135
123
109
170
128
50
129
166
99
72
171
80
136
186
15
173
96
116
125
171
119
45
143
118
84
125
60
132
126
56
78
35
188
170
61
154
113
185
94
156
51
59
35
17
46
140
16
62
130
49
95
173
54
91
25
88
71
91
2
79
113
92
120
1
168
23
15
183
195
151
19
155
158
196
172
15
147
181
79
67
21
62
7
110
168
18
175
189
176
177
162
34
108
186
105
172
190
181
41
84
187
63
46
7
186
48
160
87
74
97
25
85
76
46
95
185
58
108
172
74
74
76
32
65
92
197
152
95
188
104
189
118
187
197
179
165
193
3
4
134
151
4
121
185
76
102
36
51
38
46
69
2
115
128
183
135
115
41
86
110
59
45
104
1
169
188
189
80
159
56
76
133
174
2
171
52
105
26
34
136
34
36
157
113
133
199
21
121
159
2
97
85
154
56
118
121
144
186
168
164
105
3
60
83
36
151
132
177
78
132
53
108
105
155
137
99
180
112
100
171
123
20
85
113
131
84
83
18
140
186
193
182
171
57
32
139
51
119
111
117
104
43
137
59
47
101
52
157
117
85
145
41
51
19
101
189
43
94
195
31
42
112
83
57
9
6
195
104
25
54
113
131
130
57
2
88
121
80
106
18
92
10
184
143
187
107
165
22
189
105
153
13
52
24
27
49
14
189
195
79
121
120
197
151
178
26
116
0
153
46
176
118
117
68
133
144
120
24
178
54
102
74
11
24
16
86
195
10
39
83
98
92
159
105
151
181
114
43
178
143
181
84
9
5
123
111
44
41
52
158
95
59
98
100
108
28
48
198
74
113
127
107
198
50
47
5
76
18
158
88
114
73
144
63
73
76
35
126
1
150
173
105
88
136
12
36
151
173
50
36
186
136
140
146
177
78
13
72
71
104
131
84
198
161
198
18
85
54
160
93
80
131
30
62
106
186
41
21
82
126
17
124
135
150
55
140
8
157
174
86
37
62
133
187
4
12
107
104
49
135
144
1
117
68
131
87
137
92
45
4
119
196
129
146
189
84
151
43
55
169
60
148
89
157
72
35
182
38
3
191
55
52
148
166
35
76
80
161
111
34
124
100
11
155
191
98
25
168
70
102
11
190
85
188
31
171
55
181
153
43
99
17
165
72
91
111
16
40
193
32
19
136
113
98
58
191
53
80
71
93
113
95
37
186
164
3
84
139
191
95
145
54
141
132
39
39
119
137
142
108
163
177
150
75
80
170
184
179
129
121
9
135
11
90
196
151
109
5
187
73
171
157
42
173
31
107
0
198
77
111
42
3
25
158
54
54
55
63
145
116
102
151
86
171
82
132
179
98
108
199
89
57
184
26
160
114
188
177
100
135
64
158
193
139
198
60
86
45
168
133
169
78
72
167
111
92
23
73
70
63
6
123
73
80
18
3
7
178
64
124
120
192
197
57
77
14
32
112
3
140
47
153
44
93
187
117
130
14
113
100
72
33
125
167
23
121
53
52
114
48
127
151
7
117
48
181
3
41
194
188
160
176
145
71
141
45
123
198
187
141
26
1
111
6
143
53
168
65
36
31
39
122
69
166
70
192
140
157
71
80
89
198
10
180
130
186
170
121
93
76
188
62
199
173
93
168
47
98
64
26
52
43
152
178
95
181
192
119
87
126
117
86
23
96
28
4
174
39
133
158
163
156
44
60
139
76
160
108
65
83
9
170
16
50
43
21
48
87
161
101
2
108
184
65
138
96
18
165
184
105
164
192
91
187
36
51
19
177
122
190
57
50
105
13
21
16
162
151
35
154
78
199
196
162
38
155
132
144
185
66
141
148
49
67
112
195
106
96
3
185
8
113
187
29
188
125
7
178
170
131
70
65
194
143
63
116
50
193
75
102
180
103
33
102
41
42
118
138
138
78
174
135
198
98
164
159
5
0
73
180
87
71
5
64
26
99
103
199
71
94
194
76
72
184
135
88
24
178
169
106
102
105
41
152
0
37
198
115
72
113
32
97
45
45
170
51
169
103
170
167
42
24
198
176
40
58
196
65
138
87
109
97
109
189
40
119
74
86
135
119
18
100
40
5
88
2
114
78
36
141
10
143
120
9
89
13
136
8
75
123
123
13
47
161
144
135
70
137
103
161
66
102
22
70
173
117
124
194
106
101
173
59
99
163
107
38
153
158
125
78
66
162
79
0
154
48
85
170
128
114
5
81
91
19
64
82
186
197
29
192
13
173
115
116
27
120
96
195
136
177
98
193
83
3
177
179
138
128
104
74
10
164
38
20
174
140
141
180
59
80
103
81
127
56
87
196
12
122
11
188
4
41
4
12
138
177
103
19
155
23
180
4
87
190
160
44
160
156
41
168
182
195
21
41
140
19
151
96
170
92
8
148
40
26
54
83
28
177
195
148
121
144
117
66
132
154
165
13
59
71
23
147
173
89
45
156
168
42
183
59
27
91
195
0
16
103
101
26
157
63
59
194
152
62
160
91
109
100
43
77
109
88
115
56
140
127
73
102
95
137
10
113
65
122
87
28
113
142
3
22
121
182
137
48
109
79
128
192
101
17
148
174
9
53
17
116
73
128
110
18
190
37
108
143
72
118
146
164
101
170
31
178
131
98
2
140
114
14
81
31
169
181
189
117
67
25
14
161
22
65
16
117
64
24
186
136
21
154
151
187
34
191
178
146
96
32
51
128
125
7
16
139
188
67
58
102
79
152
102
61
119
85
171
67
89
31
111
176
68
43
137
46
154
65
82
67
43
124
118
185
137
134
40
112
116
16
199
101
170
6
131
99
137
17
83
104
109
118
119
67
9
109
53
17
195
188
115
175
9
33
8
114
130
142
78
74
91
87
167
157
166
79
36
144
72
32
108
136
120
178
39
182
7
43
104
8
48
140
40
181
46
20
36
113
156
93
45
126
69
60
56
35
177
15
154
102
32
159
2
166
78
157
75
60
155
185
172
199
46
133
77
38
165
88
128
48
68
22
170
95
23
69
85
19
158
2
43
27
92
130
97
111
84
181
109
33
25
140
174
57
191
115
135
120
51
170
39
188
124
13
128
81
45
187
57
105
137
188
147
139
161
196
52
39
60
68
132
33
60
128
98
20
57
50
121
77
140
93
188
176
66
38
163
153
59
101
58
105
70
169
92
192
11
129
185
41
124
112
169
41
129
40
172
121
30
126
31
28
139
150
53
106
193
53
40
34
28
133
34
142
65
94
37
96
5
22
178
147
23
195
90
12
147
64
175
103
188
100
198
54
62
176
116
164
165
174
66
96
141
135
142
53
23
45
119
142
164
151
53
143
177
179
82
142
15
101
161
81
54
182
26
177
182
144
111
59
170
5
6
88
65
16
162
26
2
179
136
79
115
7
180
162
102
74
182
172
169
43
29
106
137
41
85
184
26
57
80
3
44
126
159
172
109
155
130
17
160
4
164
45
128
67
116
168
59
70
185
105
69
149
78
23
159
49
46
31
28
184
44
16
128
166
129
146
125
117
162
77
108
13
54
6
44
126
1
140
146
74
160
97
134
88
82
60
69
67
62
107
8
113
199
101
65
63
177
182
37
58
102
76
194
144
26
198
134
5
7
140
41
41
190
89
153
127
155
101
32
137
11
111
92
199
109
144
82
110
26
82
56
13
90
24
94
58
180
103
192
179
186
2
147
9
175
107
121
23
46
53
51
144
168
103
34
110
122
67
177
7
128
116
19
50
162
197
101
0
74
111
79
45
110
155
148
37
8
77
131
75
175
153
186
37
34
119
78
35
145
170
26
78
0
71
169
134
1
73
49
100
189
161
190
142
142
138
56
97
196
187
147
88
178
101
49
130
12
188
30
154
48
27
143
96
166
184
143
13
21
182
144
139
83
41
162
107
112
181
20
160
32
71
132
169
67
93
76
53
91
41
132
118
145
48
29
183
165
34
129
74
64
162
37
186
87
148
23
55
87
78
178
144
7
191
155
3
38
189
192
176
98
155
116
92
90
182
161
120
105
169
58
113
119
199
92
51
166
45
25
127
110
138
80
4
93
190
108
65
95
8
7
113
189
44
187
111
77
65
110
168
30
193
15
24
167
41
153
124
91
16
155
15
122
117
81
184
55
145
51
104
17
27
199
18
153
138
77
35
119
149
120
57
129
38
156
96
74
190
160
7
74
194
154
58
95
82
25
8
112
138
11
116
10
10
19
161
33
48
166
190
125
197
99
137
102
45
76
104
189
104
150
106
160
14
153
172
58
55
100
136
29
23
64
176
28
169
199
24
138
35
41
185
145
47
139
98
192
25
180
25
76
52
117
40
73
0
5
130
133
94
166
12
121
28
176
136
37
123
175
157
55
53
19
35
40
197
132
194
155
191
168
122
138
158
163
132
39
76
154
152
165
100
28
72
16
131
69
170
55
141
104
139
52
100
160
190
198
156
59
43
44
57
19
45
109
10
43
164
56
7
35
73
61
148
0
88
55
34
187
7
135
163
20
141
102
188
171
182
118
63
50
139
190
173
90
190
0
107
113
99
72
172
117
81
67
28
48
40
26
156
64
5
169
129
49
113
112
31
177
88
22
131
103
117
101
63
1
50
86
14
113
84
42
47
84
46
162
126
111
164
147
181
22
104
17
27
98
106
199
3
181
31
113
157
165
92
94
97
147
44
197
111
160
61
18
52
147
185
133
23
41
17
0
122
169
27
99
140
131
28
78
195
28
184
194
143
184
174
52
33
157
65
135
98
176
105
125
40
95
97
178
3
178
185
85
126
191
123
35
169
128
82
66
3
58
79
31
101
29
14
68
34
155
189
161
146
175
84
134
86
36
31
27
6
199
105
181
117
81
115
85
62
181
42
69
136
179
183
34
13
6
47
9
96
184
51
152
101
72
42
194
90
21
162
101
147
154
117
188
20
174
152
164
111
7
199
142
69
58
196
40
169
25
39
168
16
129
151
70
133
71
87
180
129
159
107
85
191
9
49
135
22
0
21
158
151
128
53
110
30
156
83
93
70
185
137
179
109
2
54
120
95
176
119
0
110
14
145
29
78
39
122
41
63
164
103
181
188
198
184
179
48
12
144
181
152
18
193
193
123
174
140
50
70
104
70
115
29
141
190
138
156
32
74
46
115
94
105
23
168
92
52
161
14
63
30
4
123
72
163
43
151
122
84
95
32
145
8
56
82
161
198
168
132
40
191
35
199
41
16
110
183
62
141
11
12
1
26
142
82
167
42
168
140
82
35
29
191
25
25
76
178
174
94
162
12
171
171
179
126
18
104
175
79
32
119
157
62
29
39
39
186
163
44
1
94
89
140
39
56
147
37
34
64
95
73
110
6
14
51
43
36
188
172
30
58
31
46
196
81
16
162
154
167
1
76
100
177
4
156
64
127
155
152
110
88
57
20
31
47
27
196
22
61
149
32
143
182
5
110
3
56
102
126
77
29
196
30
84
18
70
110
174
63
13
118
77
79
111
27
128
146
64
16
25
126
191
161
142
5
104
139
174
143
155
88
195
199
56
46
30
51
84
191
131
78
13
131
170
72
103
81
135
29
128
5
95
138
22
179
191
131
35
114
186
66
74
107
143
27
113
136
117
115
74
138
12
46
152
75
34
143
50
99
166
58
47
117
124
102
175
73
110
142
50
189
139
102
95
148
198
107
19
17
126
35
140
36
165
60
168
170
120
88
39
116
114
174
178
14
61
132
54
88
22
176
113
73
3
6
144
94
100
28
106
67
52
25
125
80
66
131
27
101
192
120
184
48
55
85
195
187
109
82
135
99
93
118
20
18
57
135
87
110
85
81
107
83
51
104
26
195
23
49
92
6
7
98
186
45
49
170
48
55
113
83
141
71
173
20
80
13
38
43
184
128
117
144
104
173
16
52
134
49
160
184
151
2
184
138
128
92
92
83
51
104
140
188
44
39
115
110
191
140
24
152
89
39
8
123
175
189
182
114
46
101
65
197
184
14
104
45
0
164
172
66
2
25
154
175
114
72
36
135
151
36
26
121
156
199
130
31
27
143
114
45
166
155
118
188
132
132
154
22
163
174
21
172
120
110
128
122
57
125
82
4
195
162
9
187
133
93
151
176
64
176
159
25
33
32
26
161
101
193
43
25
112
121
27
180
121
50
57
17
110
51
170
193
79
80
48
40
114
5
83
57
59
146
1
130
85
168
43
71
33
74
21
170
105
87
185
192
18
179
42
158
4
117
112
178
80
43
132
183
141
114
89
104
198
178
173
53
139
118
131
35
51
57
23
190
99
132
157
10
45
76
86
87
104
24
63
107
48
184
168
25
50
89
119
159
127
37
62
117
82
87
87
97
111
180
42
112
57
149
137
183
160
9
129
199
54
87
77
55
125
121
80
43
167
197
79
155
192
141
89
78
196
70
140
13
105
133
148
60
104
37
50
163
126
198
64
99
153
167
5
131
65
20
113
162
109
27
198
183
47
128
161
101
13
72
52
82
149
146
193
183
60
113
21
57
75
111
150
133
142
100
170
3
122
156
22
17
131
118
136
57
39
192
66
101
171
24
28
38
72
29
140
179
121
141
36
95
91
176
72
67
57
193
82
83
179
188
124
189
19
3
113
123
85
122
137
154
0
43
40
163
156
12
193
30
114
124
4
151
122
29
185
177
109
170
119
22
169
114
86
105
90
13
149
10
187
35
97
88
9
188
27
38
119
114
197
20
51
138
65
118
29
90
101
97
23
68
71
73
102
176
168
81
84
49
72
130
158
166
135
196
129
40
67
66
188
170
35
175
10
132
23
39
190
107
73
49
3
155
20
16
120
100
7
169
4
42
38
6
195
150
110
9
61
58
163
13
31
106
0
157
9
190
33
104
67
132
16
84
52
170
59
143
89
121
110
85
23
61
3
124
189
41
34
59
32
39
198
25
68
93
167
50
116
139
53
195
167
129
15
39
135
110
184
154
159
123
130
82
64
141
82
94
192
57
32
47
0
51
122
35
56
175
28
144
97
64
77
181
94
94
137
12
80
82
71
172
93
141
102
155
4
63
1
33
88
196
188
191
175
137
89
119
29
4
196
61
194
96
183
186
132
167
75
65
18
91
92
18
127
125
127
101
103
55
66
73
106
197
112
10
129
133
176
160
33
111
98
172
147
40
29
102
54
17
183
89
138
164
50
192
178
190
183
154
61
40
11
81
160
32
138
41
44
52
84
51
15
190
58
81
106
3
197
12
150
142
60
9
148
34
15
34
64
100
125
32
41
118
30
46
96
8
110
26
66
138
167
60
179
52
161
9
17
174
41
65
194
115
67
76
171
136
69
171
87
99
34
51
80
30
56
44
20
187
79
184
119
130
190
183
193
197
195
23
4
92
30
169
181
44
98
198
100
43
106
57
113
143
157
141
61
116
181
71
10
148
49
175
80
64
100
56
126
21
2
39
97
178
56
72
43
6
125
35
171
70
192
150
28
4
159
116
165
43
41
75
37
151
89
27
41
113
7
170
188
120
37
149
122
108
123
17
48
123
95
64
3
182
180
119
139
174
158
99
196
192
176
195
146
184
178
49
102
17
162
123
81
186
125
182
99
69
58
98
169
97
28
136
17
95
43
199
83
177
21
86
37
158
197
77
115
139
80
132
194
75
65
181
112
111
8
37
73
153
107
69
80
34
185
111
8
196
135
132
110
137
41
2
22
18
62
139
118
92
96
24
34
44
87
196
197
67
170
54
176
109
185
103
43
92
193
33
94
9
101
88
106
66
37
186
128
183
22
145
5
15
198
178
58
119
26
110
20
106
45
102
180
61
183
179
52
1
57
139
28
27
160
176
137
88
70
146
66
146
128
45
54
128
140
45
85
129
52
13
113
72
24
104
136
180
179
159
73
63
20
0
97
126
6
7
49
103
142
15
158
22
50
33
124
43
49
149
168
85
162
63
24
154
172
88
97
198
127
165
150
136
94
45
95
61
178
171
29
20
108
83
128
48
118
138
196
92
190
7
110
120
16
133
38
34
119
10
43
16
184
34
141
26
116
124
75
149
16
70
161
177
66
93
142
3
57
12
192
47
73
45
36
22
26
94
126
173
189
19
161
70
98
114
35
79
161
59
112
113
139
29
66
19
68
110
122
84
63
107
5
136
125
173
14
50
188
53
68
111
161
38
48
35
186
16
101
181
73
117
124
85
32
108
170
158
62
179
105
191
164
106
8
27
47
139
135
16
98
181
196
197
23
71
83
100
17
81
190
47
121
79
88
55
124
23
167
23
37
145
158
127
20
134
196
188
106
145
13
125
88
163
2
161
4
11
127
52
6
146
153
24
61
187
139
120
193
193
52
144
117
188
166
112
163
131
29
96
187
149
153
45
82
123
178
56
195
36
32
56
148
172
5
190
16
135
23
23
116
96
45
159
0
62
12
199
125
149
15
105
157
130
26
131
3
24
25
111
152
89
74
139
95
126
75
156
78
127
137
37
25
118
54
118
52
181
166
160
149
8
174
164
116
181
98
131
33
144
114
160
96
123
112
162
106
67
192
70
179
189
12
169
84
151
107
106
37
124
198
78
105
39
151
102
21
9
158
146
14
165
57
1
22
128
166
56
35
38
145
120
116
55
93
165
153
177
33
168
54
159
128
150
19
23
12
113
99
178
17
116
183
68
106
196
79
51
98
138
164
76
160
142
157
136
56
5
180
14
18
82
123
187
42
3
65
76
139
186
123
116
0
68
72
168
57
87
54
120
94
196
155
113
19
35
97
133
176
134
32
139
148
166
9
35
174
178
29
18
103
110
88
83
95
39
182
95
58
132
112
171
95
49
130
40
45
109
52
120
186
60
43
68
138
63
155
83
136
158
68
100
188
127
142
180
57
56
67
147
146
9
103
177
88
85
126
78
26
111
2
79
18
194
127
197
80
160
54
95
197
172
114
71
54
131
74
114
35
140
99
9
195
145
82
189
62
61
83
112
7
77
57
110
107
108
74
1
154
95
125
132
49
103
195
175
74
140
152
194
121
30
4
13
43
15
178
12
77
197
37
160
110
59
186
63
122
191
126
158
44
86
132
197
152
164
27
64
42
120
162
150
86
115
1
11
149
105
38
104
184
16
72
26
93
182
27
192
147
159
8
174
51
155
112
94
141
30
158
142
84
145
118
164
7
191
22
174
101
106
63
175
140
187
15
92
14
120
191
44
1
119
148
29
138
81
77
156
165
122
183
148
43
141
152
88
56
132
62
171
63
117
171
68
125
65
32
16
55
118
195
80
161
148
174
129
13
28
141
73
99
123
76
151
179
127
171
116
124
89
183
174
128
32
117
28
94
30
182
99
187
12
18
38
119
65
114
124
32
119
134
68
37
94
71
19
176
194
27
198
144
128
83
131
10
86
66
89
124
72
108
97
191
102
112
68
30
59
92
195
159
136
4
38
140
191
22
196
22
116
69
9
120
21
7
118
43
123
133
50
123
128
47
189
45
32
82
181
107
133
0
186
134
2
130
125
183
113
19
118
106
8
68
1
199
85
15
170
6
187
75
168
166
117
36
165
35
119
35
126
122
140
49
117
41
49
132
92
160
144
67
116
118
121
140
123
74
36
112
36
71
194
159
80
74
73
93
51
3
77
0
26
70
27
21
152
61
65
166
159
116
122
83
131
72
77
122
162
21
13
108
0
122
148
29
127
67
24
151
156
19
103
4
173
164
143
174
30
93
86
142
74
62
104
53
103
155
39
145
106
43
37
47
186
36
156
178
113
76
175
38
20
22
162
172
179
80
187
10
108
77
100
53
34
147
48
198
115
11
123
78
184
89
151
111
93
7
96
145
32
114
89
198
166
0
120
91
193
93
124
195
22
145
55
193
18
135
14
65
181
76
157
116
71
50
119
119
94
65
12
111
98
113
107
139
111
46
30
45
66
112
197
38
143
45
131
141
111
110
109
76
23
51
113
120
171
43
11
35
9
85
74
15
178
172
137
0
36
186
73
63
146
140
3
183
29
166
172
6
59
107
114
130
142
2
195
109
72
16
12
6
170
111
119
165
20
160
62
51
102
186
43
20
53
6
58
50
154
78
14
23
172
26
152
38
94
175
47
175
11
37
169
149
45
147
151
30
93
97
78
159
196
89
50
96
48
114
189
35
123
187
29
37
69
97
84
110
42
69
177
171
183
125
19
45
141
133
22
69
127
178
6
39
144
83
104
192
30
44
161
22
140
176
85
194
3
154
97
196
167
32
45
188
104
141
177
0
135
25
168
199
161
176
26
136
128
132
163
24
164
103
121
198
40
177
195
77
49
194
84
22
170
124
151
150
98
80
197
83
79
4
89
39
132
86
125
63
118
160
85
26
108
16
185
73
84
50
41
32
99
92
145
46
52
126
115
102
18
124
35
34
81
161
126
145
182
161
140
134
86
27
172
125
156
194
6
17
173
47
44
55
37
125
82
17
68
144
189
112
75
98
168
33
160
100
73
90
162
125
2
66
166
122
75
178
183
26
4
188
60
77
56
70
20
185
190
27
197
152
65
159
1
81
71
52
73
1
151
53
84
182
67
159
128
0
189
31
106
36
94
92
144
30
194
2
75
27
167
24
18
113
172
55
73
27
77
159
129
132
117
31
184
103
125
41
41
169
24
144
151
100
145
14
3
160
92
159
14
160
65
100
40
159
144
140
62
85
190
157
153
145
165
91
195
61
9
11
117
193
191
111
36
141
144
150
19
182
155
39
177
132
193
138
195
46
18
107
164
130
29
140
64
181
36
6
144
139
62
187
192
28
126
3
101
195
80
104
34
156
188
72
113
114
27
72
166
162
174
56
143
47
31
166
40
163
167
178
44
190
38
140
173
126
137
197
60
180
165
128
196
127
97
14
97
199
82
56
174
7
1
125
44
24
15
193
182
87
16
198
49
178
125
1
42
140
27
99
55
50
18
138
151
105
144
132
165
166
11
56
128
186
125
161
38
88
185
199
190
117
181
179
101
138
136
95
105
17
154
129
177
98
59
114
53
80
115
158
106
197
81
42
61
166
199
5
129
28
131
13
76
9
104
104
140
164
122
11
62
168
193
57
183
7
149
140
91
78
40
49
67
174
57
163
116
47
20
111
194
128
142
167
44
7
23
110
0
185
136
167
31
15
100
26
43
86
91
107
13
129
25
104
180
101
94
16
24
9
182
107
132
96
169
65
41
100
132
19
47
176
14
144
62
9
39
125
123
43
178
125
87
148
36
112
65
55
93
91
116
160
131
60
43
175
117
127
96
18
13
146
12
11
47
58
88
99
150
96
51
73
110
140
156
172
60
68
71
0
17
17
197
104
93
46
83
25
129
101
133
183
141
184
91
135
15
33
145
79
117
135
117
117
194
101
58
155
84
161
161
140
71
94
151
22
10
134
33
196
174
95
187
38
111
152
137
159
108
41
85
83
96
133
63
179
179
157
67
174
186
89
99
22
90
61
189
125
53
47
192
66
171
25
128
99
25
39
113
152
191
110
168
90
35
14
156
22
116
78
187
146
33
51
2
59
183
44
157
120
65
165
188
31
146
134
134
130
70
176
199
198
134
171
173
152
10
55
129
123
89
165
72
138
125
40
65
110
57
118
113
181
124
197
82
113
199
140
58
72
34
95
191
116
85
134
121
121
50
163
40
62
0
142
188
18
17
94
140
117
125
126
70
48
160
82
61
89
55
37
152
175
136
89
70
55
71
113
184
177
13
118
135
154
106
132
13
78
187
137
55
129
151
10
167
35
139
129
81
78
150
30
83
69
86
73
159
123
33
114
21
116
176
197
9
76
158
157
21
90
6
12
111
25
82
68
154
99
16
69
66
82
127
187
65
125
87
67
95
107
134
19
118
79
15
91
147
88
101
172
8
115
182
179
87
111
18
57
193
141
91
106
189
122
150
48
164
35
199
92
192
180
75
65
165
133
47
109
160
145
182
148
60
116
151
139
19
176
117
173
73
92
143
181
13
98
88
25
41
11
42
8
24
42
51
88
167
73
58
86
92
156
195
11
43
184
125
31
88
39
132
92
174
196
122
178
174
189
169
154
51
98
180
34
146
160
179
148
88
161
53
19
163
180
0
83
50
77
60
51
184
161
189
18
100
41
7
139
108
168
140
175
88
26
129
166
123
67
87
177
171
161
141
6
114
23
42
193
69
102
160
140
162
130
100
99
126
55
162
86
36
15
110
132
186
65
29
160
69
134
194
107
197
147
76
166
60
14
164
33
103
128
21
53
103
78
12
107
193
171
143
103
73
149
194
188
110
114
36
69
134
103
48
70
162
44
15
61
197
56
99
135
14
189
199
195
197
120
90
37
73
103
178
97
119
143
189
165
64
1
2
49
82
160
198
77
110
41
99
95
137
167
35
127
116
59
10
177
78
61
41
151
106
1
143
96
11
176
162
49
27
18
187
71
51
109
184
70
13
133
10
80
181
176
111
45
150
172
26
108
1
184
70
60
56
44
34
81
96
5
46
118
117
57
43
139
39
19
9
155
162
140
170
61
68
55
51
141
152
118
35
143
199
166
172
47
78
76
55
119
146
26
172
190
64
194
167
129
113
62
117
49
179
106
190
10
67
143
173
59
141
84
154
110
94
155
8
21
129
45
130
71
62
11
153
86
89
18
73
134
150
194
73
77
10
19
81
193
52
125
126
114
27
154
105
78
193
34
86
74
109
99
175
180
134
83
88
122
179
148
182
6
56
2
129
9
43
28
1
0
157
180
4
80
76
29
149
106
164
104
137
154
5
115
74
26
192
103
46
6
4
12
42
84
117
27
152
66
124
143
168
131
25
57
3
31
125
151
122
14
132
193
29
105
87
71
88
190
112
122
191
126
94
158
10
108
73
128
99
108
183
34
164
69
29
0
94
93
137
70
181
39
180
88
175
115
29
61
107
51
56
73
110
182
14
174
48
59
70
22
77
187
65
176
56
2
187
164
130
156
198
53
64
33
168
146
146
28
140
96
136
70
78
72
23
9
40
40
169
4
146
81
123
42
22
37
192
175
161
83
34
81
30
64
152
126
29
115
172
32
32
140
83
90
157
138
39
165
184
41
162
99
40
37
112
159
2
157
79
191
35
62
123
32
166
35
194
69
109
54
118
83
180
102
169
171
138
157
154
172
65
60
69
157
180
13
185
109
96
173
51
103
179
140
0
53
2
170
128
143
150
104
6
176
190
0
188
118
72
42
43
156
32
85
168
173
59
94
194
151
110
151
119
98
159
111
182
4
189
82
32
194
116
45
120
149
32
128
153
54
43
80
95
183
153
152
85
160
64
35
38
99
62
129
111
60
154
172
105
152
156
165
4
89
49
176
143
180
103
1
37
168
55
49
81
18
24
33
18
49
119
57
57
107
60
94
183
10
97
94
124
135
36
145
34
49
27
22
144
66
7
6
138
191
8
161
134
25
104
20
137
189
173
124
56
140
38
82
139
87
14
42
59
52
6
25
44
149
157
154
22
43
83
30
110
47
67
62
145
48
191
22
152
22
93
167
150
66
62
161
15
112
71
188
115
98
145
1
184
98
68
98
30
99
96
130
195
157
139
26
183
3
143
129
1
163
107
87
40
25
153
39
151
