912	196	29	2
14
141
22
182
198
177
152
99
71
33
38
3
139
72
49
10
163
71
87
184
8
151
68
2
15
110
179
98
168
10
161
30
172
163
142
30
0
62
185
151
2
27
38
189
38
136
63
93
150
134
45
176
132
1
97
3
77
110
107
179
141
132
197
78
16
77
166
37
132
38
15
14
65
154
67
54
129
13
55
60
74
156
19
168
61
34
37
74
66
36
177
175
162
142
39
69
121
87
105
64
182
103
62
22
40
74
184
157
174
180
95
36
3
163
16
86
37
197
157
171
16
158
34
72
100
123
65
183
104
53
43
194
41
173
52
89
35
142
90
195
170
161
41
49
197
161
165
197
192
22
6
169
189
127
81
165
103
32
161
48
162
4
89
71
122
35
52
108
118
116
3
6
0
119
139
142
125
137
184
177
100
186
66
57
76
51
91
143
190
152
193
155
44
22
158
4
164
174
18
51
134
7
2
161
166
194
127
88
45
159
69
63
3
45
110
168
161
22
99
179
126
104
134
5
136
168
151
76
109
178
193
97
149
187
144
184
149
87
154
83
51
158
95
58
113
130
38
175
120
84
45
126
131
196
196
42
44
174
167
155
127
81
71
99
33
164
99
143
100
50
64
11
146
100
18
86
155
29
30
85
86
97
78
155
80
190
63
54
67
109
27
133
30
82
150
45
29
62
23
43
37
46
37
116
54
156
43
192
181
163
114
77
125
49
161
63
194
101
163
125
161
183
62
111
199
87
171
99
141
101
127
47
85
128
157
57
76
186
133
35
67
96
61
186
59
112
115
165
100
91
4
2
51
170
20
140
14
92
34
81
181
53
55
56
79
51
27
119
182
2
29
179
152
47
197
161
75
194
135
9
12
36
166
50
195
152
90
40
31
142
191
42
74
26
100
104
0
180
61
106
10
32
13
188
185
141
28
190
137
35
49
79
52
61
68
193
23
62
139
103
189
17
142
67
70
96
161
133
124
78
30
134
170
96
4
11
25
101
56
100
105
199
70
12
152
2
116
75
34
25
123
86
85
40
179
72
63
107
26
58
6
86
25
71
28
166
164
114
158
84
179
0
71
66
57
58
165
38
80
115
48
44
151
176
2
47
58
37
128
160
68
20
83
175
44
16
155
110
1
72
1
166
98
119
176
56
151
104
135
53
46
182
61
106
91
161
186
91
199
22
149
41
163
198
159
110
65
70
163
28
47
126
33
45
73
195
46
126
155
95
18
69
80
64
197
177
49
158
102
64
21
30
82
115
193
132
46
166
117
13
161
140
107
34
8
128
149
80
95
70
185
5
89
87
187
149
125
51
127
50
141
177
18
2
99
178
61
122
51
164
188
1
55
186
1
71
155
161
7
20
150
13
126
173
41
193
91
64
159
94
81
49
129
35
96
150
13
163
128
29
178
172
154
37
91
43
115
169
93
148
86
57
55
111
149
131
101
135
84
175
33
13
42
80
7
121
20
125
147
56
184
104
105
137
35
166
184
57
160
117
92
126
21
116
134
169
147
187
66
12
2
172
6
139
86
25
82
136
67
133
64
78
32
79
122
87
35
16
34
97
25
182
57
11
0
49
40
45
11
74
36
173
185
188
90
54
26
34
87
195
127
120
170
58
45
70
129
123
182
87
149
151
44
72
51
158
146
131
103
105
41
179
175
142
60
10
17
33
57
127
178
127
133
123
156
126
154
2
115
185
47
191
181
168
165
87
132
35
113
56
33
63
2
147
118
153
145
148
111
168
48
18
126
23
73
170
11
64
44
46
44
180
156
59
183
174
62
184
185
87
151
170
57
140
138
28
54
197
178
4
121
15
154
49
97
152
31
112
185
162
94
166
152
65
39
136
165
102
174
70
85
86
2
182
3
181
59
28
66
132
85
119
194
17
147
87
28
70
10
107
180
82
20
103
66
195
166
74
101
85
70
101
181
67
196
40
147
60
83
15
127
82
156
145
5
20
72
9
158
140
152
5
118
130
51
196
103
126
75
101
98
5
196
138
21
123
194
139
181
95
78
79
65
164
164
53
152
83
196
129
177
158
12
27
197
88
126
41
147
48
35
116
