4171	74	14	2
156
86
66
15
11
162
43
167
170
90
2
199
11
17
191
107
4
83
51
11
47
158
21
114
94
29
126
58
68
56
129
58
46
108
34
150
168
122
151
193
164
143
35
74
181
88
63
0
89
23
188
58
149
70
12
168
131
151
158
80
135
77
23
126
23
67
102
59
160
87
120
184
69
179
74
175
187
48
109
118
112
15
12
186
177
149
57
52
83
33
173
114
153
6
6
84
132
72
90
185
57
53
34
174
52
73
195
27
130
69
158
58
140
78
46
61
47
125
65
66
24
49
0
69
22
109
97
3
72
62
140
150
85
102
194
90
194
22
168
26
181
12
148
56
97
88
143
112
187
92
24
63
80
128
130
53
49
112
59
60
127
83
141
140
33
127
178
173
156
94
192
80
106
143
12
42
27
59
139
6
120
149
19
166
159
101
63
86
0
57
122
109
101
96
123
57
64
45
151
197
111
100
61
97
51
44
50
183
63
185
133
133
67
173
148
108
135
50
53
76
141
78
9
89
55
52
178
63
72
195
46
117
63
101
11
145
149
54
178
152
0
143
81
64
184
158
168
148
46
28
134
27
149
162
123
29
64
89
29
43
131
61
41
162
126
181
175
124
148
161
89
43
90
192
164
82
106
182
12
147
23
190
110
62
123
26
182
36
180
28
105
73
134
143
109
31
82
95
141
149
99
18
121
180
113
185
58
185
143
31
114
155
199
69
194
195
157
184
93
131
152
168
66
93
5
5
103
89
22
0
128
154
80
163
55
37
26
38
134
191
73
15
184
99
192
101
141
100
13
129
100
181
55
114
91
83
115
44
25
51
102
44
77
189
165
82
16
125
64
91
180
42
85
33
112
148
176
18
172
175
152
66
167
7
45
166
112
158
182
166
33
129
63
94
191
116
87
193
182
109
95
147
122
92
174
129
184
12
18
135
10
78
178
182
18
155
86
23
118
164
48
185
65
112
108
139
99
177
49
190
30
3
60
146
129
154
138
4
82
47
3
33
20
190
30
33
33
40
87
162
88
72
158
96
23
3
113
198
20
65
25
12
69
147
170
62
184
88
163
108
36
0
182
163
62
147
82
191
184
87
147
83
59
197
19
199
6
151
42
29
199
176
1
72
5
0
45
81
152
114
134
159
129
51
95
2
43
153
56
172
35
70
6
61
123
112
197
146
161
31
124
98
191
90
118
92
68
46
49
71
56
52
167
56
12
29
42
186
23
28
29
181
46
193
69
149
51
70
150
174
38
167
2
161
73
171
60
174
44
33
83
166
18
129
58
107
27
65
148
78
8
112
164
5
5
91
163
47
96
137
107
125
48
68
160
7
0
119
71
160
35
182
54
96
18
159
178
180
105
188
144
91
199
9
131
111
196
56
188
46
37
134
32
45
34
89
35
128
185
81
186
32
124
145
166
137
133
129
172
23
169
40
90
21
186
59
44
49
87
28
44
95
182
129
56
169
10
67
126
104
32
103
90
161
50
13
135
199
70
114
52
160
193
52
14
183
101
73
44
46
50
197
0
110
129
142
89
93
83
125
197
186
183
156
83
23
115
86
22
188
138
79
190
44
180
122
145
94
99
161
111
67
97
172
139
198
167
153
69
69
105
100
164
19
29
59
129
191
186
49
190
100
125
61
174
110
158
166
46
14
113
165
97
114
9
23
41
44
15
77
145
53
128
50
128
30
28
49
199
19
170
33
188
109
146
158
39
162
171
68
65
98
130
90
157
49
76
81
111
12
170
128
57
66
107
126
196
48
185
67
74
25
105
106
194
104
157
71
30
68
103
97
119
183
147
52
0
186
23
119
167
185
103
13
192
46
128
73
92
141
143
59
23
52
162
49
102
4
195
164
191
144
197
129
59
193
191
136
166
27
166
180
144
144
128
7
195
47
26
193
12
129
90
190
23
23
57
194
52
147
120
49
158
138
147
134
153
155
27
112
59
63
78
180
51
45
1
67
94
152
125
106
121
79
167
72
57
49
90
119
6
114
87
146
14
159
140
127
157
186
67
48
178
154
49
196
190
179
151
174
85
29
29
95
30
115
2
100
199
43
137
134
90
141
125
138
180
1
36
117
164
178
82
22
57
41
173
128
91
95
133
194
36
170
22
60
80
155
182
16
55
74
58
195
51
95
101
143
172
14
168
22
17
102
156
133
122
30
92
178
41
44
128
52
102
20
180
78
105
177
168
119
91
11
24
89
141
149
124
43
34
129
98
110
33
123
46
169
186
63
91
105
89
31
100
104
192
21
36
184
39
154
35
196
151
193
153
4
29
122
101
196
2
110
63
15
6
84
84
125
68
103
7
166
1
156
156
122
174
123
96
135
165
65
108
21
97
63
65
89
118
164
21
164
87
178
75
8
142
135
177
14
6
58
11
127
132
143
12
29
4
33
189
133
56
179
182
60
83
75
194
163
108
100
47
56
190
151
2
82
132
141
121
193
34
124
130
127
38
19
122
103
166
43
143
89
3
124
174
199
98
49
73
95
107
193
184
52
83
171
16
139
20
141
137
24
61
121
82
11
36
37
87
131
23
13
42
140
186
55
112
64
42
147
178
64
184
133
107
125
122
176
58
111
155
177
29
152
11
29
149
46
25
136
105
108
28
195
179
53
33
81
111
140
79
182
41
154
30
21
117
164
38
20
178
193
52
78
80
117
55
181
169
133
113
145
44
176
113
154
20
149
181
134
191
167
116
15
170
18
194
164
98
32
188
194
197
53
51
159
47
139
182
12
161
99
160
188
139
185
9
93
130
146
57
89
125
173
54
33
81
179
54
71
157
36
8
87
40
88
93
130
157
22
189
102
64
140
83
21
83
132
122
95
154
23
121
135
69
162
137
88
67
161
88
66
74
156
54
141
173
189
181
24
55
146
45
79
76
61
53
23
135
101
174
182
150
121
89
140
186
113
89
152
194
137
35
185
22
19
162
18
185
184
111
24
136
35
69
171
192
41
74
166
12
160
154
197
91
147
198
75
104
152
18
85
3
127
172
159
149
175
191
88
33
62
87
116
149
28
48
158
144
53
55
0
165
169
42
153
70
114
59
81
164
130
87
76
186
46
5
16
82
138
122
141
39
186
122
193
26
115
169
37
48
124
103
7
135
36
121
124
9
153
12
130
138
58
93
127
60
170
4
82
50
161
71
124
41
1
43
130
26
106
117
170
91
130
118
16
174
93
37
108
34
92
158
1
53
77
136
188
27
40
29
135
24
129
18
177
73
158
110
156
169
118
8
59
39
92
96
198
117
71
136
44
51
64
92
91
146
16
84
118
29
75
10
124
65
12
127
89
117
93
72
163
28
148
149
107
119
149
58
118
120
128
95
135
34
80
114
27
92
133
180
97
28
95
73
188
56
39
89
54
71
19
139
147
102
158
194
182
135
146
159
116
140
3
189
91
18
185
156
95
88
57
149
17
198
145
157
76
34
110
173
182
77
132
61
87
108
105
1
193
59
38
91
147
173
99
40
60
6
30
15
137
105
152
132
75
181
68
43
88
2
45
127
44
154
74
90
19
162
121
167
54
191
149
11
144
198
101
170
140
28
67
110
173
140
38
138
145
199
141
197
43
5
87
34
20
1
156
20
29
99
105
95
27
55
76
162
95
179
29
168
137
103
21
5
168
196
30
22
1
54
199
17
146
166
2
4
2
176
187
57
103
68
151
31
179
72
79
76
43
122
71
118
37
178
184
89
38
54
190
162
70
160
142
106
161
58
8
191
170
138
29
117
5
96
182
1
73
196
104
109
57
28
95
143
30
155
118
189
115
174
185
83
180
119
167
165
83
165
119
176
88
123
141
2
189
172
41
114
4
96
117
58
5
55
145
113
55
133
61
173
162
87
74
173
103
33
13
61
133
89
161
139
33
166
152
102
97
11
30
110
29
56
66
174
66
151
177
62
188
116
177
197
72
69
143
36
19
17
173
158
139
61
164
195
176
81
81
28
5
146
39
120
105
96
138
197
149
7
107
11
154
164
189
154
96
13
10
156
101
123
90
148
88
59
58
110
1
15
21
128
95
180
49
38
133
125
153
132
130
156
26
124
35
64
37
127
135
123
144
32
7
146
25
108
113
120
8
190
88
164
47
15
121
166
17
130
147
25
60
61
156
90
52
52
149
158
165
184
17
194
149
85
191
180
165
121
73
143
154
0
65
140
155
196
199
179
57
129
17
9
166
135
176
107
155
16
74
65
11
18
186
190
109
175
176
28
42
199
142
76
76
151
40
155
94
11
7
128
150
111
138
145
163
99
185
6
45
124
0
133
88
111
125
108
36
145
46
110
109
187
194
60
81
121
98
37
187
104
99
176
180
135
187
182
184
111
29
29
84
172
163
86
186
118
159
56
14
137
54
102
161
63
161
155
55
136
161
6
63
40
15
48
118
199
174
170
121
37
134
12
53
148
165
128
132
152
11
197
7
113
82
152
18
17
184
156
89
97
43
34
117
14
136
108
90
89
0
83
160
84
16
160
84
159
83
103
195
3
54
56
83
6
144
64
165
133
75
116
66
72
147
157
105
78
58
159
51
89
62
59
35
13
32
133
181
106
154
32
146
106
180
28
109
92
66
146
77
141
174
94
40
0
109
75
176
21
121
109
44
109
115
168
46
198
74
86
116
129
92
181
46
97
88
62
139
22
166
106
127
127
180
7
149
199
150
64
37
134
64
131
51
144
139
148
44
106
170
135
173
120
103
155
17
100
151
145
95
130
79
92
118
14
74
170
38
119
96
153
101
53
116
21
130
61
50
189
185
165
147
77
4
35
118
46
18
72
13
146
126
154
1
12
151
103
155
76
15
45
81
88
139
190
137
150
78
89
172
21
42
132
178
84
28
85
118
138
155
80
149
181
116
130
105
150
13
125
20
129
156
108
11
98
179
70
74
83
27
63
158
138
50
114
186
79
123
131
89
164
160
8
108
29
78
160
57
174
44
156
121
100
105
34
156
147
90
72
28
63
141
117
58
103
150
59
120
187
171
185
116
86
5
29
174
166
78
183
119
16
105
64
102
1
122
1
111
48
147
24
42
183
32
93
6
127
9
3
144
27
121
43
4
69
63
146
14
61
112
186
94
120
183
182
110
173
115
94
177
91
187
155
129
22
152
108
189
120
159
175
53
68
50
4
36
118
74
187
81
174
162
14
50
99
179
41
54
196
128
69
12
161
53
140
141
9
1
118
131
69
45
58
53
129
184
33
24
171
144
181
59
20
135
111
7
155
64
77
81
113
124
193
110
63
54
7
170
59
191
143
28
106
142
72
49
47
32
54
172
161
167
186
119
51
163
80
89
21
74
126
28
64
149
16
193
111
40
152
35
81
93
106
36
186
143
54
176
41
166
39
140
165
27
96
162
192
57
6
85
158
38
17
75
118
5
116
179
7
186
36
20
62
1
165
8
147
59
151
68
132
118
72
93
129
87
155
128
87
39
150
133
72
167
105
105
119
65
114
175
73
29
62
27
79
37
58
131
104
38
127
74
172
179
116
73
51
111
29
180
107
119
65
167
144
42
18
163
54
126
22
177
11
184
138
34
72
166
53
176
157
93
122
165
172
67
64
62
53
96
172
115
177
158
126
22
131
114
33
189
160
62
163
166
135
132
148
22
148
153
172
45
46
19
133
130
144
120
160
71
85
181
75
97
100
80
88
70
155
155
9
18
192
126
62
88
123
127
177
66
23
176
25
166
199
189
131
85
181
192
136
176
21
83
151
169
105
89
194
99
150
162
14
95
83
34
20
5
81
100
92
131
102
192
162
93
148
110
176
89
119
165
115
181
67
93
26
184
99
77
81
177
78
106
156
184
52
53
150
16
87
176
18
85
173
45
176
119
137
106
97
195
17
53
14
59
34
15
162
161
87
16
121
21
49
112
144
176
184
141
11
37
8
166
173
19
95
35
154
177
130
150
113
7
31
26
173
180
158
158
67
73
88
86
117
34
17
7
117
28
131
61
45
32
175
83
163
82
176
133
51
190
179
37
52
160
166
129
188
182
82
118
47
44
83
147
83
52
124
108
103
128
23
104
98
77
138
74
63
134
166
153
6
2
80
92
86
115
42
78
111
116
52
9
116
190
108
98
69
15
189
129
138
87
67
116
20
32
92
151
70
42
26
10
24
129
158
134
12
132
14
85
65
122
15
5
165
66
14
121
40
47
15
77
171
182
121
187
175
6
169
39
99
115
26
91
101
127
159
112
105
46
47
26
159
156
71
110
159
149
189
66
183
152
64
169
29
193
189
26
57
162
149
29
74
181
58
33
32
64
96
4
185
22
48
72
189
22
95
87
132
146
38
179
80
119
43
187
109
107
140
150
188
176
148
53
151
123
77
41
39
145
101
33
121
71
102
125
71
173
157
140
170
14
133
54
141
62
52
47
93
137
18
129
37
92
25
4
159
50
168
149
36
125
66
56
19
103
52
67
168
11
100
73
92
69
157
96
75
147
150
16
35
167
58
24
72
66
106
126
20
54
127
154
188
152
100
160
14
8
159
8
158
198
88
132
7
67
74
149
14
9
143
194
171
32
129
127
73
118
178
62
165
194
36
140
131
182
173
74
147
6
187
46
67
89
93
150
78
139
10
81
154
12
114
34
39
137
130
81
139
117
61
160
139
91
182
47
124
19
83
20
0
22
67
34
35
144
103
37
165
42
134
96
138
104
139
131
197
45
73
164
155
73
135
96
140
125
127
47
68
99
144
193
135
108
51
57
12
183
146
20
16
187
108
38
27
146
62
49
184
2
172
91
45
16
164
155
131
59
35
127
199
75
65
190
47
164
32
101
192
75
42
32
44
179
0
134
161
44
119
177
172
34
36
41
181
37
9
165
68
162
135
157
161
53
139
86
121
89
5
155
5
102
99
196
100
6
101
30
184
28
58
159
134
193
112
108
103
52
136
89
140
197
39
131
190
47
16
198
3
48
96
151
157
62
90
157
132
71
112
152
180
93
131
5
89
60
65
150
14
82
78
59
141
130
158
183
25
60
110
129
136
4
138
12
156
62
153
118
184
35
133
122
192
163
94
130
1
151
94
196
63
121
39
71
70
83
17
27
16
88
71
123
188
19
113
120
32
130
93
155
45
142
118
198
105
74
87
79
130
38
105
26
182
7
31
34
64
68
19
84
197
15
137
1
164
118
177
126
75
174
42
17
126
67
194
169
131
6
154
18
81
156
54
164
119
118
82
0
193
74
56
71
100
78
175
38
147
92
61
73
42
22
132
75
184
183
83
167
42
100
195
23
129
190
114
6
29
52
165
20
60
161
165
22
59
199
20
30
37
191
74
190
73
39
120
165
93
62
141
188
1
167
78
120
79
151
48
148
54
12
82
106
53
125
46
38
164
72
30
166
110
52
147
66
156
140
168
44
147
43
13
132
21
34
16
43
29
60
109
154
20
171
150
55
40
169
14
154
36
92
80
74
123
94
45
151
182
64
145
20
53
75
183
11
138
147
99
180
177
49
53
172
164
107
174
22
146
90
154
0
159
143
158
165
135
178
131
10
140
25
128
151
120
90
102
5
156
134
164
126
174
97
67
93
129
58
164
179
190
179
78
163
97
197
75
75
46
180
82
87
34
34
199
180
191
43
118
141
7
133
87
53
25
41
172
11
192
50
6
3
121
169
180
142
45
43
165
40
133
48
13
162
164
24
28
76
158
83
172
193
142
149
153
22
44
189
187
112
70
97
174
1
61
120
187
31
65
43
87
25
199
9
105
39
54
45
89
165
121
142
148
179
22
107
108
148
141
121
156
25
29
114
34
26
160
91
157
160
143
123
189
170
184
155
185
66
179
47
196
10
44
55
145
137
195
186
14
28
176
72
117
115
49
169
100
65
182
40
182
87
195
78
11
54
36
196
66
182
8
152
95
48
44
99
96
149
129
54
89
113
127
158
191
0
0
35
178
35
65
24
35
38
131
168
45
89
144
78
192
9
97
102
8
114
116
110
164
44
27
83
122
144
112
1
1
149
84
74
70
82
127
178
120
106
73
85
55
8
63
22
174
109
26
92
1
165
121
171
34
154
150
13
110
139
38
19
140
94
162
4
150
5
171
136
56
191
186
145
29
134
29
175
104
144
54
191
40
156
182
31
181
91
158
96
135
177
6
72
23
46
118
12
109
174
1
31
87
193
10
17
11
111
55
46
155
92
82
193
16
60
7
85
34
179
135
145
139
43
122
6
51
67
68
54
30
73
38
90
162
12
149
15
101
160
104
183
3
22
194
152
76
143
120
3
164
150
117
2
37
79
144
63
31
16
175
78
71
90
189
158
85
43
63
185
87
180
116
45
123
34
82
14
170
172
5
42
72
119
187
169
152
137
27
87
85
56
116
112
123
30
10
23
195
180
83
50
13
0
191
77
136
36
22
145
189
188
83
41
2
100
118
9
18
124
120
196
153
153
95
72
141
72
2
104
113
154
6
6
99
103
86
106
13
56
121
100
25
117
77
178
197
152
186
102
142
28
106
192
88
61
60
3
155
13
167
158
178
144
172
121
117
69
124
106
71
82
64
115
178
27
72
50
37
30
107
181
135
70
141
199
46
65
111
172
16
88
63
189
27
172
128
128
120
79
157
31
105
182
95
139
139
89
62
44
15
155
188
16
107
77
93
191
54
58
123
151
160
182
166
176
191
104
160
93
166
89
142
69
128
71
186
46
10
35
101
166
47
139
99
29
165
53
167
130
44
114
61
160
111
178
30
156
59
9
78
102
52
173
169
10
15
139
140
34
194
14
121
49
128
35
74
159
97
59
46
116
13
110
41
35
57
136
117
85
34
59
159
38
143
73
117
128
59
124
187
9
143
189
108
140
54
197
102
58
194
138
54
130
77
97
194
172
114
117
198
134
89
82
190
25
105
33
147
99
23
72
65
41
5
188
124
57
103
86
178
186
166
159
44
40
71
1
94
128
142
116
46
76
115
74
177
155
143
24
169
160
104
9
139
29
144
8
196
117
180
25
180
131
88
37
106
66
192
81
7
57
89
178
151
10
37
151
2
192
38
66
114
19
90
20
108
170
4
52
24
155
75
84
158
97
100
153
198
147
131
125
74
21
7
42
56
22
51
108
94
53
80
140
170
48
144
45
50
26
85
29
157
136
128
146
197
97
174
22
52
8
197
0
115
199
36
72
138
74
128
127
97
164
67
137
165
66
166
8
55
187
31
94
174
184
198
174
196
110
194
72
86
92
193
88
101
43
108
185
98
146
168
91
63
51
89
197
32
198
33
185
144
191
79
84
151
134
66
118
169
172
164
124
18
197
116
167
174
142
171
144
101
155
144
187
115
45
128
109
6
71
29
196
72
52
47
162
117
119
72
92
54
55
48
21
76
156
17
186
8
58
45
2
118
57
140
28
170
134
2
21
99
162
37
84
133
5
4
44
51
167
34
