2789	53	89	0
135
185
151
19
46
51
132
36
8
26
165
13
130
4
171
104
107
103
113
62
157
198
38
55
130
7
130
62
127
81
69
192
103
130
159
147
95
103
79
194
113
29
75
166
87
99
64
161
142
27
55
116
133
102
188
137
56
12
4
18
141
141
27
56
178
193
8
64
153
27
69
40
98
5
30
111
179
197
45
90
198
77
32
146
39
161
120
195
161
9
118
112
148
69
116
34
132
112
190
176
49
14
115
143
7
175
148
178
82
69
23
94
143
170
144
52
113
123
173
186
159
169
125
19
103
134
44
121
161
92
165
133
162
169
157
30
148
111
176
189
126
144
122
145
69
102
196
166
183
120
120
9
7
33
155
46
146
155
95
58
181
105
154
173
41
58
86
23
28
32
174
99
61
24
33
56
68
61
166
100
44
77
133
172
93
69
22
191
194
32
56
97
12
35
167
98
65
68
83
38
141
88
98
8
115
51
41
47
152
146
124
43
100
157
111
8
53
25
120
161
138
10
92
112
58
61
74
58
39
91
88
120
138
1
72
47
35
84
30
105
28
3
145
45
124
21
147
41
27
81
151
136
31
20
126
190
18
12
166
7
157
179
104
64
150
56
68
38
177
168
51
59
70
2
177
135
119
199
189
122
91
72
94
55
172
34
4
157
194
68
199
7
154
129
88
147
158
41
171
160
58
170
149
24
0
180
72
149
129
81
136
48
177
107
137
108
197
184
79
193
20
9
194
69
175
32
52
21
55
135
152
97
169
6
0
133
0
36
107
99
127
143
193
62
17
78
125
74
111
59
118
87
13
102
1
133
42
141
175
137
187
152
23
5
99
80
159
29
8
191
108
13
148
155
100
177
79
197
108
29
22
94
195
19
18
40
42
138
79
170
14
179
79
22
52
103
67
125
79
181
77
90
193
104
173
83
172
196
174
139
100
161
60
197
43
136
77
172
0
82
81
165
173
160
55
142
59
21
117
136
180
192
75
23
141
6
197
74
14
36
12
94
151
34
23
189
41
59
75
67
79
120
156
89
79
44
143
163
136
138
174
29
89
147
190
90
36
156
89
164
110
5
171
88
27
28
131
136
18
127
168
196
43
48
45
179
9
82
154
83
72
18
105
128
83
130
186
1
154
191
187
30
103
97
8
69
187
59
115
140
98
136
112
25
48
134
79
142
134
119
166
80
13
137
147
22
158
8
67
182
51
57
10
35
182
175
7
147
92
139
27
101
85
148
110
32
2
182
150
198
51
158
142
63
149
123
39
178
45
49
165
46
116
80
120
183
102
17
100
100
144
120
120
21
14
92
184
3
46
188
135
167
92
156
53
12
147
61
121
184
141
114
27
69
199
134
121
183
52
19
19
198
13
54
101
74
145
23
185
118
79
180
118
110
61
172
185
10
83
121
38
29
114
7
3
159
130
97
113
133
12
154
144
27
197
17
6
128
156
22
92
47
17
66
70
62
9
3
60
103
34
68
161
148
151
19
15
159
0
131
13
151
2
18
167
199
166
181
160
41
73
176
63
128
16
34
35
11
141
156
27
21
130
122
103
17
193
130
69
26
133
194
145
25
185
110
100
48
35
199
31
75
133
167
92
30
144
136
121
129
36
172
66
89
1
159
171
48
43
1
119
92
30
120
143
5
102
147
58
48
24
49
93
25
3
63
56
93
141
128
141
101
172
142
125
158
81
167
97
38
82
12
18
153
181
91
37
137
100
180
31
12
162
184
32
7
136
85
31
17
20
14
155
138
62
111
64
50
24
31
110
78
66
6
10
5
176
110
71
24
64
38
125
168
99
88
52
66
0
164
77
181
103
70
173
156
89
171
183
55
17
89
197
52
39
92
115
187
169
180
176
63
182
156
57
136
89
198
68
5
126
33
78
46
164
28
17
136
95
101
198
18
185
194
83
13
20
105
17
32
198
35
36
89
2
107
160
183
63
172
60
76
87
104
6
40
182
117
171
193
85
161
113
39
194
127
67
19
86
130
120
72
194
22
32
26
143
62
132
170
177
175
25
131
47
140
33
151
169
75
94
83
78
4
187
10
10
42
177
188
136
154
27
151
113
33
183
54
137
170
66
93
59
76
14
143
137
97
26
55
154
75
46
66
167
194
98
62
171
169
74
132
151
126
96
48
104
87
190
177
182
130
14
92
129
77
80
155
146
69
191
147
43
10
96
51
36
126
136
112
163
102
178
158
111
177
25
48
33
22
104
56
0
91
124
171
152
144
114
67
117
57
130
112
26
154
63
161
80
165
122
148
29
143
139
69
4
104
12
83
170
129
153
198
148
64
23
93
122
151
40
172
112
27
121
26
177
64
128
72
32
50
189
134
165
182
139
32
9
7
35
157
14
92
38
64
157
94
69
63
61
72
47
177
117
15
110
85
182
137
86
165
144
26
19
97
56
129
182
64
18
9
171
2
177
35
98
121
168
33
193
53
84
189
122
14
112
192
54
132
20
175
118
115
132
72
97
123
144
138
15
115
61
90
128
29
127
10
98
61
177
172
174
59
35
52
38
104
14
3
197
124
32
120
138
86
103
81
67
6
11
79
138
124
188
167
6
83
116
93
57
144
187
163
41
100
126
160
126
33
107
99
39
162
116
14
145
10
29
56
69
134
140
155
100
183
116
4
41
8
37
184
84
70
3
19
159
13
121
124
158
63
75
149
136
119
37
199
12
188
180
90
106
1
182
57
32
25
152
108
165
120
148
7
85
140
165
8
2
58
9
30
179
37
177
45
4
82
104
5
1
103
198
194
8
130
80
31
2
181
197
132
102
78
39
54
139
5
76
85
199
199
49
153
8
112
194
29
86
109
144
134
12
7
55
149
81
36
59
176
127
119
47
55
32
184
17
89
175
46
37
15
122
136
157
40
42
107
194
92
92
101
177
77
48
97
85
39
75
116
52
40
99
124
25
153
182
152
166
117
39
33
92
113
151
104
177
49
92
58
124
148
32
166
167
165
137
192
97
19
16
45
32
66
16
134
104
16
102
122
98
60
159
36
52
72
170
140
33
39
178
153
77
9
192
108
166
36
44
40
130
141
13
21
122
36
181
27
112
109
98
156
58
195
130
195
194
167
46
0
113
22
25
173
88
104
46
91
107
197
100
149
18
66
31
166
181
145
195
167
124
199
15
144
184
94
180
0
2
139
1
152
141
82
133
1
146
149
47
118
121
20
181
140
102
54
184
13
8
141
88
188
105
56
25
84
74
97
178
137
55
63
141
71
82
31
88
145
135
51
32
170
163
44
92
168
122
28
53
70
156
196
32
8
107
180
108
185
99
17
183
81
118
136
48
107
123
49
24
82
50
151
123
35
63
139
92
69
129
144
162
93
38
82
181
22
149
0
92
14
7
56
39
12
2
161
28
6
108
156
65
15
33
44
68
84
120
140
58
127
40
135
146
109
187
27
166
59
140
143
181
22
66
124
55
31
49
39
111
101
177
164
198
92
141
54
177
35
195
91
153
67
163
173
155
92
149
43
100
138
67
38
59
188
16
7
139
141
21
118
163
155
70
125
11
45
133
115
21
58
34
108
150
60
61
141
160
172
138
166
149
183
8
25
162
165
54
134
45
178
122
193
109
38
40
139
101
199
179
76
156
190
83
43
116
63
139
36
12
33
165
80
5
38
37
59
133
93
55
102
59
27
45
60
105
192
161
18
15
189
52
152
105
131
96
36
183
118
72
69
125
57
146
93
22
187
110
24
2
152
158
49
73
2
146
84
67
22
127
166
5
91
187
0
50
180
183
11
196
47
57
109
173
118
70
153
119
19
48
69
35
129
145
77
98
197
197
61
166
195
61
11
60
181
13
195
185
183
99
188
46
125
186
120
73
197
147
120
81
17
143
78
174
149
76
132
178
80
97
34
80
21
191
37
8
0
70
75
99
198
9
171
121
181
175
176
13
58
15
167
186
114
15
6
133
56
121
180
182
53
155
80
84
46
73
1
91
183
41
92
53
85
67
44
194
66
147
148
21
65
92
192
126
1
91
194
37
38
61
88
105
34
142
186
173
131
135
17
124
167
107
27
81
170
22
171
45
192
163
46
197
22
168
16
199
90
144
197
178
187
173
59
144
122
7
28
81
72
22
90
156
146
184
115
52
0
55
132
189
3
74
138
9
124
198
140
156
169
33
99
152
186
76
163
126
2
66
28
98
185
96
177
169
158
35
137
98
58
25
4
22
96
13
189
13
8
139
14
70
82
123
98
67
72
29
27
167
181
50
179
69
121
163
24
102
182
41
57
94
157
96
61
4
1
160
155
101
198
137
107
139
130
58
51
31
49
30
111
48
63
149
64
14
117
186
148
80
47
70
134
78
93
96
196
100
133
183
7
100
113
158
8
39
116
82
69
111
0
19
66
140
148
20
149
193
137
17
146
42
107
149
53
93
21
181
5
194
69
77
5
160
159
60
183
37
5
102
58
129
27
38
58
16
80
182
150
106
153
45
84
113
0
123
137
190
146
180
69
169
151
118
74
99
178
177
126
73
15
35
54
15
68
125
122
167
120
13
144
101
57
88
176
24
186
36
54
7
1
31
126
181
54
56
2
74
63
72
199
144
88
84
166
159
144
194
46
93
55
70
190
46
164
160
88
91
139
83
121
130
3
60
38
162
126
77
40
66
185
21
32
197
147
70
13
171
3
179
130
103
146
84
109
160
159
127
34
119
137
37
150
108
39
198
183
93
60
114
1
45
118
165
43
92
109
21
8
168
121
11
26
184
196
12
57
89
118
195
144
183
159
61
48
98
0
33
150
106
122
26
96
192
168
170
38
114
153
180
187
11
157
30
186
141
81
114
109
155
85
87
32
24
18
73
84
46
1
65
120
76
119
10
2
151
196
130
171
11
51
32
57
174
28
9
22
97
133
41
53
100
159
88
125
125
148
58
149
13
167
139
175
135
124
142
42
189
198
24
32
65
127
117
158
133
162
22
50
16
36
110
38
38
161
48
138
162
155
87
112
83
78
121
161
112
183
153
197
0
74
159
152
162
2
87
112
158
43
131
154
87
131
21
12
30
39
44
45
116
195
26
33
67
49
121
193
106
187
32
151
43
163
118
22
178
63
145
80
180
34
42
34
177
173
9
186
88
53
1
193
70
46
152
3
43
14
142
170
145
20
167
50
129
14
190
56
172
2
79
164
43
124
161
174
51
23
111
37
168
119
66
145
125
130
109
186
22
183
84
122
106
134
49
85
16
23
116
89
140
159
23
168
126
117
59
194
56
107
3
176
42
8
51
131
132
114
180
163
23
177
127
12
184
30
187
130
26
90
21
125
87
107
3
119
51
193
165
114
181
87
96
16
146
125
176
178
8
155
186
161
124
71
115
91
80
183
112
101
76
123
140
96
88
49
87
54
44
60
153
179
117
87
163
192
28
178
173
90
67
39
154
65
7
159
117
45
109
70
6
99
147
141
188
181
188
166
153
32
102
129
133
151
148
125
120
149
155
131
7
151
84
164
177
63
29
43
183
77
164
29
175
40
137
21
196
170
190
20
155
58
165
125
139
3
7
23
146
58
77
99
193
157
108
46
19
190
106
80
103
119
31
90
127
183
131
111
61
170
18
9
17
199
14
180
185
67
33
96
190
28
188
32
70
96
185
191
76
43
58
162
128
6
197
80
124
101
93
175
124
153
173
72
80
156
163
154
154
124
70
140
183
126
174
180
60
140
63
93
31
89
9
5
14
168
135
140
47
133
122
48
126
107
170
6
12
181
104
139
154
56
115
32
186
93
125
100
102
45
57
115
16
116
123
156
125
120
20
25
79
107
192
191
109
84
126
21
185
133
99
42
118
189
131
87
27
37
46
155
17
151
155
141
21
154
180
76
58
146
69
19
30
13
178
0
79
184
196
171
50
56
127
164
160
53
147
189
94
145
93
143
15
110
26
24
136
92
127
41
167
106
64
38
17
12
51
199
95
35
144
116
92
27
176
133
190
30
86
55
6
189
142
162
38
46
25
127
78
41
90
55
178
52
0
119
68
199
153
0
73
42
7
50
139
82
1
192
115
58
65
87
88
6
189
25
176
43
84
150
74
106
103
90
46
124
178
177
146
40
102
110
121
31
172
27
74
56
160
115
107
39
151
115
87
112
190
56
171
33
136
98
137
126
196
85
79
78
41
96
128
27
31
134
132
103
68
98
30
113
119
136
74
151
84
151
33
78
164
10
66
140
81
53
47
23
147
29
1
22
186
168
41
149
128
172
117
30
162
140
18
186
3
44
68
48
133
165
175
68
5
12
113
193
57
61
127
105
193
46
145
16
168
