4329	187	30	1
59
122
125
26
180
115
36
153
131
171
132
35
57
75
55
84
173
100
156
178
93
38
84
77
63
38
15
101
110
10
7
37
32
82
165
179
148
45
184
144
129
21
196
74
185
80
30
83
84
76
150
46
65
102
69
102
159
86
110
187
162
179
81
170
138
79
170
15
29
102
16
162
140
177
26
43
186
81
84
27
185
34
7
177
191
102
166
45
62
98
196
28
130
129
164
73
155
51
160
124
122
178
99
114
15
121
34
145
9
178
36
110
135
42
163
149
4
194
139
84
160
117
199
5
72
161
3
22
32
84
91
158
31
20
154
174
0
163
104
121
49
30
147
170
188
136
158
97
187
95
127
177
144
163
17
121
146
118
130
125
12
157
87
72
48
114
196
32
121
82
152
94
134
106
100
89
74
185
20
174
160
49
142
38
83
24
144
188
100
102
182
177
165
170
177
110
74
29
115
13
55
82
94
149
148
17
68
104
198
175
89
58
87
12
197
88
181
120
190
139
72
90
19
192
181
151
179
45
184
68
67
106
158
176
102
33
64
176
31
131
92
168
146
185
109
195
72
180
122
104
9
145
28
41
4
20
177
104
106
88
182
137
193
1
162
6
132
38
109
195
24
166
135
23
81
110
21
163
186
148
102
26
172
107
3
5
22
3
29
186
178
196
153
104
128
103
190
114
20
25
88
13
91
109
20
152
11
125
155
167
96
197
172
4
42
60
66
91
124
103
85
72
128
20
188
127
37
96
112
199
139
53
51
92
125
44
183
127
93
194
12
61
85
186
193
129
113
96
92
86
11
117
36
37
38
4
171
152
108
79
26
153
107
7
52
113
98
158
100
89
17
83
59
142
102
137
89
189
28
108
173
3
182
121
151
63
162
89
51
135
192
2
0
108
49
98
118
35
85
17
79
40
28
161
60
169
190
109
104
188
175
35
81
134
130
159
122
169
22
94
38
2
134
100
16
4
169
194
102
148
82
7
3
194
163
66
131
8
82
161
185
178
14
98
141
187
98
43
25
136
7
23
18
162
89
80
124
110
136
124
30
49
70
62
133
18
192
65
85
72
126
83
1
124
164
76
155
165
187
153
192
118
178
49
83
110
53
148
33
76
136
171
124
45
109
96
89
116
161
195
181
108
68
101
68
189
47
69
106
8
16
157
194
25
129
152
115
56
120
74
59
28
199
36
28
53
186
58
51
124
176
43
135
193
187
173
54
65
122
18
147
98
150
179
36
52
18
7
168
109
83
31
46
161
71
186
120
61
58
168
54
30
83
5
79
155
21
37
11
156
177
94
20
77
17
78
130
178
135
18
117
65
60
56
53
103
61
73
150
184
168
6
80
7
140
142
18
133
46
58
30
66
80
54
64
61
84
76
0
122
158
149
79
87
63
199
166
146
158
198
177
195
177
32
155
137
89
106
43
84
51
184
52
135
59
13
163
32
43
15
129
45
130
61
136
188
104
25
171
135
44
140
14
178
24
74
92
178
125
19
15
116
16
139
81
87
70
23
65
176
108
188
58
88
30
78
94
124
33
81
48
80
197
112
103
184
34
176
190
133
155
16
16
153
184
39
57
15
29
1
199
33
88
63
39
136
128
19
149
106
17
77
51
179
180
165
106
98
10
134
175
158
57
146
92
158
80
127
175
186
20
126
168
121
53
181
164
63
51
120
151
3
50
32
70
155
116
47
130
140
37
39
49
177
130
143
174
119
195
49
137
84
95
91
25
146
135
40
157
131
75
66
170
106
152
78
47
164
19
163
148
153
151
136
33
35
146
138
107
138
86
136
169
65
131
51
196
88
73
60
53
47
195
36
89
20
56
42
95
2
83
189
27
70
27
118
163
190
36
0
142
49
12
183
36
13
130
154
79
145
136
191
89
71
89
194
153
85
21
161
93
9
154
151
99
7
85
19
42
32
94
28
19
32
42
36
189
92
185
21
70
39
191
124
149
0
152
145
188
161
4
56
188
46
195
191
176
39
114
156
179
52
147
155
14
45
75
169
26
163
84
0
35
62
171
71
29
92
116
92
80
51
137
169
23
171
74
49
159
11
14
5
91
102
39
16
84
18
196
123
53
85
72
93
20
68
103
99
60
113
17
8
192
40
15
113
99
70
123
48
107
71
44
178
43
114
62
167
7
163
104
142
115
86
63
42
76
42
192
166
40
34
75
32
57
155
59
132
20
90
145
24
192
190
112
143
154
5
76
29
94
86
4
54
167
34
6
179
199
191
105
66
3
42
126
88
126
57
72
86
198
59
162
126
155
69
160
48
139
81
21
125
194
68
187
111
119
197
154
3
114
149
119
92
154
56
6
29
107
62
115
187
196
101
89
101
150
7
117
73
105
84
29
44
41
60
74
133
13
75
77
14
88
193
110
136
72
157
71
43
36
13
47
199
51
181
114
57
159
17
94
133
153
145
192
149
182
32
133
131
94
65
85
73
93
47
57
58
179
118
85
156
198
11
16
69
127
109
57
199
178
167
60
42
23
172
106
164
29
37
175
71
38
193
100
15
70
74
4
126
101
104
156
22
180
84
180
91
60
3
66
51
9
157
166
90
94
41
15
102
35
151
20
140
137
49
127
189
125
79
12
80
75
69
144
181
170
164
109
67
53
82
65
55
58
110
117
51
75
180
75
70
114
89
41
109
154
60
35
166
8
177
37
132
137
179
101
132
4
158
127
155
120
6
178
2
64
63
128
47
19
10
19
121
65
32
178
159
46
126
27
6
179
133
138
110
42
13
16
199
79
126
159
141
199
195
49
85
192
35
81
195
199
101
65
178
49
167
170
143
153
163
170
146
0
71
160
169
187
16
107
51
94
98
64
182
143
61
98
134
13
112
4
19
182
75
26
5
128
132
174
159
183
40
182
157
133
147
122
91
112
14
27
99
198
140
127
194
179
97
177
40
171
23
30
27
107
199
58
159
89
136
97
68
44
119
57
155
37
44
37
166
29
180
36
76
193
144
160
125
129
34
139
40
30
159
106
15
145
181
14
171
96
18
152
74
115
6
49
105
93
183
164
159
166
79
67
25
37
124
197
19
107
179
178
193
179
42
29
131
149
1
168
174
17
4
102
37
129
40
65
107
24
55
100
99
166
34
162
118
117
106
149
64
22
186
91
136
13
5
195
178
195
0
29
11
81
179
0
152
58
49
197
76
122
169
184
164
3
153
102
152
126
182
2
192
78
27
178
64
40
179
71
106
38
12
2
71
19
74
185
177
66
149
8
176
159
65
197
87
63
160
20
10
91
190
41
94
54
144
140
85
8
185
77
61
20
187
81
124
124
111
22
51
92
9
184
27
124
50
174
152
174
179
86
193
56
124
133
104
92
102
107
124
2
131
99
17
47
72
64
185
142
107
138
73
29
39
168
170
147
105
120
115
134
95
82
136
153
156
114
176
170
26
12
24
65
60
138
8
116
167
81
159
199
157
18
193
169
173
100
161
59
2
182
163
89
102
74
139
26
3
102
20
21
71
4
166
97
161
176
103
95
60
154
124
91
47
185
13
140
62
32
163
141
89
69
102
4
30
132
167
16
37
146
38
104
97
45
169
55
38
9
34
187
67
109
108
172
118
140
146
66
102
152
28
47
105
89
183
67
10
74
87
126
110
69
83
105
20
53
21
110
167
136
5
21
113
32
138
152
53
143
180
158
49
56
72
76
150
69
97
122
22
162
8
89
161
184
47
34
116
174
151
138
31
34
148
65
168
77
82
186
65
197
167
109
187
84
45
8
134
117
169
12
174
143
165
108
83
170
166
88
149
14
3
63
98
178
43
163
14
2
25
182
6
179
95
179
97
80
28
199
179
94
76
183
119
76
58
59
192
100
52
23
108
79
163
154
110
109
102
47
126
74
130
193
23
124
40
4
93
96
139
94
9
132
36
53
51
191
28
122
179
37
77
194
67
87
53
54
117
183
24
184
132
193
82
94
161
196
78
3
45
152
125
72
94
122
54
34
40
19
142
101
185
95
173
143
96
136
69
23
131
19
79
83
140
98
76
65
120
176
92
94
52
36
39
146
164
85
86
188
49
20
13
137
101
142
47
96
110
56
62
65
134
189
197
188
35
171
180
79
135
76
48
15
86
128
68
22
143
128
72
117
82
141
36
177
196
159
113
10
98
194
156
113
23
154
40
191
51
183
135
146
75
171
28
146
175
145
88
10
109
120
184
147
167
100
199
50
58
38
173
153
110
89
132
42
189
85
130
24
106
50
96
160
32
74
78
165
84
73
144
170
104
160
121
191
124
156
75
70
171
70
128
24
71
3
97
9
178
28
168
122
179
160
11
93
89
100
48
106
167
165
15
120
132
157
169
112
174
73
107
107
162
131
55
52
138
59
79
56
171
64
142
66
130
173
165
91
195
46
23
39
150
73
90
66
62
66
59
161
7
143
12
165
172
26
68
177
98
109
11
149
68
15
192
44
107
140
138
0
58
52
71
46
132
114
20
179
50
124
138
157
173
18
65
70
52
151
180
91
155
53
176
68
16
133
154
148
35
147
76
95
25
120
84
155
181
82
10
135
140
190
155
113
115
110
191
196
87
157
107
118
57
70
51
135
12
37
112
85
92
21
162
117
173
41
74
188
37
126
71
171
63
53
139
89
69
175
40
42
33
97
141
181
16
134
167
20
52
44
46
172
52
158
157
20
98
193
165
51
64
187
39
186
136
125
188
184
127
185
35
116
45
94
125
181
116
16
97
38
123
37
199
197
110
34
43
2
179
68
89
197
59
99
63
72
187
153
131
20
94
128
89
111
17
121
25
146
106
24
140
161
126
181
33
116
94
22
144
67
53
79
177
78
48
92
50
186
139
181
172
111
124
48
145
14
94
197
164
192
197
90
60
18
88
31
38
117
8
180
174
153
187
22
19
170
69
0
92
138
37
118
59
126
47
61
44
165
179
23
73
19
25
34
174
84
30
120
108
11
24
121
140
162
43
132
49
140
165
13
50
142
148
16
59
173
18
3
8
49
186
58
13
158
34
36
5
179
148
11
157
3
19
49
107
193
158
197
104
41
108
141
48
130
85
182
178
143
161
71
56
85
39
35
141
54
28
20
29
59
142
29
126
81
59
48
17
19
147
167
21
125
119
166
48
104
148
180
155
25
136
131
129
5
136
101
163
47
67
62
131
153
7
177
43
185
86
27
138
82
148
147
130
164
40
19
193
182
173
104
49
16
107
132
102
61
39
101
76
101
156
47
67
96
76
12
24
46
31
100
137
132
46
111
124
74
101
167
188
119
115
171
146
61
119
126
108
50
184
151
156
67
25
9
168
21
168
58
153
62
2
56
162
21
5
159
95
138
152
160
39
112
131
180
56
47
183
198
46
46
185
142
167
46
96
17
70
18
152
142
89
83
99
99
186
151
156
150
199
17
191
121
78
52
8
148
88
168
78
198
96
8
124
174
121
2
188
35
129
133
192
12
46
81
119
50
196
80
0
129
56
59
45
85
163
95
23
82
166
86
50
91
127
97
13
148
30
155
73
51
190
129
131
105
107
198
136
23
20
19
28
99
157
35
151
50
5
77
108
71
158
171
78
66
54
103
90
116
89
29
156
110
33
59
199
41
67
12
148
32
191
149
197
137
124
23
143
75
93
163
98
178
164
147
95
125
146
109
61
33
192
139
7
6
36
77
197
183
140
129
134
191
128
16
15
127
15
177
98
124
1
123
182
85
12
108
167
34
126
95
162
103
157
178
128
16
86
117
36
8
72
150
50
130
84
122
53
168
132
150
117
17
157
108
196
140
2
176
188
19
126
178
47
140
109
134
113
169
48
143
118
111
52
26
140
171
94
14
92
0
37
74
75
190
67
183
191
124
121
100
25
174
31
1
38
129
37
67
96
35
176
61
31
112
164
16
64
88
91
177
120
20
103
177
16
143
186
138
132
153
55
44
121
189
28
112
19
173
55
124
40
148
162
173
157
137
132
187
51
139
85
198
45
192
38
142
104
96
115
32
143
46
158
60
74
14
2
19
91
169
32
94
110
166
33
138
170
4
160
184
71
42
83
97
166
15
190
38
71
197
100
165
36
191
188
87
48
4
180
15
162
132
84
157
196
111
161
105
155
5
124
171
130
16
198
6
15
37
11
181
74
90
73
165
158
137
139
19
61
98
110
159
36
135
71
93
128
73
134
132
19
73
44
104
143
144
149
106
150
15
25
135
99
11
29
149
193
152
40
122
183
38
117
79
20
65
133
50
60
74
166
9
23
187
171
82
10
152
73
16
69
25
196
135
24
116
52
48
155
79
103
25
128
3
76
44
111
132
1
151
22
149
10
67
147
184
103
158
135
19
0
28
73
14
87
154
76
33
19
139
118
11
76
115
126
4
0
89
184
188
161
57
185
133
48
151
194
147
146
40
147
85
197
10
165
75
184
132
51
142
21
176
198
143
75
45
180
175
68
74
101
22
199
44
49
32
163
168
9
153
74
60
112
113
109
47
30
131
65
105
74
31
142
149
176
71
184
124
94
87
12
187
31
94
137
68
131
81
16
10
91
94
97
173
196
45
11
142
152
59
120
61
123
24
107
38
104
105
111
34
177
64
189
145
117
159
49
124
25
91
194
185
190
101
140
25
114
84
84
131
126
174
111
163
51
150
159
181
122
7
51
139
7
198
10
63
89
109
84
2
193
44
141
2
108
66
7
106
190
50
187
27
101
1
115
32
111
19
135
160
153
133
50
101
70
189
104
193
80
85
14
80
85
63
62
32
169
98
54
109
52
163
92
185
160
7
176
128
26
140
70
26
2
80
94
50
144
129
2
131
101
35
12
19
163
40
113
87
42
17
181
45
33
131
92
73
37
165
90
143
176
166
161
103
185
179
77
23
187
102
197
34
133
90
95
150
15
75
16
188
51
2
8
48
55
70
198
184
70
190
77
49
29
43
50
100
17
3
57
64
162
136
11
1
68
111
78
199
187
139
105
169
16
26
155
32
68
192
15
104
95
47
157
1
126
176
184
68
31
27
95
185
26
171
67
181
198
125
84
64
196
150
96
108
84
132
41
114
43
61
170
199
30
28
78
52
109
34
165
131
46
96
19
197
29
171
142
184
142
193
85
126
87
95
48
65
124
149
24
106
40
25
195
177
172
72
35
166
176
147
197
70
180
78
73
193
169
20
131
16
0
182
84
69
166
98
133
2
68
112
130
91
39
160
87
128
176
175
66
194
114
89
84
167
42
8
109
9
8
138
155
128
178
193
135
32
103
123
12
133
23
10
28
75
172
190
65
106
20
118
61
6
38
14
143
68
143
107
91
121
104
145
172
77
174
53
0
4
133
62
168
173
18
38
163
4
180
31
30
122
189
65
10
172
155
152
185
137
125
114
46
36
76
149
169
10
17
175
44
173
45
168
174
79
176
81
1
115
33
0
113
173
151
91
75
9
146
42
71
128
193
25
100
80
65
171
127
107
150
18
80
7
57
171
41
158
30
47
115
11
41
91
54
149
181
89
21
185
32
79
28
135
198
149
128
143
73
101
9
140
10
171
174
142
46
148
157
46
0
195
173
162
119
133
58
72
76
70
60
63
122
13
77
65
98
82
109
46
177
40
68
162
73
182
27
149
49
159
31
3
170
145
99
170
79
155
104
153
103
143
76
129
171
135
37
3
174
83
144
120
46
169
179
184
70
62
59
10
157
0
82
98
31
142
104
32
93
135
173
141
131
55
9
193
39
184
136
72
137
21
117
3
19
106
194
42
38
143
65
175
118
11
59
38
67
157
154
48
182
62
172
183
164
51
151
36
58
94
3
100
117
139
41
177
188
48
134
180
181
54
27
24
8
61
133
195
12
124
20
190
164
13
138
35
182
86
177
117
192
148
57
155
167
26
118
95
197
136
10
123
70
47
188
115
151
192
164
149
36
188
33
109
85
166
178
77
12
21
133
138
109
78
183
42
186
182
9
9
42
68
35
50
62
45
151
74
80
169
69
89
128
67
47
146
172
15
48
130
35
75
173
61
198
24
104
35
107
106
157
2
32
82
84
53
184
189
186
146
37
13
35
2
35
189
64
57
45
74
160
125
78
37
15
35
45
133
192
61
6
66
24
55
65
124
145
89
162
170
87
15
60
126
43
28
10
93
137
6
60
37
32
130
106
199
157
184
0
83
20
49
30
99
69
101
155
160
39
169
46
184
19
133
16
50
48
36
161
96
150
196
77
162
121
174
179
164
140
183
18
181
63
173
40
96
7
109
65
8
1
193
96
93
107
48
13
27
158
29
155
73
91
25
37
87
89
131
116
40
32
22
23
127
126
180
72
150
108
78
119
2
156
117
101
2
41
59
127
30
178
51
93
21
28
151
70
142
3
55
138
192
125
87
60
181
124
98
25
9
198
139
89
9
91
130
113
38
106
179
27
152
31
154
155
167
181
51
166
165
28
166
89
24
175
39
11
179
158
35
152
180
99
167
76
0
130
91
168
107
113
188
139
20
170
191
104
164
178
192
32
151
103
34
164
27
162
58
50
149
22
4
33
196
29
71
26
181
102
140
109
37
12
25
5
61
118
165
185
143
62
196
0
103
137
185
8
125
66
139
115
183
155
96
103
180
9
79
113
83
154
130
29
17
182
88
172
89
119
40
138
85
103
193
178
91
21
95
49
60
187
143
124
54
134
20
71
168
179
146
132
109
171
144
67
2
179
99
36
10
146
69
110
10
79
100
3
22
191
182
42
129
24
154
96
188
69
34
21
30
167
118
47
145
140
178
13
77
110
103
1
30
162
94
186
185
28
24
21
100
108
172
168
26
47
0
172
198
20
32
68
55
24
21
150
10
153
44
52
142
4
127
63
184
132
89
2
46
184
187
6
137
47
148
191
75
26
21
194
0
22
74
161
146
52
140
133
92
79
115
159
136
114
153
99
188
139
186
41
198
0
183
169
8
36
18
98
112
46
148
176
198
143
186
160
192
14
94
161
67
105
122
112
103
106
119
175
29
116
107
116
165
32
97
58
47
32
19
22
171
111
42
48
109
44
30
172
80
105
137
4
195
52
133
116
40
145
134
17
57
10
58
159
14
4
21
37
89
119
194
151
19
90
131
72
47
160
9
34
92
99
199
84
104
123
73
166
127
115
66
156
3
121
43
85
165
24
119
55
170
156
59
88
130
25
3
147
57
151
159
70
104
78
77
84
158
51
193
83
151
180
143
68
143
86
88
27
184
192
42
178
46
3
74
70
116
192
78
77
0
166
173
107
105
31
191
96
153
150
113
71
157
24
176
101
97
60
119
172
24
63
148
156
193
32
76
157
158
101
143
131
38
73
14
182
10
19
105
4
53
115
181
190
148
195
154
156
125
23
27
54
11
83
111
128
71
24
156
128
75
163
147
119
129
106
158
186
80
20
62
109
150
51
146
27
161
64
153
83
55
164
32
90
173
191
143
50
100
7
94
188
104
182
150
151
155
183
74
108
143
111
67
109
64
133
139
10
127
165
113
96
147
39
43
159
1
54
114
142
125
168
95
149
129
185
19
78
178
92
132
16
82
191
164
114
127
82
92
33
179
12
197
150
13
170
127
127
12
157
58
144
132
111
130
94
137
169
160
152
176
124
67
90
165
170
85
31
39
104
41
114
32
171
195
81
57
115
0
95
58
121
4
173
158
48
35
140
157
123
159
113
139
99
192
181
85
195
97
40
76
34
183
66
67
108
173
21
11
118
194
90
13
180
28
159
143
64
46
138
64
73
29
165
173
198
80
190
110
13
46
17
163
157
105
12
23
132
72
