6867	99	8	0
135
134
96
77
172
160
93
18
109
53
132
39
195
12
110
129
134
83
100
133
195
165
30
6
32
163
195
90
4
116
167
127
5
90
59
53
153
131
5
120
70
48
120
109
141
190
55
182
56
14
99
156
13
35
109
96
178
176
84
78
32
131
55
118
197
34
7
184
113
1
12
4
178
108
32
115
75
63
16
149
87
152
54
48
163
109
52
113
90
40
139
75
42
188
49
129
115
122
145
81
104
117
108
32
158
142
158
188
81
124
100
161
190
171
113
75
99
128
95
37
163
119
50
52
142
106
64
28
84
54
13
60
66
91
83
144
61
128
79
59
100
48
167
23
98
93
79
11
88
103
18
7
74
41
118
63
80
65
88
146
44
82
47
182
19
144
140
49
92
111
79
182
14
135
37
59
111
112
53
27
158
103
18
45
154
50
106
135
163
38
46
32
158
170
154
121
47
23
76
159
151
63
177
81
132
142
43
192
63
106
87
167
9
115
58
72
143
62
20
97
5
124
181
65
151
50
123
187
130
124
46
118
89
131
122
30
75
41
60
35
89
85
104
163
189
127
63
183
135
1
94
143
9
103
161
123
194
173
94
31
72
188
6
105
158
113
119
162
61
186
140
151
39
54
38
164
70
88
51
52
99
62
5
7
19
20
54
96
124
1
119
73
69
123
88
189
19
92
193
194
8
168
95
186
109
137
163
20
25
129
124
68
10
35
45
3
63
95
89
172
72
40
138
141
85
188
144
158
124
71
183
105
62
52
58
149
168
42
116
137
32
174
13
194
125
51
33
113
33
122
156
76
19
135
82
143
52
139
187
31
84
64
59
99
53
20
136
55
140
12
157
126
120
60
3
131
99
121
174
132
125
188
126
92
48
187
60
4
191
21
76
85
39
169
139
196
175
83
189
178
156
197
9
71
29
30
25
139
134
66
97
120
71
22
88
128
92
134
108
174
160
85
24
27
82
175
65
56
154
126
46
27
85
168
149
48
179
17
147
149
98
130
59
74
123
78
120
3
67
109
62
163
4
159
42
143
177
134
73
172
129
88
14
45
186
8
69
13
143
168
149
38
28
93
179
172
22
143
17
162
7
164
181
30
199
88
190
154
167
66
105
186
15
38
161
14
24
195
141
187
83
128
60
178
95
56
115
76
186
174
151
128
191
167
110
75
150
163
96
83
153
79
123
56
2
51
180
47
66
147
9
5
92
20
147
12
136
116
1
93
28
166
199
34
93
105
149
118
115
141
156
180
90
137
180
121
157
107
161
119
101
117
180
134
143
56
86
65
51
64
47
11
168
148
196
84
157
136
174
124
147
89
103
66
119
76
168
161
27
155
118
56
60
21
36
76
38
25
49
53
43
111
17
58
123
163
154
137
84
31
149
135
19
179
116
144
163
68
35
188
66
142
119
47
36
31
99
107
38
2
89
99
196
5
37
94
151
15
165
94
182
41
149
181
37
112
8
99
99
4
48
191
69
17
190
71
72
71
77
197
180
72
161
144
140
61
181
60
73
109
162
135
142
60
83
57
79
163
173
87
2
2
29
148
152
183
25
45
85
177
0
119
106
38
149
160
92
37
134
54
198
8
60
64
129
18
3
79
131
33
145
120
69
80
124
17
103
36
195
37
54
57
190
94
54
48
10
54
194
143
164
106
56
181
71
116
130
72
185
51
127
173
151
17
56
35
161
153
62
165
73
146
128
162
68
197
106
139
131
135
42
96
123
139
124
23
184
159
94
10
137
57
21
156
60
63
150
112
122
160
121
53
125
161
55
170
62
135
148
114
12
166
71
60
103
61
79
98
170
63
104
20
126
38
67
113
115
93
11
129
65
106
156
73
5
174
102
155
32
123
127
34
1
89
126
119
171
68
139
179
161
62
53
82
149
60
195
128
24
16
180
51
171
139
187
124
5
164
1
51
93
170
70
30
159
58
18
149
132
117
166
150
57
32
160
128
194
137
115
46
55
132
69
122
12
47
162
42
71
112
21
180
139
73
127
10
73
69
104
122
182
98
74
37
135
123
22
74
72
0
86
94
133
164
73
186
120
35
117
96
177
166
134
123
172
181
197
3
155
151
76
146
164
153
165
142
102
41
162
75
29
101
72
156
85
117
61
14
171
138
64
18
110
89
31
132
4
48
123
52
194
140
9
1
68
13
58
125
10
142
121
89
19
85
52
157
51
123
68
100
104
56
159
74
58
62
109
91
177
8
7
82
73
16
179
106
56
50
108
133
40
80
103
70
175
130
48
69
139
73
98
14
36
17
86
142
66
121
99
108
69
16
108
16
164
118
175
187
173
4
73
146
18
153
71
184
133
162
95
110
186
196
165
10
131
121
41
162
49
93
6
91
46
124
118
138
23
99
144
158
94
7
92
177
95
69
53
121
48
39
109
31
163
152
126
186
24
12
156
41
11
71
145
44
101
89
192
77
111
178
171
25
177
192
48
117
96
10
22
70
70
63
86
121
107
144
140
188
73
119
140
95
125
35
1
66
33
25
80
141
183
144
52
46
48
41
163
138
59
97
118
115
161
197
117
18
76
185
185
26
24
181
115
81
26
116
17
163
45
26
73
4
75
161
190
2
192
136
48
5
171
17
128
188
118
173
136
93
36
23
169
73
34
2
46
170
62
151
110
49
108
39
151
96
88
113
46
97
133
128
123
81
44
156
192
21
152
12
18
175
78
189
145
93
107
34
98
126
101
184
131
90
195
139
94
21
152
67
7
47
43
117
88
3
106
183
12
178
101
108
111
11
55
8
12
178
14
121
105
50
4
154
133
8
150
141
154
54
41
11
101
104
29
163
187
86
74
198
141
151
55
147
91
6
57
52
39
44
8
51
32
185
46
90
136
184
160
182
175
199
167
71
150
136
128
87
143
167
127
20
41
79
131
196
26
99
162
124
110
14
149
53
60
64
167
131
167
46
103
139
81
181
76
145
147
162
24
51
114
17
173
102
196
184
45
43
121
190
158
53
84
54
25
97
87
186
59
2
22
70
181
57
164
155
134
158
35
68
33
13
95
32
81
31
193
28
32
188
74
76
55
42
45
78
152
101
71
92
31
35
178
84
55
59
85
37
41
17
55
120
62
176
2
169
30
101
45
96
26
139
18
192
67
81
22
172
53
140
190
33
118
114
7
92
105
100
134
112
55
151
102
100
29
112
63
183
88
177
44
185
173
173
61
87
21
75
67
154
173
2
34
133
68
186
144
185
126
50
92
16
38
164
42
2
56
161
27
70
4
130
160
169
166
84
15
164
106
183
175
157
116
3
14
181
118
8
26
129
132
9
11
127
9
75
183
39
36
24
24
75
132
2
48
149
56
94
196
44
84
63
71
81
174
100
13
172
103
79
48
151
109
107
31
3
76
73
130
175
108
135
163
186
174
70
118
193
193
134
73
65
193
40
118
27
135
111
53
151
43
172
134
174
109
141
45
120
68
162
14
54
110
100
24
94
134
9
126
17
83
0
64
122
69
29
0
13
114
130
145
25
127
67
42
131
130
196
119
145
148
97
176
56
100
194
67
51
62
72
141
136
171
176
86
144
58
164
139
51
76
8
52
38
125
0
37
114
15
35
66
130
24
91
20
1
187
20
16
93
12
15
55
172
117
187
32
137
38
102
161
19
185
69
100
19
27
94
22
192
79
150
155
128
100
196
61
93
95
153
52
153
115
186
199
144
12
59
168
145
36
82
110
136
141
189
100
147
141
1
159
87
175
169
180
126
69
111
8
47
83
10
57
35
136
12
177
15
70
70
196
59
64
146
31
181
35
37
0
27
181
103
12
100
42
72
43
17
134
65
80
53
197
188
100
189
45
97
75
174
29
47
94
3
199
115
159
88
48
39
172
78
1
146
138
50
6
112
42
28
196
14
121
81
71
116
58
54
16
135
174
130
150
10
172
158
4
48
59
51
80
129
11
8
52
39
20
167
45
51
63
171
153
25
72
33
174
5
173
127
93
192
192
117
125
115
96
71
27
86
14
76
151
78
171
182
19
9
183
198
172
159
188
91
163
31
169
111
149
3
163
14
174
1
45
140
61
142
152
154
41
81
157
85
193
90
135
27
112
37
191
106
71
47
55
199
133
108
135
56
146
58
142
175
137
5
56
163
59
80
38
108
25
69
60
123
25
41
83
28
169
63
199
153
106
151
178
116
164
123
151
192
199
62
75
61
161
153
62
150
132
147
184
88
127
69
110
66
196
175
27
172
18
98
35
5
81
179
123
101
10
121
116
131
193
43
71
76
139
17
154
41
81
29
137
163
199
181
199
78
30
49
187
183
37
67
152
75
127
0
101
46
165
113
147
157
84
30
109
184
49
32
121
24
185
193
156
192
166
115
197
171
27
41
15
90
0
6
18
8
41
176
147
100
9
16
112
106
52
42
120
111
169
139
23
14
62
115
55
148
63
153
185
156
118
149
91
96
54
38
28
118
43
65
43
2
8
194
38
69
12
66
190
114
183
134
15
105
54
31
133
178
14
3
129
119
197
40
188
134
123
72
155
154
88
158
56
157
8
83
33
156
1
140
65
151
37
164
117
43
147
66
105
94
135
191
113
167
18
118
76
167
116
48
74
152
102
11
174
64
116
142
62
73
79
4
183
153
193
2
118
114
113
174
177
149
55
191
148
103
194
131
192
176
196
25
174
147
175
100
169
135
8
128
184
66
50
4
115
45
86
188
165
8
70
57
16
98
25
127
71
132
16
132
44
91
151
128
130
161
8
165
36
71
17
140
4
25
53
145
169
38
168
77
79
50
172
102
114
154
9
37
85
131
10
147
140
23
98
49
139
117
148
187
37
28
106
47
142
43
30
112
108
0
196
138
112
196
80
89
107
160
148
107
11
54
18
190
141
165
8
143
148
194
1
192
151
184
87
125
89
117
135
196
42
112
141
158
139
10
94
174
119
120
141
85
28
114
165
192
145
60
181
23
42
6
137
58
22
105
141
42
66
73
108
9
166
90
63
63
77
48
130
138
82
95
32
9
173
35
158
61
37
45
197
124
144
171
145
180
190
107
95
137
140
36
123
83
124
48
151
23
89
122
95
111
64
144
97
145
122
37
67
169
142
190
157
148
147
110
149
138
3
65
145
7
156
49
174
166
144
0
160
186
196
171
75
11
133
0
29
121
134
188
182
176
14
34
56
161
95
19
41
88
57
175
159
183
189
62
43
54
22
6
190
5
65
25
152
73
77
186
183
6
45
187
156
63
195
150
82
167
103
191
128
99
76
58
22
118
131
22
12
112
26
133
61
124
52
159
42
69
4
98
75
116
100
128
81
161
119
21
71
155
111
52
135
157
176
109
81
64
76
196
101
87
120
25
42
163
35
88
71
179
62
197
78
159
191
78
193
89
160
84
20
49
68
94
82
20
50
108
116
0
170
190
52
63
148
15
167
69
32
177
49
7
119
118
179
66
185
48
55
45
192
86
108
149
74
179
5
139
4
164
123
19
25
94
179
4
26
154
163
119
119
167
117
102
35
82
134
18
22
115
24
96
149
167
139
154
196
134
115
182
59
65
59
197
150
74
143
130
110
71
103
124
189
68
103
154
127
20
123
43
131
52
112
71
33
156
70
149
62
18
146
25
195
69
111
177
116
108
156
53
20
177
33
193
149
37
19
9
77
152
71
16
20
197
99
52
26
120
72
25
38
85
28
136
184
102
76
196
176
89
22
26
184
172
172
58
68
54
36
22
146
51
61
94
52
139
13
133
155
199
189
131
125
113
126
96
39
0
148
18
197
101
40
155
86
61
124
187
158
187
168
197
179
120
49
120
24
42
105
12
151
102
66
39
1
188
27
140
154
190
197
142
48
92
191
142
194
71
78
79
150
15
89
90
90
140
96
139
43
22
196
151
28
9
17
184
134
88
105
191
142
36
82
101
117
122
15
62
89
15
165
83
72
24
188
42
124
66
189
83
98
130
66
129
189
99
128
124
176
82
146
39
128
71
152
123
151
26
36
191
157
32
53
154
153
73
20
175
38
38
164
108
136
84
47
151
158
152
51
44
129
86
19
23
98
122
49
163
67
130
138
70
67
102
42
145
29
133
71
15
26
13
9
41
42
151
46
107
138
196
60
71
168
120
88
132
170
106
195
66
4
140
20
101
128
190
57
60
95
89
55
133
126
131
25
54
44
174
196
194
103
92
129
63
151
36
108
16
146
90
18
108
198
46
15
2
94
27
141
110
187
18
121
61
116
122
39
41
145
62
181
73
160
180
5
97
2
78
12
185
16
182
72
52
175
122
23
127
66
58
82
180
23
178
176
19
10
0
175
92
133
180
61
43
81
175
197
112
198
33
85
106
158
195
51
183
32
165
80
106
105
30
109
154
68
182
66
83
154
89
22
60
61
122
104
164
86
153
123
169
86
155
161
158
170
172
182
121
7
132
69
86
117
3
65
27
105
26
105
2
114
72
14
164
44
5
25
24
115
199
125
40
199
126
92
52
182
62
30
197
192
129
36
8
12
142
138
100
95
146
18
50
108
57
101
65
39
65
189
123
68
100
71
144
77
48
164
53
48
124
14
128
159
1
183
82
48
138
132
113
125
186
161
1
30
97
135
55
50
26
152
98
45
36
195
86
91
115
187
62
91
106
194
173
54
96
114
34
71
156
196
29
109
149
66
10
131
59
150
97
88
164
126
8
114
20
79
118
174
28
38
164
42
197
30
18
148
113
91
18
195
167
133
101
59
9
8
33
86
123
160
148
86
27
90
64
23
199
46
67
57
119
129
169
11
48
134
136
99
58
92
88
170
103
179
53
36
41
8
162
61
182
184
116
55
138
122
16
64
138
172
138
112
192
79
43
145
72
175
158
175
118
162
47
87
153
51
56
43
24
102
170
115
56
107
100
40
87
8
99
41
8
38
71
145
155
94
197
104
56
108
38
85
136
121
195
117
160
23
139
69
19
78
147
76
147
116
145
132
172
96
118
143
149
23
85
37
20
24
91
140
164
154
77
137
126
85
9
162
41
70
10
166
151
12
99
68
46
159
183
64
47
128
187
148
190
19
65
67
15
122
2
96
41
163
134
30
10
122
67
9
39
33
176
121
182
147
157
78
50
40
9
167
114
82
47
69
199
191
55
60
87
23
36
146
59
189
39
128
113
115
111
62
47
62
90
74
85
184
125
184
85
92
20
78
122
36
87
54
82
14
66
151
34
69
63
53
20
124
17
196
191
45
7
132
172
120
20
174
152
63
39
61
107
118
148
80
115
72
174
132
117
100
63
62
10
126
149
37
50
90
99
182
136
196
129
137
10
75
113
33
3
43
152
41
70
26
116
10
129
42
32
121
44
165
17
117
188
183
108
38
41
85
31
169
136
27
153
176
30
147
174
158
146
98
130
120
76
180
65
151
48
48
17
74
18
110
61
81
29
36
104
60
196
136
194
90
11
72
73
53
51
141
38
106
16
38
91
54
9
33
119
180
92
60
70
148
43
106
191
37
39
65
67
195
167
79
71
52
93
37
118
140
29
44
119
32
75
4
38
7
184
92
137
69
33
67
81
193
156
13
155
30
23
153
114
79
143
55
195
20
145
191
157
121
153
100
35
93
45
152
39
191
21
57
108
13
34
49
48
31
88
19
140
160
1
81
82
92
79
155
178
165
173
58
193
80
131
42
118
180
196
134
154
51
13
37
76
192
117
50
54
48
195
129
199
174
25
69
165
71
43
55
55
116
156
89
93
85
197
73
157
90
162
185
155
101
20
147
100
43
4
161
175
26
90
178
71
180
59
1
177
178
184
0
111
132
145
98
71
196
61
93
172
66
76
166
7
194
100
87
113
18
132
99
15
87
9
186
98
56
162
88
185
186
66
8
134
186
121
63
139
129
15
67
199
41
79
89
112
54
131
197
54
104
58
12
18
181
75
142
25
147
180
128
154
155
139
197
119
193
168
5
27
144
94
141
193
162
181
62
148
37
165
130
144
122
8
16
108
183
156
177
115
155
43
131
46
81
81
115
87
78
114
135
108
85
46
17
127
178
19
120
198
52
108
169
99
59
147
59
58
128
8
119
122
100
29
110
178
153
144
92
90
21
19
107
107
100
148
67
140
181
4
116
82
5
15
62
131
104
135
80
31
126
12
181
51
49
20
140
51
101
147
166
59
145
47
3
51
162
123
77
13
150
126
102
84
77
119
198
75
20
184
132
55
140
148
85
169
103
173
11
4
178
78
157
31
198
194
140
48
105
136
125
70
65
132
26
177
57
58
131
120
92
169
3
22
197
74
77
89
33
156
13
129
29
126
123
138
41
120
130
86
134
102
126
114
35
17
4
75
43
36
132
69
147
96
153
168
87
85
169
79
20
173
79
38
120
78
78
71
70
157
72
129
93
193
181
94
152
107
175
72
33
40
114
79
30
16
41
177
125
110
59
183
108
12
29
87
97
139
65
131
168
180
60
54
43
166
180
150
99
20
176
35
13
50
131
146
40
76
184
62
187
19
153
156
3
197
194
25
66
144
112
146
99
179
104
167
114
56
154
198
145
154
83
64
140
119
26
129
198
106
50
25
189
96
110
178
32
188
148
126
169
9
40
103
189
12
137
178
63
36
48
25
125
135
52
3
19
42
171
58
76
108
67
96
127
31
79
183
5
53
181
4
184
43
91
175
183
52
162
50
151
53
35
139
140
32
54
32
125
175
82
166
69
55
87
150
5
79
46
141
182
131
74
22
69
41
32
110
8
71
105
195
28
199
88
130
105
9
167
116
21
115
12
36
61
31
9
47
179
129
169
89
192
20
54
64
122
144
0
39
137
161
192
105
196
15
18
128
185
174
105
49
81
34
76
158
161
120
198
104
189
3
28
190
23
106
127
70
189
139
145
71
49
190
44
185
65
0
54
129
39
123
73
141
187
86
142
193
101
110
34
187
111
153
169
9
182
58
119
21
105
142
158
57
41
10
1
109
1
95
126
155
176
171
90
99
193
69
119
48
20
181
81
150
37
142
102
102
1
80
131
39
97
62
91
131
120
137
90
179
103
135
32
0
47
140
42
119
78
99
58
80
122
161
102
124
179
30
190
24
174
169
55
50
107
22
21
110
144
31
197
70
86
45
120
52
81
137
107
45
134
75
139
133
148
13
198
0
5
142
117
20
94
119
158
137
10
171
198
49
117
103
12
114
84
11
96
141
10
165
154
170
12
145
87
114
126
199
133
49
103
121
160
54
167
14
70
184
42
152
45
38
180
31
100
75
107
72
158
29
133
5
187
24
14
138
152
20
51
161
127
40
109
91
74
89
165
36
41
91
190
2
179
146
153
137
185
165
137
141
85
176
190
118
121
69
119
145
197
119
80
145
152
66
132
145
15
10
75
68
12
30
140
75
54
24
159
27
198
197
145
176
121
180
58
42
137
196
115
75
31
54
104
25
139
76
134
134
116
132
38
74
43
142
183
138
9
54
194
199
56
29
175
157
71
3
101
166
160
33
126
99
139
62
144
38
85
104
56
95
68
69
50
9
9
93
19
80
184
37
7
114
99
107
190
95
58
33
154
150
103
8
20
141
198
139
68
108
170
4
110
63
115
15
97
127
3
97
140
11
63
148
162
128
51
178
84
130
70
115
61
134
21
150
193
86
139
32
190
127
78
75
45
195
61
54
82
190
5
101
46
119
123
29
174
29
100
166
156
59
72
29
147
106
29
77
9
185
31
34
77
83
37
17
151
158
175
143
119
195
171
53
189
7
39
181
48
165
145
20
50
173
35
75
128
197
58
107
72
195
5
100
51
52
82
11
130
36
28
134
156
106
65
117
117
47
32
7
147
147
15
110
58
53
195
160
31
149
97
75
18
95
25
12
140
166
122
107
96
154
152
7
142
135
178
66
122
124
104
16
188
53
2
170
32
69
132
9
85
76
78
145
115
153
143
68
125
108
25
135
158
163
111
125
161
94
91
46
8
121
61
4
142
110
70
10
128
172
11
105
117
88
20
73
111
110
164
24
194
148
27
194
73
107
126
5
48
35
56
151
147
10
186
150
102
177
127
196
142
12
66
158
140
99
120
151
162
169
2
5
134
16
35
0
124
31
56
58
183
26
101
104
24
4
140
19
47
156
64
43
174
33
88
57
30
170
55
120
72
103
168
31
181
54
166
149
178
187
49
50
131
95
174
189
1
163
166
183
142
193
174
67
108
151
38
105
197
169
3
102
22
3
167
178
13
144
144
165
81
121
94
70
88
125
174
58
123
153
124
78
70
21
29
121
188
11
138
32
96
53
8
111
38
17
45
97
135
51
53
13
3
167
42
85
17
122
130
83
66
165
178
139
108
44
177
111
34
65
183
35
33
63
60
22
77
70
53
153
89
11
64
7
46
169
17
41
179
48
150
125
43
144
109
90
172
146
165
179
155
35
121
109
164
54
41
127
23
117
195
149
175
172
31
177
141
42
16
55
161
84
125
3
72
120
184
129
121
107
78
192
177
120
157
148
182
117
116
198
161
187
147
50
100
138
36
182
99
150
137
106
120
115
53
184
150
128
103
26
183
147
136
98
97
193
78
33
155
152
33
136
125
59
154
36
117
105
108
34
86
90
98
103
27
143
24
18
186
29
198
1
67
150
135
5
183
28
104
195
94
42
59
23
17
17
123
39
102
12
26
9
153
97
183
122
111
13
115
196
142
138
10
115
17
199
23
109
64
53
159
68
123
105
128
65
127
10
19
70
97
137
188
135
72
168
26
158
23
121
98
155
128
28
78
12
92
84
179
63
46
182
112
161
143
199
130
185
4
74
4
142
93
82
92
105
31
2
185
1
32
63
16
97
114
14
86
144
57
191
88
77
190
190
190
173
126
130
166
163
29
147
4
10
60
181
119
18
1
155
95
164
102
106
67
164
42
196
191
114
19
6
42
21
13
30
13
125
163
36
24
123
148
139
55
71
170
36
113
45
156
56
49
6
100
48
197
134
98
91
196
63
190
123
165
2
21
84
114
189
155
90
195
53
15
102
159
177
148
132
141
32
139
108
129
41
174
108
67
101
144
22
17
147
16
27
92
48
164
140
104
176
81
72
148
102
1
159
10
107
22
17
81
71
18
132
13
153
33
97
16
140
102
98
34
129
138
34
44
19
188
32
187
83
34
58
95
80
125
74
43
162
171
167
135
196
29
43
113
188
177
124
66
168
58
42
188
54
51
188
185
111
59
95
127
138
169
36
112
49
169
180
62
2
143
186
44
172
176
142
199
44
137
186
91
3
63
170
18
189
93
37
135
65
155
106
1
160
179
177
107
172
88
168
112
167
175
46
116
44
119
63
21
69
117
29
56
67
192
119
80
196
124
161
74
84
74
95
116
18
20
55
147
189
13
154
148
140
71
159
186
79
143
5
94
29
194
106
173
98
171
68
179
125
133
115
77
172
186
98
196
92
118
144
174
168
166
23
174
189
74
65
171
65
42
161
134
190
20
13
150
22
51
110
14
36
43
137
181
197
129
118
102
105
104
178
78
162
94
171
114
8
77
95
43
166
133
177
170
172
22
90
22
90
100
120
133
182
139
77
182
147
50
199
60
142
28
95
159
61
121
73
157
183
3
183
86
122
164
73
197
21
181
93
186
154
137
79
76
39
193
69
196
26
160
138
133
39
182
133
167
87
138
37
34
94
161
59
48
161
163
132
155
195
36
97
54
43
48
173
48
139
24
187
10
39
17
170
122
119
171
166
152
43
79
3
126
75
74
168
196
8
103
6
1
26
8
84
158
79
36
177
148
133
180
108
14
68
56
179
153
139
95
31
7
101
67
112
139
176
131
178
135
138
114
132
114
95
132
17
85
44
145
44
180
146
82
189
194
199
97
2
21
38
165
108
16
81
170
32
79
97
55
189
37
51
193
25
74
126
189
179
0
156
139
84
53
173
126
192
155
155
160
2
154
198
26
97
151
100
192
85
173
83
67
189
154
87
72
177
149
43
87
31
115
45
78
53
25
83
195
58
196
20
48
160
68
45
97
169
119
80
121
54
2
26
146
78
122
90
28
89
136
57
109
98
82
58
166
18
199
128
38
102
83
102
39
23
120
79
86
194
13
195
9
28
88
82
81
20
40
136
111
197
110
109
3
46
185
0
7
7
80
23
98
114
146
78
0
156
57
41
111
183
101
128
116
133
125
142
36
163
129
6
103
31
155
195
94
88
67
153
53
153
162
77
76
73
46
94
55
90
59
95
101
91
35
195
174
93
77
195
102
198
121
110
102
134
115
86
130
172
94
187
28
99
15
110
167
134
122
36
32
181
91
101
103
20
91
104
123
78
58
101
155
139
187
22
82
107
195
147
50
102
147
96
0
41
54
125
152
127
28
115
55
170
28
174
63
148
16
75
120
199
98
23
104
172
101
9
29
100
86
45
98
185
25
126
166
120
112
144
58
198
126
63
24
4
162
111
177
64
183
33
119
9
24
150
153
39
153
163
13
148
136
49
143
75
11
32
136
116
75
112
170
153
109
4
127
48
74
107
146
12
188
76
61
90
129
37
185
94
140
96
20
144
46
131
109
183
92
67
195
31
58
140
67
74
85
22
160
17
118
103
69
188
147
66
198
158
63
42
181
30
58
173
176
3
147
39
151
176
57
113
43
40
57
6
50
30
186
18
160
43
100
7
31
84
87
22
31
120
64
110
152
3
78
156
188
178
27
96
42
164
142
87
125
104
165
90
3
33
39
107
49
171
56
199
180
88
166
172
170
60
0
24
95
97
14
155
171
96
131
163
121
157
199
34
91
77
97
142
145
167
66
100
64
180
124
66
103
44
50
128
60
14
97
10
181
196
68
13
35
169
45
115
73
168
119
53
90
66
89
44
160
172
37
147
161
138
166
85
76
52
23
135
90
124
9
65
55
72
101
118
31
154
23
37
197
33
83
116
47
124
17
88
29
3
164
180
176
34
73
43
40
123
43
139
102
183
195
88
128
136
140
146
123
94
37
101
98
76
151
99
164
166
166
144
124
194
37
89
18
32
2
193
135
15
128
122
141
13
27
132
61
90
71
30
98
82
121
134
59
53
87
70
175
149
179
166
8
83
10
159
49
23
164
147
196
18
164
127
116
25
198
1
161
185
8
196
146
9
49
37
141
24
183
50
162
140
13
30
118
60
176
163
106
131
147
68
131
41
105
14
29
128
79
35
25
56
84
50
110
71
40
198
67
9
2
57
171
143
70
29
73
23
35
136
18
24
67
97
10
89
123
43
30
45
178
29
9
100
151
11
34
17
107
77
90
27
85
137
92
59
84
7
133
145
7
138
43
83
168
198
162
124
112
130
193
108
60
84
132
57
28
155
98
10
132
125
126
28
108
125
147
3
82
64
32
159
143
21
27
8
175
190
162
143
178
0
52
138
8
11
46
188
105
110
42
23
33
194
34
78
171
145
82
20
5
171
3
107
81
69
12
58
43
166
99
78
54
95
178
155
106
151
36
111
168
192
94
91
62
98
10
159
85
193
127
97
191
45
93
146
79
86
172
61
89
26
60
12
40
37
198
89
198
52
82
175
110
166
138
178
133
159
180
33
175
146
149
62
46
50
152
128
166
125
5
14
195
109
135
119
116
101
118
154
185
61
99
55
14
82
58
65
196
141
97
41
157
166
119
160
46
13
120
176
121
52
45
48
47
148
120
162
77
83
133
130
86
31
19
181
134
146
10
52
38
162
199
139
99
179
3
138
33
147
146
152
101
113
135
183
57
99
20
80
56
75
134
60
145
30
112
124
184
1
14
77
111
32
170
59
85
92
132
9
21
151
41
107
119
15
6
16
3
157
134
135
9
106
23
156
150
173
11
79
89
11
75
106
20
67
93
5
54
149
198
0
53
174
170
108
145
178
0
118
11
111
187
17
124
26
195
159
186
113
147
60
37
52
195
79
8
73
29
141
131
2
12
148
93
132
81
145
79
7
8
86
76
13
159
91
172
33
54
168
176
38
105
133
136
137
27
87
15
19
141
191
192
191
108
199
74
165
161
164
151
56
25
195
138
138
197
50
63
146
188
124
180
87
20
7
29
124
7
102
38
136
66
190
129
193
105
104
63
188
94
58
11
43
129
18
146
75
25
136
95
185
161
158
147
73
69
127
73
91
155
33
104
58
151
8
129
146
143
152
192
118
141
127
32
43
51
181
87
92
0
42
57
74
97
146
16
24
115
63
112
97
156
43
97
62
145
7
70
88
106
173
154
14
66
87
90
172
35
83
189
40
198
20
88
74
8
77
31
71
8
196
62
18
124
136
109
152
139
185
82
190
166
59
120
49
88
126
37
26
189
21
41
132
110
169
122
171
162
26
196
27
112
82
158
10
177
61
129
123
114
144
153
56
135
69
62
163
28
24
132
33
180
114
190
148
157
95
145
107
59
198
44
192
16
116
198
101
13
125
160
196
42
145
33
186
169
191
104
15
193
185
60
29
150
83
64
43
30
25
106
61
31
172
154
1
43
160
0
104
181
189
190
150
102
0
196
137
184
46
27
194
84
148
185
139
198
134
155
46
182
50
57
13
74
160
170
11
22
113
57
173
174
104
111
63
82
89
136
199
176
93
98
128
56
135
159
22
72
54
188
88
104
104
169
31
80
71
81
161
93
170
116
114
82
99
176
121
107
160
103
82
157
176
9
77
98
189
121
154
32
96
101
118
57
29
184
119
53
148
194
153
115
25
143
98
151
153
76
184
101
9
157
13
44
188
92
52
165
1
93
35
18
127
101
76
76
142
64
50
149
4
17
164
133
8
52
177
47
150
120
105
123
56
152
172
95
197
88
57
38
128
5
53
139
32
45
182
190
47
102
2
20
170
146
65
118
196
104
156
104
151
78
168
146
184
154
171
179
61
128
106
16
46
46
36
77
166
139
167
58
132
125
189
47
2
2
106
194
57
183
109
149
23
36
41
93
127
0
14
180
59
9
57
104
191
67
181
101
165
162
132
133
137
99
190
176
161
116
44
127
155
12
154
105
51
157
7
33
175
94
178
175
88
93
178
130
191
66
186
47
162
6
24
19
122
82
65
148
82
84
122
78
110
101
85
162
142
46
198
121
173
88
41
198
98
10
99
193
82
37
25
159
192
52
16
127
131
135
186
16
178
111
10
118
86
156
188
91
20
41
124
58
102
57
49
198
188
51
6
73
172
193
141
105
132
199
0
69
112
174
142
22
76
160
157
8
15
110
138
168
82
148
179
95
76
6
93
68
171
93
39
87
33
98
58
42
161
179
163
98
196
27
7
155
93
107
114
115
85
86
171
84
99
91
104
189
100
123
49
106
82
130
108
119
85
179
165
60
147
140
7
186
29
41
43
116
47
100
51
1
163
138
124
133
20
16
102
175
178
52
26
117
86
25
119
108
171
98
88
76
127
55
21
136
77
133
117
171
97
176
5
118
143
36
23
118
160
177
66
90
129
69
114
50
74
123
44
195
73
97
17
111
152
87
180
169
153
107
33
102
132
114
75
159
11
57
130
43
75
97
184
193
127
49
