3781	156	97	2
64
176
152
78
172
38
37
112
13
138
78
70
21
95
29
98
135
147
3
119
28
152
43
194
149
170
37
83
173
68
2
10
58
109
121
148
65
185
101
180
27
194
123
54
191
21
131
191
165
73
146
160
52
97
97
9
81
171
127
19
126
129
6
142
106
5
28
177
178
114
120
7
180
101
150
198
155
26
9
132
196
19
148
42
124
171
110
18
164
153
143
117
50
40
107
173
29
163
162
177
124
54
114
7
180
136
26
91
173
92
123
54
183
22
181
74
14
187
19
121
63
17
164
30
46
189
119
51
70
180
194
153
148
81
135
167
136
85
52
153
48
117
181
57
11
21
32
67
95
106
157
91
32
46
40
129
174
44
117
180
17
34
158
109
52
143
171
42
195
18
199
67
42
162
67
153
139
116
178
66
35
55
89
114
67
116
176
163
70
104
184
53
51
11
83
136
9
19
123
86
177
10
144
22
189
151
146
139
20
24
151
3
14
141
121
83
106
191
135
64
58
159
111
120
87
107
149
175
47
107
10
29
7
42
35
45
79
88
61
65
145
68
10
49
52
7
27
74
51
131
178
195
62
67
67
10
42
108
135
141
106
89
164
69
169
140
68
5
178
32
103
72
22
60
64
56
41
82
138
195
18
173
29
136
5
177
49
40
47
44
5
135
173
34
181
9
122
94
142
105
131
84
190
173
104
133
85
21
105
169
194
67
178
144
20
116
109
12
14
172
131
126
85
72
6
81
121
141
94
20
166
190
6
0
134
2
10
49
188
92
8
2
167
140
55
169
26
43
184
178
188
124
160
111
9
37
160
4
164
141
81
192
103
15
151
48
193
125
57
62
82
168
89
103
94
195
174
43
164
152
20
157
113
10
45
49
134
9
150
93
19
68
24
24
166
97
146
184
172
40
176
112
3
174
58
78
121
5
130
82
197
184
11
18
152
195
195
42
103
65
158
153
184
144
135
79
39
96
186
107
172
113
83
105
122
25
93
120
30
100
136
130
194
126
186
108
5
76
145
109
25
1
178
92
57
116
153
162
173
31
5
198
20
90
151
111
116
190
119
148
56
69
91
167
31
150
181
105
77
24
80
47
32
180
175
121
153
140
74
147
133
18
46
141
128
1
119
69
125
160
84
133
91
197
56
46
79
62
152
19
186
162
38
51
72
110
145
118
68
44
175
0
131
150
176
108
196
144
112
0
32
140
112
126
187
94
17
154
167
63
183
47
114
144
54
189
28
132
156
37
159
168
75
117
114
39
160
142
44
141
197
10
10
101
63
140
133
118
117
96
163
32
102
169
8
28
133
169
8
42
132
179
52
76
50
108
135
104
187
16
68
195
90
185
102
24
197
147
195
167
189
187
166
35
17
53
184
196
110
124
130
35
85
28
185
156
25
123
70
29
19
6
1
165
124
169
121
192
126
102
75
199
87
191
141
172
115
102
166
155
198
145
116
116
91
19
65
180
19
141
74
163
117
4
133
193
38
92
23
50
6
83
120
97
79
112
76
40
58
65
70
165
120
108
26
96
193
45
72
56
173
119
96
30
117
182
190
130
197
80
12
161
0
4
118
160
136
162
174
106
112
178
4
181
128
169
74
3
21
142
18
5
26
155
116
89
15
79
71
140
76
168
155
154
114
134
193
154
86
10
24
103
123
125
141
1
3
53
70
171
193
50
107
149
30
47
89
9
7
180
92
42
71
89
89
89
78
52
173
74
6
131
54
43
45
86
148
124
188
147
170
193
139
13
151
197
110
134
172
89
144
145
50
26
35
61
41
185
106
12
159
83
43
58
107
41
155
88
165
130
23
7
140
116
157
154
75
193
158
165
65
38
80
146
123
111
131
122
24
150
168
120
90
3
105
129
124
69
169
16
124
119
145
198
182
46
188
46
106
54
72
119
11
155
90
34
5
85
68
147
10
141
13
101
129
69
93
22
60
68
195
58
165
143
182
3
20
19
20
85
63
14
42
88
127
77
185
47
131
16
193
101
123
114
69
159
162
157
106
4
137
74
197
10
108
190
137
34
148
128
73
179
16
166
72
108
192
8
106
147
120
68
79
195
14
40
4
26
120
23
69
8
125
74
123
131
54
144
46
144
96
80
47
148
81
75
141
32
20
79
186
115
123
125
56
25
56
156
142
73
144
103
9
125
196
169
65
146
45
169
185
31
44
160
58
3
68
151
69
15
21
142
59
106
133
119
155
107
108
129
102
81
148
25
83
71
131
154
82
155
167
61
55
77
13
156
198
173
198
184
101
101
111
42
106
166
43
182
73
102
63
36
50
158
66
192
166
90
174
130
92
122
151
160
92
46
159
159
14
94
156
160
112
190
183
158
59
121
90
126
169
117
117
64
101
180
36
186
38
147
153
108
193
147
65
158
139
76
38
29
72
49
97
52
74
143
25
95
66
168
13
115
76
124
57
42
162
151
32
155
24
125
47
5
135
161
162
155
120
45
61
155
142
124
169
97
192
11
41
33
10
126
71
170
184
152
32
117
103
146
129
109
95
180
165
192
176
129
156
187
135
68
145
21
6
145
72
74
158
159
50
127
145
73
182
93
168
115
94
174
174
42
11
141
167
68
78
170
113
15
21
139
109
110
94
38
154
117
130
98
159
21
145
118
178
11
134
145
41
99
110
121
60
3
27
39
157
90
111
151
118
71
8
117
94
93
7
83
39
68
60
199
31
43
89
185
0
73
153
146
38
76
109
176
125
48
163
95
141
25
84
114
195
108
136
86
149
31
105
175
121
89
144
19
146
148
143
37
161
79
44
149
28
160
39
194
141
135
33
185
114
165
153
135
172
195
52
50
14
71
151
46
180
58
164
44
133
5
55
45
151
57
12
164
22
61
63
105
152
2
96
73
64
43
185
171
149
160
109
126
158
146
94
30
116
81
19
101
116
168
29
14
87
122
12
60
192
174
66
121
194
94
156
156
91
6
1
17
65
103
24
4
168
123
26
72
5
131
17
98
17
52
44
75
165
184
160
90
79
8
100
159
31
47
17
44
80
90
52
183
142
148
154
122
128
158
95
75
50
107
146
174
67
98
112
1
157
189
140
8
198
158
88
103
42
48
123
46
83
195
135
86
54
2
37
74
27
159
136
89
97
135
26
143
147
71
87
179
83
61
180
180
194
172
171
100
49
7
31
126
151
150
182
156
39
6
111
161
44
91
153
118
188
33
134
96
191
40
155
118
115
78
29
40
198
150
57
3
70
6
79
9
24
70
76
69
67
100
3
52
48
141
32
111
169
78
105
197
195
40
177
93
169
162
49
34
174
41
165
143
79
106
97
17
170
79
62
140
199
24
37
13
42
89
39
199
50
42
119
42
9
188
116
109
120
150
166
92
23
127
84
29
86
38
160
12
34
62
72
126
87
173
122
122
31
84
115
99
76
56
52
107
192
143
177
2
14
62
71
132
124
199
106
0
120
104
64
156
188
174
189
70
71
9
140
38
146
0
191
143
171
78
124
60
113
52
156
15
189
38
192
148
34
122
34
5
145
186
165
31
83
139
42
33
115
118
185
140
175
92
8
70
115
102
99
113
106
90
120
104
107
33
13
82
172
102
65
111
157
1
44
23
107
105
83
18
7
65
100
114
115
97
162
116
56
101
93
38
111
98
154
42
42
181
67
33
70
70
98
171
136
1
167
34
1
37
139
46
175
101
193
163
17
45
136
7
70
94
175
71
187
18
62
161
119
116
116
84
109
30
123
44
118
198
28
34
72
10
47
56
126
128
76
138
157
26
31
24
177
103
28
32
2
189
151
72
174
58
166
41
44
42
61
39
170
19
46
53
164
108
75
173
154
44
25
149
60
199
67
109
117
82
168
37
41
96
82
132
99
69
60
59
104
135
15
159
2
117
137
14
186
152
162
89
117
118
4
23
89
21
135
34
157
132
47
10
107
197
131
104
26
151
170
158
108
24
107
113
0
152
185
144
189
41
153
111
141
34
82
164
185
106
72
34
63
9
77
164
116
82
173
97
79
37
196
21
12
162
22
89
26
96
2
57
194
83
52
187
172
155
30
55
79
169
194
138
125
133
142
157
145
122
37
130
174
11
182
166
117
80
51
74
130
160
25
124
140
26
14
82
79
191
140
54
160
134
88
53
20
171
87
122
53
154
23
80
42
21
85
4
10
173
128
168
21
182
152
36
111
83
116
40
2
88
24
140
191
190
119
176
192
56
19
39
109
85
38
110
185
183
99
139
32
32
126
17
64
180
181
63
48
153
154
0
33
106
62
189
16
108
3
182
165
24
102
161
140
7
63
129
165
108
54
95
42
98
44
142
61
46
67
88
131
0
123
30
8
19
146
77
88
196
23
196
127
111
76
138
159
116
165
20
28
193
49
68
149
129
92
61
41
26
134
147
42
108
36
40
27
182
177
192
42
170
192
14
98
48
145
151
41
49
94
20
152
122
168
30
116
40
139
178
15
106
130
188
28
58
161
47
30
78
93
170
107
131
90
119
154
9
161
189
70
73
195
5
142
170
135
193
83
44
92
176
45
132
60
143
146
85
189
121
68
192
116
111
134
82
136
11
11
36
9
182
19
176
43
170
146
191
3
25
127
31
140
188
118
122
166
168
146
130
53
138
67
112
169
195
143
107
119
119
48
190
147
40
163
2
176
143
96
147
158
90
19
143
87
105
189
88
198
187
79
59
196
5
125
97
16
42
11
59
179
71
39
90
197
77
2
92
71
9
4
163
190
24
187
175
88
20
0
180
71
164
78
6
143
55
23
81
174
73
93
133
119
158
74
182
146
163
109
137
76
36
18
91
22
136
68
188
92
112
33
48
165
175
82
30
154
100
174
186
37
154
138
61
160
0
199
132
134
4
176
150
10
67
22
190
178
12
169
137
63
10
165
169
12
160
72
104
33
166
100
33
43
10
69
151
121
58
192
17
109
190
53
133
134
195
19
57
190
73
55
122
180
46
193
3
185
123
99
71
103
84
38
105
130
197
122
136
159
48
2
73
132
180
122
164
83
71
87
137
86
43
161
195
112
191
15
50
198
108
135
71
33
96
56
112
56
8
158
163
110
93
73
55
125
1
179
38
38
43
124
79
167
135
84
137
151
193
188
153
89
87
113
140
10
142
182
88
88
149
60
148
106
198
137
97
38
99
131
120
83
13
127
178
52
175
83
158
148
73
36
189
44
104
172
42
135
51
179
22
167
73
121
32
198
190
142
129
146
133
166
4
53
142
101
196
24
104
10
97
148
130
179
58
165
148
165
54
12
59
109
6
191
1
8
90
39
138
100
156
21
114
129
49
1
69
144
131
105
23
166
51
163
178
12
68
120
21
63
139
140
81
135
51
22
47
174
182
184
197
54
141
195
136
31
184
19
20
21
73
10
6
130
170
60
154
133
95
183
0
118
182
180
73
132
107
166
32
150
80
46
124
146
138
81
146
109
78
87
39
176
138
40
67
3
105
140
192
128
30
135
170
71
154
48
89
194
160
165
97
108
29
165
19
123
37
81
172
54
16
144
107
12
52
197
32
28
84
119
48
187
166
21
69
133
91
44
10
155
15
174
60
93
168
49
76
52
123
177
122
126
129
10
139
15
113
15
27
89
56
0
133
160
123
76
54
197
5
163
10
108
36
45
71
52
53
157
46
154
24
140
40
98
46
3
52
100
198
177
118
87
184
116
188
148
137
16
122
74
157
73
5
161
130
47
100
125
88
117
115
145
183
62
26
61
186
85
74
150
103
102
159
9
72
87
120
52
171
53
155
64
61
156
6
134
150
134
105
61
158
135
119
126
70
195
188
108
136
181
80
131
24
13
48
164
52
124
46
18
87
7
63
156
99
30
106
119
108
128
89
119
2
181
79
83
119
71
162
98
167
158
154
141
116
63
95
99
81
80
161
179
39
106
64
1
123
155
60
8
144
112
15
8
113
180
143
28
199
199
128
156
16
13
85
138
161
129
95
178
58
94
110
123
95
75
12
172
112
25
73
149
134
2
65
115
69
63
42
55
169
93
74
196
177
110
85
4
49
112
59
150
59
164
112
109
173
109
141
96
14
26
197
105
57
106
178
101
188
139
13
119
11
15
20
65
165
44
109
40
160
38
105
106
89
11
12
119
131
3
25
17
57
90
11
106
15
164
13
161
65
20
3
104
39
80
34
100
105
68
66
50
188
33
148
11
39
66
134
140
151
59
19
52
85
127
7
42
138
60
32
91
177
157
105
53
106
76
160
139
31
194
7
86
87
188
16
100
73
195
89
95
122
185
14
93
47
123
198
15
150
159
190
64
39
51
186
188
176
191
138
138
37
193
1
152
23
155
56
105
75
155
65
118
3
79
88
174
42
34
139
59
97
0
59
67
55
10
83
191
133
94
36
196
198
198
115
123
46
179
10
199
106
142
107
43
149
122
124
149
3
66
27
131
141
35
75
152
37
21
39
75
172
43
171
157
39
44
122
157
16
102
89
113
81
191
19
11
11
87
86
150
172
13
2
91
95
60
90
44
166
49
171
173
178
44
145
26
75
41
25
168
107
130
65
84
172
10
172
146
154
153
129
172
147
191
75
159
27
103
164
107
4
178
18
95
19
4
123
150
150
7
29
170
145
42
166
163
112
149
178
172
134
4
43
99
187
157
179
139
77
88
61
128
22
171
65
38
43
151
22
61
140
178
81
157
95
121
28
107
63
170
74
77
58
172
47
48
57
51
165
123
176
172
121
199
69
105
171
141
133
33
36
52
178
183
90
54
185
102
55
135
23
62
112
57
164
165
1
142
32
157
150
155
113
101
12
28
55
39
45
34
119
46
34
199
155
186
36
178
50
194
91
171
172
20
63
4
94
35
149
121
76
78
1
118
100
33
82
140
175
27
179
160
139
51
93
8
123
191
98
187
88
10
196
36
96
105
196
121
29
195
191
22
153
51
147
186
181
99
55
3
145
167
64
163
70
187
87
142
127
121
168
110
37
155
86
37
129
169
82
6
197
112
155
145
188
175
167
57
168
159
127
4
146
127
72
174
59
49
134
186
105
125
195
70
94
71
117
66
107
63
158
173
137
198
61
44
80
8
186
144
80
10
46
195
149
72
120
151
0
171
36
10
7
182
159
121
31
52
198
80
80
168
155
172
159
97
17
101
57
183
87
196
42
78
112
44
78
22
148
96
87
140
175
121
53
186
119
178
123
189
187
82
70
48
174
141
185
149
147
176
123
179
147
23
122
25
185
45
193
141
183
126
53
193
18
100
125
98
95
85
104
15
121
13
144
123
147
189
52
6
135
32
171
46
89
158
172
85
78
39
99
168
62
29
142
36
152
102
53
21
37
45
16
20
36
180
154
132
181
144
187
73
73
57
172
85
198
133
179
160
9
56
191
92
92
25
101
91
151
116
112
125
10
7
136
49
153
180
161
199
40
98
156
8
125
88
170
147
150
24
149
197
39
195
73
100
174
46
167
176
162
145
179
15
21
120
3
107
162
80
88
146
57
39
113
1
176
136
26
102
28
154
108
81
13
141
6
125
103
184
81
57
76
9
9
198
167
66
175
53
180
44
131
55
4
171
151
39
4
30
7
63
28
41
84
46
29
161
80
67
100
27
20
33
75
105
6
23
167
42
22
27
108
149
46
186
108
74
186
22
158
93
165
21
59
96
115
74
28
99
181
114
56
115
95
181
138
84
62
102
78
108
117
129
188
110
142
33
101
48
29
115
75
97
136
122
133
42
179
143
15
48
161
45
0
115
181
63
109
63
109
23
179
172
56
91
137
44
94
189
164
48
190
128
125
151
101
59
5
12
154
11
168
147
103
121
55
137
129
20
104
117
16
109
152
166
58
86
128
90
170
109
37
120
7
67
1
2
127
19
192
115
186
161
109
33
162
49
50
63
72
185
70
178
66
124
121
86
80
12
115
68
31
115
147
146
53
78
108
87
82
143
49
57
15
85
64
117
137
66
165
114
134
25
109
123
24
66
99
135
183
123
0
47
88
60
35
59
155
135
16
105
163
115
132
107
95
68
167
196
5
72
194
127
150
16
192
43
125
1
33
183
120
86
74
142
177
36
0
23
31
169
186
156
61
146
191
5
52
0
5
105
164
174
0
24
53
138
19
167
69
53
153
64
90
57
44
38
198
38
111
122
51
177
55
85
124
73
131
67
123
127
117
48
113
113
161
90
96
107
2
162
76
76
44
8
136
80
188
178
84
159
115
112
156
33
129
79
124
52
39
89
56
92
141
166
104
117
114
57
193
176
33
96
150
64
192
1
125
128
101
78
110
115
25
93
70
79
6
159
170
22
21
27
191
123
191
46
142
158
22
168
124
67
100
174
0
21
169
80
190
51
18
175
192
133
196
37
196
173
145
96
49
4
177
100
131
128
49
60
174
127
105
117
175
130
175
72
29
169
90
161
15
199
25
168
39
178
185
180
20
97
165
55
197
34
64
114
9
175
126
93
100
164
144
123
156
128
31
64
122
30
56
144
59
191
197
78
126
93
12
37
40
142
48
175
139
11
101
47
61
68
162
45
181
67
71
5
