7122	88	57	2
119
24
191
36
147
113
33
86
125
159
119
30
35
48
148
131
46
57
47
133
115
198
35
46
174
154
85
54
57
35
86
34
122
56
89
168
139
35
54
42
115
21
164
164
130
90
157
188
9
90
3
157
144
185
80
119
161
172
76
110
121
176
40
78
39
105
23
160
109
35
116
116
140
97
21
179
148
192
191
87
192
14
116
73
160
157
176
134
184
158
9
24
38
35
5
109
113
126
173
134
188
183
62
78
130
62
168
141
4
61
96
184
62
97
88
174
31
165
127
97
23
187
147
111
27
160
73
165
68
131
159
47
125
146
42
142
27
16
1
174
15
71
186
51
199
190
114
32
91
175
16
75
106
0
99
168
69
99
130
185
131
165
2
7
172
31
2
71
65
44
50
132
168
24
90
36
190
121
71
130
157
198
184
96
13
104
199
143
47
72
50
93
172
119
177
49
76
84
115
93
10
134
121
121
12
190
92
16
129
15
194
81
51
13
43
164
173
199
186
47
70
19
63
93
146
53
49
130
49
187
72
141
81
144
97
137
159
51
131
42
51
43
175
97
113
113
164
4
84
10
112
149
37
72
122
13
145
4
156
45
72
194
39
89
58
80
174
9
60
92
101
30
168
130
50
165
115
175
49
178
63
149
189
29
9
131
106
66
13
7
184
159
93
11
138
31
88
74
5
37
143
181
84
160
52
159
40
98
83
9
132
196
10
74
62
106
37
95
146
6
162
147
73
140
3
51
190
97
129
169
177
145
126
194
69
4
3
6
156
132
8
76
122
29
74
143
174
81
94
1
5
23
44
123
169
79
150
94
87
13
112
97
6
184
34
135
75
14
81
76
2
54
44
188
15
25
113
56
10
101
159
126
152
56
47
155
182
22
148
112
121
86
33
31
9
103
1
152
68
147
114
140
126
173
139
189
134
84
12
32
188
36
69
176
191
53
127
184
155
138
150
173
199
1
192
22
85
106
23
57
42
45
18
51
125
68
130
147
180
75
104
43
162
32
100
68
69
58
64
78
148
114
90
177
102
96
1
154
134
76
135
13
82
50
45
100
66
89
156
185
165
160
183
174
39
69
182
78
40
36
166
175
54
0
76
87
42
73
112
144
40
18
62
2
152
181
47
107
145
166
110
133
181
25
191
36
96
160
50
34
82
29
45
145
4
113
151
5
159
110
9
100
24
119
175
10
191
90
116
45
111
95
100
106
104
161
66
114
120
85
154
132
0
43
129
120
18
88
160
117
17
109
0
128
24
160
71
19
173
78
88
45
79
177
145
11
9
83
46
59
91
32
131
96
14
177
110
191
45
74
35
53
83
121
89
59
95
153
177
191
92
43
167
0
165
64
82
125
54
190
21
67
45
20
168
2
127
179
16
10
135
179
130
7
18
191
112
54
182
142
154
195
17
151
30
89
101
72
114
53
1
75
85
15
27
14
133
53
161
189
180
166
174
118
84
120
194
9
25
143
163
154
134
83
95
12
143
196
140
60
61
53
158
79
193
114
63
1
112
127
30
11
28
30
182
16
75
188
62
172
16
137
113
178
120
115
188
48
95
62
61
65
9
114
171
87
108
176
144
82
178
2
154
82
157
31
169
141
3
111
124
85
129
177
196
17
148
103
138
118
162
122
36
98
103
16
130
62
188
62
15
133
153
83
179
149
3
4
85
16
121
29
174
191
0
50
129
124
79
43
198
115
141
125
102
61
142
11
160
0
108
72
18
86
81
135
132
111
123
105
198
46
137
2
65
54
66
153
155
23
189
146
52
145
138
42
165
163
127
142
105
129
7
73
116
24
102
112
136
126
127
195
166
27
118
74
185
118
73
161
102
198
193
2
192
118
102
13
144
107
1
23
25
5
179
85
193
7
82
179
100
149
189
21
11
178
164
176
65
27
162
102
14
36
87
109
141
12
158
19
128
39
141
113
43
80
155
136
198
145
52
188
36
17
183
35
168
96
88
170
95
154
114
37
144
69
140
121
184
57
172
0
27
100
194
183
108
47
59
127
174
56
94
119
91
60
18
162
137
185
158
26
157
157
3
129
127
135
20
120
133
96
134
6
84
101
170
166
104
108
183
78
109
137
180
23
86
196
187
134
171
8
49
94
48
90
130
103
23
172
90
151
64
61
158
171
79
7
177
115
171
181
59
168
191
55
195
74
66
11
13
138
49
122
158
56
83
180
156
154
181
145
43
34
132
125
162
147
152
78
156
192
33
21
131
65
33
47
6
26
72
23
19
50
7
178
80
133
20
31
195
70
28
57
146
85
159
66
101
97
20
69
15
194
29
184
179
13
30
5
162
29
119
179
43
34
185
142
92
57
141
23
53
112
176
33
172
28
43
170
194
145
46
10
117
45
100
99
47
81
18
156
123
13
90
36
71
15
188
160
157
0
67
145
28
75
101
189
4
195
4
88
47
192
115
174
98
13
50
88
67
129
50
41
100
96
28
172
117
181
131
172
80
38
186
175
38
188
104
24
111
126
96
24
71
137
109
136
67
110
171
45
51
56
64
184
170
0
170
97
24
87
154
23
120
95
190
47
197
78
180
119
0
24
193
134
141
65
50
98
116
164
82
12
155
90
91
36
168
170
120
117
147
17
174
77
138
31
106
12
23
134
117
22
60
79
5
14
167
82
69
184
160
162
117
115
31
68
132
154
50
146
89
70
148
88
121
130
122
73
107
26
39
127
112
8
7
61
118
92
136
139
59
104
156
182
70
181
195
17
137
174
6
108
51
111
126
191
66
169
99
35
93
149
8
173
119
138
156
48
160
53
12
118
102
36
131
186
154
47
83
5
53
171
77
156
168
100
69
42
2
135
153
7
188
9
128
180
113
128
159
98
89
172
94
39
29
144
2
4
100
75
19
117
76
22
86
69
157
74
21
190
143
183
193
106
99
139
18
2
63
53
13
120
59
85
196
170
105
130
4
174
90
111
128
132
114
3
106
5
101
195
42
142
140
142
143
65
112
109
18
152
159
198
18
30
59
68
33
188
191
108
102
133
6
165
4
135
100
189
56
14
38
37
88
71
61
176
142
30
181
149
91
12
20
62
185
168
181
45
161
33
92
50
19
109
133
19
180
129
93
137
74
118
42
146
82
148
142
33
50
142
118
118
51
105
18
75
126
42
13
116
152
115
67
178
96
18
74
108
101
175
42
170
124
175
150
112
78
25
148
68
169
69
73
140
93
116
85
110
39
32
142
198
106
9
145
125
169
96
11
44
89
140
165
46
187
70
102
34
135
187
98
37
76
39
96
19
157
168
122
158
189
126
166
53
139
172
129
10
16
155
34
144
77
20
36
182
18
168
158
53
138
14
117
66
66
71
169
152
183
154
52
117
31
111
39
119
79
58
175
171
92
23
60
58
30
28
170
105
46
143
57
59
57
180
135
93
100
139
6
69
95
165
23
8
166
153
181
31
42
119
7
165
127
87
189
112
126
135
44
73
99
0
156
114
177
171
30
139
25
54
115
176
49
37
120
35
9
70
182
97
168
69
198
20
37
153
17
77
27
153
141
43
12
135
123
140
22
15
5
47
2
75
190
28
33
191
186
17
121
59
148
106
190
75
38
163
148
175
171
181
175
159
41
43
149
55
42
15
148
11
1
54
86
71
113
157
3
126
145
103
69
5
20
100
118
82
182
47
133
174
128
172
112
157
188
76
44
158
140
118
87
43
125
28
30
191
81
167
3
174
122
160
191
142
162
125
189
72
159
195
86
75
12
142
73
181
3
75
10
119
15
141
3
108
29
36
89
69
42
191
85
108
87
17
179
67
186
199
143
121
191
13
171
64
75
192
69
54
113
91
101
125
29
17
109
129
29
83
1
14
72
23
13
140
198
198
102
176
135
96
120
24
57
46
23
138
113
156
130
161
82
185
185
45
123
132
79
127
66
77
50
94
38
5
95
144
171
27
107
65
159
115
125
65
105
69
111
61
105
40
187
148
66
57
153
164
84
180
86
129
95
117
33
153
113
132
128
175
16
187
175
25
52
101
160
16
91
76
174
165
40
79
171
179
14
70
114
60
134
44
87
179
40
64
138
67
37
72
58
26
11
122
70
166
27
160
191
139
92
32
185
53
178
37
8
104
185
69
7
74
67
160
12
106
65
114
32
143
158
157
2
23
79
14
19
99
103
178
156
195
191
84
43
67
75
30
5
177
15
34
53
42
168
28
75
25
47
174
119
59
32
127
84
42
153
97
147
107
78
61
140
14
153
102
121
130
174
166
62
82
69
49
136
24
177
28
30
140
93
145
45
74
166
50
189
141
148
40
97
124
18
119
68
183
28
103
14
109
32
186
55
142
118
173
10
56
129
61
42
104
191
175
171
151
189
99
23
111
172
126
193
80
136
83
158
131
70
118
31
186
21
101
147
82
54
106
138
142
54
81
116
121
50
107
15
103
41
157
48
49
141
48
0
76
171
29
72
93
99
189
40
147
81
138
192
168
41
158
58
117
26
150
174
178
97
82
141
183
134
60
26
177
35
146
26
172
25
162
4
9
173
9
156
61
24
39
33
7
108
75
190
115
194
135
110
167
40
176
168
105
63
44
74
171
107
63
98
148
92
100
24
116
122
149
87
180
197
56
58
160
58
158
3
34
65
136
31
60
43
0
141
74
34
169
141
122
128
52
173
176
137
169
199
10
13
62
174
12
61
55
63
33
127
82
181
24
61
5
68
15
79
151
47
174
137
87
37
154
103
133
182
28
92
132
188
165
90
144
117
25
4
113
12
78
128
44
159
63
160
27
155
49
135
152
27
121
16
3
0
71
194
13
178
44
17
65
101
164
6
102
127
23
190
195
141
154
16
168
37
164
135
68
183
0
191
144
157
135
101
72
89
38
191
65
181
107
3
140
133
184
60
197
1
50
190
184
126
113
99
89
93
115
142
174
147
87
164
187
23
75
186
186
131
139
82
93
130
127
47
33
159
159
136
185
158
165
82
68
52
159
189
92
136
96
104
28
189
19
65
197
136
27
13
53
60
161
149
84
37
138
33
156
73
172
102
125
170
158
148
187
121
106
115
93
36
39
139
26
40
55
66
193
178
17
191
173
127
164
6
35
179
170
69
114
118
148
59
6
51
119
40
65
122
115
48
55
149
52
73
44
24
199
59
188
81
139
71
86
159
177
128
102
159
1
23
158
2
162
186
72
170
54
44
114
163
144
40
55
94
155
31
190
41
16
41
177
2
27
88
124
122
123
31
56
103
156
98
107
41
107
48
118
46
61
154
67
176
172
103
192
36
55
40
29
63
21
151
85
129
166
181
156
195
110
0
190
4
199
27
40
103
18
151
101
168
153
96
95
102
68
186
88
131
110
82
107
93
35
145
52
65
104
131
161
102
191
6
20
100
78
198
94
144
163
13
57
167
22
112
193
159
59
164
129
117
106
79
46
33
21
164
122
63
125
54
143
134
194
85
21
59
5
199
66
96
43
13
21
93
120
62
199
128
181
26
151
113
41
76
81
46
143
138
90
142
185
145
98
49
185
154
190
76
176
89
1
43
141
20
38
142
187
64
37
174
175
142
79
129
173
141
80
96
38
34
81
26
128
42
62
170
130
72
82
60
162
97
29
45
54
108
0
71
163
144
37
131
181
30
93
113
51
182
39
179
30
93
42
97
38
163
144
165
1
155
87
158
113
195
100
114
57
139
118
20
180
59
189
181
153
125
93
182
47
18
171
180
137
65
34
148
79
65
10
86
185
79
30
31
176
195
17
22
58
181
53
80
129
5
167
94
2
64
162
28
93
166
126
5
142
120
109
58
134
160
2
161
118
1
166
10
146
69
56
117
38
140
152
63
48
98
137
108
33
194
73
94
25
102
198
123
38
169
158
76
121
67
43
162
101
91
129
196
28
108
198
131
160
102
101
14
187
93
86
169
68
55
173
8
183
166
150
162
191
5
186
161
146
16
41
189
177
52
92
24
179
77
189
76
197
166
134
33
8
83
82
171
86
67
140
15
26
89
194
102
52
154
53
35
6
129
176
110
167
101
187
83
145
132
115
52
8
129
15
123
97
184
113
148
60
43
143
159
0
189
94
147
138
107
10
6
26
27
28
17
154
124
161
8
155
85
106
128
125
89
29
168
163
144
152
114
33
18
141
35
4
164
54
94
100
84
78
87
24
41
98
98
174
164
114
4
45
99
48
42
17
44
164
38
162
135
97
112
194
148
184
32
25
163
87
97
63
170
85
33
29
49
21
134
160
105
124
59
187
171
184
31
191
86
192
38
130
24
90
57
82
165
181
89
84
165
123
17
22
192
146
1
133
37
152
79
91
120
185
0
64
129
127
108
164
1
28
183
127
48
174
187
5
82
7
3
121
160
0
115
181
194
98
99
27
122
73
42
44
36
198
7
122
153
183
139
155
147
125
42
117
123
153
57
168
174
51
89
53
110
33
89
153
156
81
58
29
100
59
163
102
177
70
189
148
175
22
121
121
87
14
198
55
93
159
151
118
197
101
152
138
12
26
48
141
131
66
170
150
46
59
151
165
187
118
134
153
54
94
35
104
177
68
149
131
105
69
176
124
188
137
107
133
126
112
173
78
154
42
81
97
70
187
192
110
151
178
181
94
139
85
171
63
174
115
107
3
164
125
26
197
14
154
103
177
167
69
42
159
118
37
136
172
38
145
179
172
72
118
39
48
66
30
127
127
1
182
13
141
178
157
128
93
31
132
120
20
5
143
117
28
9
6
109
145
19
96
189
100
178
109
7
17
143
109
113
199
182
178
14
67
111
160
14
81
51
5
33
17
34
80
128
50
105
154
172
181
8
195
184
1
50
155
169
94
94
159
55
32
66
59
187
98
15
170
168
76
127
111
126
59
155
6
185
100
105
165
32
44
195
121
186
159
75
22
155
163
34
198
83
0
152
45
160
38
125
39
50
131
134
198
180
0
107
36
171
127
14
34
30
147
22
171
37
179
57
120
71
100
128
152
123
50
28
195
176
123
62
131
104
9
76
120
175
146
184
167
161
38
82
86
57
132
6
166
15
120
128
109
33
157
108
104
130
43
162
105
79
69
46
91
126
18
86
111
194
38
188
1
9
13
187
156
22
51
135
199
122
195
93
187
46
114
81
9
19
22
87
61
162
64
97
1
176
51
199
79
41
121
124
120
158
129
109
74
81
126
4
144
116
111
139
148
17
94
53
162
148
72
46
153
45
64
122
51
10
8
171
70
105
77
28
14
195
69
130
121
84
144
123
55
143
32
22
140
71
159
82
28
176
76
91
154
35
97
86
148
136
75
182
190
134
111
87
73
190
150
104
120
86
52
38
95
89
171
171
193
43
55
149
12
91
70
34
163
145
6
98
104
102
26
13
59
51
11
43
92
10
23
26
153
49
88
114
60
45
11
29
117
186
12
178
39
168
139
0
1
194
157
191
83
153
185
11
19
53
36
178
171
171
92
92
185
81
38
155
107
30
165
32
4
144
72
84
8
29
38
32
128
91
80
92
106
27
107
52
72
31
40
113
139
69
74
3
139
19
100
124
86
146
196
8
92
40
72
161
66
93
51
110
123
63
180
195
103
17
180
124
30
118
82
108
30
3
44
194
117
179
116
146
11
68
37
146
166
94
72
27
60
132
47
55
63
91
181
58
16
159
41
48
187
37
109
78
18
67
103
29
168
68
115
17
69
32
67
89
145
143
68
198
191
54
142
102
175
98
143
26
160
114
149
179
144
1
31
36
57
192
126
113
115
3
29
5
72
10
98
49
135
135
168
112
168
55
138
167
153
169
150
98
179
196
196
162
188
110
122
122
89
54
102
57
24
195
198
130
48
165
151
142
133
41
192
76
68
99
162
30
127
188
134
69
117
114
11
39
89
175
59
20
5
177
49
137
68
144
74
59
113
15
149
101
143
90
79
101
149
150
55
96
45
62
115
142
178
57
198
176
20
176
78
174
10
117
198
181
10
144
197
37
103
107
160
145
32
5
91
8
129
196
47
96
129
147
121
2
151
75
31
144
89
182
88
171
58
118
86
66
55
148
178
52
127
165
197
198
13
71
199
193
35
73
118
2
172
72
195
133
166
134
116
12
43
180
194
32
139
169
112
75
127
43
111
12
20
97
63
97
169
67
174
51
23
33
78
75
125
169
199
51
37
92
81
95
95
104
115
129
23
184
101
84
189
190
14
97
130
107
155
157
138
166
173
92
74
112
70
6
62
185
127
135
23
59
17
165
0
11
126
90
20
160
67
9
6
132
133
70
101
199
36
22
97
139
168
198
142
179
55
103
140
60
73
182
16
77
144
130
187
91
39
199
37
133
133
55
110
39
54
128
193
153
31
65
21
159
116
6
113
92
143
42
91
143
87
196
13
184
139
51
4
92
161
27
110
195
168
65
16
91
38
195
146
110
159
152
16
78
19
63
85
104
194
124
158
166
142
93
8
199
141
195
143
177
50
99
180
175
167
132
145
157
57
147
173
40
144
25
87
11
2
47
16
3
171
16
162
148
42
124
175
77
59
22
175
135
68
163
185
163
79
138
181
40
3
11
156
132
103
8
149
66
156
40
5
58
70
18
98
174
103
183
156
168
8
152
57
81
5
23
59
60
139
9
79
185
56
32
77
62
159
87
39
96
151
39
129
143
128
71
43
151
49
184
101
67
96
182
104
172
63
130
141
79
79
68
196
188
116
190
83
2
141
60
49
17
22
80
62
183
188
66
169
124
52
100
69
17
104
107
81
179
127
153
195
38
168
176
88
132
155
65
50
13
60
66
95
152
164
150
162
175
70
71
16
32
179
142
8
24
3
171
168
163
25
192
81
46
169
119
134
166
168
45
142
89
112
174
108
25
23
15
79
105
59
90
99
176
132
60
27
59
110
51
80
151
105
115
139
12
111
136
35
117
105
173
84
75
62
155
124
49
65
29
139
179
150
0
87
168
98
136
176
30
92
22
22
164
59
149
38
26
101
180
139
37
0
198
111
0
9
61
77
196
16
157
33
23
44
116
87
98
88
55
165
181
113
16
142
69
75
156
124
110
47
128
137
139
27
12
170
50
22
8
105
69
118
51
53
3
80
74
8
181
51
53
109
172
162
5
28
111
164
82
83
106
10
129
138
67
108
27
3
150
120
136
53
17
0
106
180
169
95
23
6
67
199
150
44
135
130
138
99
118
188
116
158
36
17
90
18
104
48
54
77
169
11
82
140
35
42
191
40
23
171
101
76
40
185
117
190
50
134
170
175
101
85
21
81
63
17
56
180
159
19
34
93
5
132
97
27
16
120
166
159
40
27
82
119
25
19
119
159
9
169
137
22
64
125
51
8
110
37
134
13
107
65
35
45
192
54
154
38
179
158
147
156
31
128
170
115
130
2
144
124
192
111
60
98
116
150
176
167
199
137
48
8
193
70
77
170
60
62
63
144
65
127
34
170
18
49
143
59
102
57
60
39
91
165
14
175
45
133
65
163
29
154
194
51
141
46
20
129
159
183
22
198
93
129
174
24
20
7
151
4
74
150
158
14
86
142
171
147
126
94
34
87
179
155
184
135
34
165
171
181
108
22
75
28
148
127
189
183
128
96
30
74
57
172
67
132
117
87
191
168
116
69
159
143
103
137
79
171
100
22
71
10
198
93
56
125
66
124
89
52
84
39
94
88
184
62
15
77
68
51
15
50
26
134
51
183
100
63
58
89
56
167
76
68
11
75
3
110
2
45
102
188
43
137
165
35
162
162
6
173
151
39
190
95
117
101
91
35
78
161
142
86
65
170
190
31
158
33
127
35
64
191
186
138
193
105
110
127
156
114
196
1
83
125
80
113
176
102
131
15
89
60
93
197
116
188
184
176
178
141
80
39
105
156
7
41
58
84
37
199
81
27
76
195
66
84
153
108
88
140
55
79
0
27
109
132
189
66
168
122
197
171
75
39
145
89
58
111
10
93
95
136
142
42
163
25
41
77
22
181
64
53
50
88
105
107
26
36
111
14
88
24
162
62
35
30
195
186
31
136
116
72
103
46
174
65
101
86
4
31
42
88
117
67
153
133
15
55
174
188
143
101
45
8
29
18
116
90
163
195
90
86
190
50
81
4
78
69
166
86
64
51
170
137
58
27
97
74
70
12
167
14
168
99
34
85
170
36
195
45
175
48
142
23
171
54
73
63
1
170
18
101
119
31
184
187
28
122
163
179
106
92
96
167
87
60
37
20
45
23
139
27
152
156
8
197
31
153
92
163
124
163
76
111
111
158
114
179
159
74
78
28
183
54
149
2
183
83
64
127
129
15
144
17
116
181
100
150
135
142
141
11
51
174
145
161
66
93
35
69
54
24
132
66
169
131
131
108
140
166
24
68
28
161
134
51
111
117
142
197
189
97
168
124
121
30
29
198
93
15
104
92
69
144
139
31
29
146
61
161
84
56
57
125
25
105
154
69
188
106
138
70
198
183
2
34
114
22
91
41
29
193
76
93
1
134
53
33
125
188
95
180
169
76
142
80
164
18
15
146
112
54
3
165
102
35
46
40
3
132
73
128
140
198
115
163
174
190
38
83
174
31
30
122
39
95
76
176
194
40
73
151
79
94
134
103
25
178
40
147
152
130
9
182
176
170
129
163
39
131
60
89
68
198
20
119
195
198
7
9
117
31
172
127
12
79
175
23
43
39
52
94
28
125
128
120
124
162
99
105
129
27
89
119
43
174
120
95
112
115
51
184
74
164
117
175
107
43
10
152
89
78
143
70
132
97
18
16
107
25
180
97
7
176
114
105
8
18
59
141
147
123
180
183
61
123
119
91
73
39
162
128
157
172
20
151
19
2
82
172
155
12
152
166
78
64
19
76
93
79
90
133
23
18
53
52
42
70
198
55
57
22
93
162
44
28
103
45
174
20
86
143
199
173
139
44
113
101
72
18
39
96
90
5
1
116
108
42
53
52
175
86
16
198
101
155
42
171
197
19
24
195
64
140
42
3
82
25
156
140
180
41
163
57
31
63
93
173
179
133
82
166
181
93
34
178
174
5
132
140
152
46
14
43
29
33
66
120
168
183
117
137
4
4
107
151
163
15
54
8
22
113
166
74
84
135
18
173
142
117
164
44
143
17
171
96
0
154
98
40
185
19
182
176
84
135
28
69
180
122
25
99
75
10
187
35
88
193
60
45
111
152
32
70
195
161
172
53
167
41
30
47
18
64
115
149
136
191
11
112
29
188
185
129
156
125
150
78
14
183
70
28
135
73
106
22
114
130
4
136
36
116
130
42
62
19
41
140
44
38
170
171
194
57
122
61
86
124
164
78
137
140
57
32
48
148
96
48
167
40
88
139
100
69
65
157
41
32
91
25
139
178
31
34
56
148
114
68
13
61
87
104
165
101
163
139
78
181
20
90
174
182
27
83
59
2
25
75
103
130
102
168
18
197
100
26
146
50
106
179
157
107
53
95
15
134
120
10
39
153
116
141
147
192
178
125
140
158
141
88
101
190
174
188
45
61
167
102
188
63
128
132
1
138
176
168
90
98
171
113
189
162
42
63
123
28
153
147
37
77
161
41
38
96
126
163
144
133
171
27
194
134
192
148
159
6
166
101
146
78
169
68
69
142
36
11
81
164
83
42
152
132
129
81
150
52
114
15
174
82
35
124
81
4
22
127
145
148
65
149
67
6
13
175
75
47
165
134
170
45
21
142
178
77
65
132
98
21
199
37
52
118
109
93
188
141
36
177
148
190
79
193
178
53
4
133
131
19
152
99
128
10
98
147
70
54
85
119
125
31
73
73
158
22
92
163
191
76
145
94
83
42
106
95
106
64
58
20
120
62
187
183
81
56
174
172
90
89
2
93
75
48
179
128
120
103
3
1
199
150
199
177
196
83
88
131
191
75
186
95
63
146
193
109
56
195
150
23
72
156
82
123
152
113
114
156
102
132
136
52
86
38
66
176
105
117
19
32
46
185
56
169
92
84
166
49
42
94
6
182
5
122
10
108
25
57
97
129
67
177
78
63
139
153
55
133
55
12
81
34
154
47
153
199
27
129
141
104
10
46
161
55
101
120
102
60
1
74
29
101
36
154
177
54
7
115
106
62
33
172
21
86
127
57
128
46
103
28
124
61
28
191
12
100
132
56
162
88
148
73
177
27
77
123
37
190
184
192
38
13
13
162
123
87
1
146
186
56
6
72
46
140
36
116
90
123
173
24
58
20
182
130
194
103
90
65
5
146
49
139
63
135
117
56
158
25
29
183
123
10
138
155
87
34
78
34
152
166
45
178
179
170
116
32
11
148
22
191
71
87
62
81
66
112
94
92
92
9
174
84
102
0
104
145
67
75
175
173
122
146
128
52
111
144
169
72
169
0
79
136
174
64
3
37
75
148
60
161
64
114
0
20
72
158
187
92
118
82
59
120
34
155
10
177
155
90
26
118
167
125
15
34
126
42
45
20
69
143
75
123
6
33
111
36
132
176
129
2
12
115
60
136
135
45
62
117
4
131
65
45
50
168
58
192
19
152
119
154
77
141
126
190
170
121
128
79
127
129
156
173
25
82
152
80
107
131
106
37
60
7
100
50
78
77
150
15
81
150
22
114
46
194
74
23
120
7
126
171
4
79
9
75
57
68
34
38
18
123
0
195
169
91
14
64
166
176
126
1
44
33
12
105
125
186
139
184
84
46
5
50
144
36
172
119
176
13
190
124
57
144
69
13
37
2
172
101
14
197
29
52
104
124
159
91
149
112
85
71
178
194
74
152
142
158
152
29
2
8
177
134
68
149
100
22
126
17
129
58
163
64
40
10
122
91
154
28
43
90
83
103
182
8
8
122
35
95
163
65
75
49
133
129
182
152
139
50
70
66
9
158
73
197
90
105
92
43
50
95
82
170
139
124
196
91
35
196
66
132
143
24
128
148
41
145
11
51
4
157
19
124
184
171
195
64
25
52
107
167
106
64
15
61
103
178
0
48
88
82
40
25
49
61
3
118
70
162
17
51
84
83
15
137
67
6
61
132
47
159
147
140
102
141
53
128
124
94
126
73
177
47
24
75
125
187
169
139
10
39
1
92
71
144
192
149
117
18
61
103
49
111
160
5
26
32
105
37
93
82
58
85
188
64
95
11
38
176
22
174
168
149
25
75
72
33
97
12
146
77
52
19
139
22
15
79
59
29
47
185
56
52
128
118
157
160
169
152
113
7
191
59
4
191
53
185
53
65
45
99
46
120
81
109
145
106
42
77
44
130
178
72
175
143
36
56
6
20
81
125
146
69
190
79
146
107
56
37
112
180
2
94
166
2
109
26
158
86
166
107
161
121
6
101
135
71
43
31
157
152
3
174
61
188
56
189
119
106
159
186
190
62
187
87
53
141
55
36
79
182
104
6
78
46
136
190
52
88
55
184
173
95
164
62
118
25
194
1
118
107
101
68
106
83
108
101
199
190
112
80
24
198
58
17
48
135
124
86
97
158
101
55
11
6
144
19
104
105
54
184
4
192
63
134
26
23
120
161
161
32
111
34
93
162
50
121
146
22
181
8
116
197
90
199
154
121
74
87
64
47
130
69
123
70
89
78
16
127
157
121
118
192
150
174
170
199
10
169
48
135
103
42
127
178
120
52
62
156
87
7
186
191
8
117
169
8
46
78
25
133
62
1
58
106
105
55
146
23
176
53
151
47
112
6
79
8
20
138
99
74
178
152
74
69
166
99
98
107
10
68
193
175
151
51
105
169
29
147
154
128
118
130
34
114
81
121
143
51
131
102
125
55
47
148
35
22
22
180
152
19
66
90
107
72
108
78
40
2
22
61
174
61
42
51
109
44
65
15
5
143
71
76
121
81
60
160
163
68
6
123
137
43
33
117
117
84
153
35
178
81
87
168
178
122
70
21
12
160
49
5
195
152
6
111
66
194
2
192
68
13
112
92
40
65
29
57
97
104
34
32
59
33
60
185
169
99
176
171
84
35
192
133
14
106
42
59
165
158
88
160
11
155
162
84
177
174
119
170
92
30
155
65
16
15
178
149
56
196
83
25
96
49
55
179
10
42
113
69
124
139
48
91
35
92
143
190
161
185
101
132
177
44
168
153
108
183
165
174
11
82
146
164
116
13
165
173
139
171
61
112
13
3
118
135
50
20
106
150
155
76
43
154
174
53
61
100
19
164
112
193
70
32
131
23
61
44
116
86
172
40
108
144
84
74
71
94
10
173
161
1
91
123
156
194
117
173
38
175
65
19
176
26
165
49
169
127
142
121
144
57
2
47
105
146
35
94
30
126
56
132
7
83
46
180
45
31
139
112
127
45
107
80
64
133
59
171
80
119
155
17
70
132
193
172
175
177
72
129
88
121
144
142
168
62
6
73
113
124
100
74
157
194
124
118
140
54
45
162
60
131
0
152
42
49
109
113
12
138
110
103
161
141
125
70
64
16
1
158
125
46
28
143
114
91
48
66
186
168
55
128
120
88
66
74
183
62
161
67
91
80
137
70
84
132
140
15
139
173
27
49
148
90
22
36
187
187
11
112
92
153
85
42
82
145
172
58
73
157
34
39
88
16
6
40
157
3
42
151
172
112
126
180
67
154
199
196
60
119
42
11
94
60
90
117
37
147
74
189
117
91
53
96
30
156
192
73
73
86
88
194
1
77
88
67
21
51
107
154
170
194
88
24
77
132
76
92
53
73
113
166
199
148
99
106
43
163
179
174
196
41
69
26
69
105
172
108
15
97
142
20
55
17
122
163
108
150
109
35
62
176
83
18
162
148
35
33
74
142
60
187
25
119
99
5
188
103
159
145
60
168
19
158
9
167
42
151
112
111
106
190
124
75
167
69
43
31
135
1
167
172
174
108
157
102
0
85
34
92
147
94
65
196
104
122
186
56
150
177
156
137
158
57
123
198
190
154
133
41
61
63
174
190
189
28
91
145
30
24
195
163
46
144
2
24
151
141
159
185
161
124
45
177
39
40
15
118
30
70
117
93
127
101
51
34
45
176
64
123
74
137
60
192
188
147
18
58
85
172
37
189
8
69
151
67
111
104
76
86
10
109
70
177
57
129
194
83
75
67
103
154
183
44
103
168
175
99
61
20
117
18
6
120
62
104
77
107
115
100
119
18
182
91
61
55
105
62
23
166
42
43
189
128
98
29
73
118
93
147
144
100
37
147
16
191
119
97
4
180
95
168
162
71
158
3
21
45
81
8
94
102
54
145
189
178
104
73
62
63
177
144
103
68
23
19
173
126
127
179
199
196
158
96
58
176
127
89
83
85
70
115
107
168
147
172
12
4
42
155
82
166
168
141
69
121
176
158
75
39
99
27
82
126
133
136
131
66
156
171
58
60
140
139
50
103
150
150
78
26
71
126
185
151
44
8
71
56
124
177
13
33
62
84
42
157
104
132
65
192
49
147
143
78
103
29
31
31
42
52
53
88
82
56
176
39
83
139
56
155
118
62
6
37
172
139
11
95
147
153
121
55
83
165
86
79
66
19
62
69
83
193
104
18
102
52
65
114
193
114
189
119
115
3
60
9
105
172
192
78
130
81
21
170
85
119
58
43
66
91
60
116
62
50
65
68
120
143
137
90
192
178
17
16
168
75
50
0
82
179
190
151
176
122
146
37
107
155
135
118
19
56
51
113
158
19
132
50
180
43
189
109
190
159
121
137
78
34
36
135
18
51
8
38
107
63
45
109
42
133
154
12
193
38
24
191
143
96
23
79
109
29
31
63
22
188
128
176
60
148
101
169
133
185
75
183
109
140
168
45
20
139
103
88
88
90
191
146
189
52
35
1
73
98
77
163
92
135
99
24
93
45
123
187
16
192
11
190
106
14
17
90
55
175
9
48
3
110
133
183
157
20
6
58
90
29
185
141
61
97
101
196
92
10
105
64
142
157
66
127
168
167
194
63
183
173
53
142
55
128
28
161
106
131
52
119
93
146
129
194
100
73
195
41
46
126
59
84
171
132
87
118
185
141
105
184
182
155
22
80
128
162
82
189
120
62
64
189
46
61
143
37
125
9
41
12
87
77
37
180
35
120
172
78
18
42
128
114
194
170
96
128
34
82
89
78
116
89
127
62
96
187
81
130
