1539	100	75	4
187
100
148
133
127
96
141
192
179
168
164
135
15
134
53
19
66
92
31
117
169
100
0
7
151
135
195
143
163
166
112
93
129
71
89
5
142
167
61
96
148
54
163
5
69
73
4
117
103
104
100
92
189
15
183
155
142
130
5
195
165
106
161
20
148
100
124
123
85
81
104
154
182
176
100
25
48
118
196
122
13
176
1
98
35
128
4
164
161
91
82
151
181
115
109
184
40
192
168
130
39
113
124
185
63
64
195
15
67
124
56
46
165
168
185
4
95
64
131
116
148
140
121
88
113
165
24
92
25
181
17
87
137
75
67
11
9
131
141
91
27
173
142
188
92
100
89
132
132
14
8
159
84
99
91
57
122
174
21
86
52
48
124
196
183
60
51
154
34
62
149
90
84
125
40
41
151
175
28
72
39
52
95
51
163
130
38
166
127
151
74
96
123
158
84
151
116
120
110
123
181
11
120
55
10
193
12
57
64
47
110
99
60
198
107
74
31
175
126
132
34
150
97
87
92
97
14
4
13
90
49
146
70
88
57
70
136
44
4
168
117
143
12
66
166
113
170
65
74
164
77
94
192
135
191
198
106
6
45
45
62
167
40
82
186
56
109
108
179
123
157
114
33
83
121
127
187
49
31
20
170
127
178
104
21
149
0
19
81
138
21
184
66
2
63
8
107
46
95
59
70
146
195
114
176
111
58
160
108
113
21
71
2
114
190
62
156
13
32
176
93
159
139
16
190
72
186
40
39
152
131
145
102
172
154
77
191
159
90
64
144
133
26
29
167
19
167
45
90
10
155
50
67
3
154
138
110
60
109
6
137
32
70
2
23
101
70
79
104
47
86
28
17
74
128
52
19
173
113
72
115
9
77
85
93
88
191
168
37
155
20
86
132
4
195
0
68
130
155
172
177
187
176
71
171
164
28
134
188
75
30
11
194
166
26
4
17
60
141
112
24
120
131
19
55
79
182
185
122
63
37
143
148
39
127
21
92
118
106
119
140
163
141
35
172
75
14
13
74
26
96
165
195
24
181
99
83
45
124
153
77
7
143
86
55
127
140
26
38
37
110
165
121
8
71
99
92
95
84
34
148
77
197
76
65
47
104
183
173
1
1
194
168
23
191
155
173
136
157
147
69
76
28
114
22
134
18
183
151
116
58
16
59
19
120
48
135
48
174
94
2
81
71
82
0
178
15
162
195
36
94
43
158
103
144
108
151
152
186
155
65
158
154
51
187
199
43
181
25
7
164
19
133
72
132
180
17
45
173
153
27
88
130
134
93
196
70
68
169
140
90
44
126
66
18
14
89
124
140
143
66
17
174
57
105
26
172
12
142
195
115
98
19
72
173
97
190
189
65
185
62
77
142
21
65
76
164
182
63
128
151
91
63
122
88
189
141
187
138
199
180
97
142
139
69
137
188
111
172
86
47
86
108
55
155
74
55
87
181
199
187
102
31
76
188
93
86
163
178
127
26
32
127
10
82
198
159
133
82
164
76
28
10
134
125
30
116
112
83
144
9
85
112
42
40
126
52
39
44
7
117
170
73
107
90
75
99
127
164
25
75
116
18
50
199
86
183
190
93
114
90
178
12
196
186
168
191
46
116
179
134
28
51
168
194
60
34
112
117
92
88
26
124
28
121
69
107
10
85
27
3
28
96
177
34
63
181
44
95
78
176
141
56
71
150
117
18
112
19
196
36
127
184
2
169
95
86
144
0
61
44
73
9
42
136
187
7
148
134
122
180
108
123
11
141
164
188
125
188
106
16
115
156
181
94
174
132
193
52
128
35
189
78
84
36
73
95
153
174
60
111
93
83
20
50
110
19
87
168
164
60
54
174
146
192
90
72
171
116
182
41
145
152
36
9
144
71
156
33
2
125
158
86
19
136
40
24
45
100
156
142
38
191
193
56
37
54
178
33
179
26
19
167
78
99
55
175
65
15
79
114
143
102
5
22
199
53
190
98
9
142
198
75
15
40
78
84
103
16
152
173
108
92
131
114
180
40
50
94
60
79
102
93
87
111
148
35
182
137
130
148
121
123
34
113
147
36
1
51
100
92
113
184
41
197
154
183
166
2
168
41
3
91
110
134
60
98
176
161
18
125
142
98
111
192
60
38
135
54
38
28
161
108
57
126
45
114
165
50
24
143
7
92
67
184
178
3
146
148
77
141
192
39
176
159
135
137
24
28
141
194
74
9
82
181
60
131
142
22
143
150
127
105
81
4
160
41
102
30
78
129
31
169
12
10
139
128
14
162
105
57
98
85
104
143
34
99
182
60
158
174
28
137
199
158
162
179
127
130
95
195
91
69
65
115
18
19
59
184
119
111
53
136
10
179
172
49
110
146
66
188
51
101
192
180
139
16
128
175
186
112
96
56
150
36
32
102
190
37
189
92
95
132
54
174
58
126
27
173
137
174
69
71
72
167
120
126
144
92
110
19
14
103
149
167
171
26
48
94
149
77
156
120
90
76
72
149
180
52
160
76
16
3
155
145
33
49
199
177
49
78
71
99
96
73
3
12
109
35
109
71
185
134
12
95
3
165
81
115
126
89
79
165
174
76
96
190
81
166
122
42
51
66
144
139
170
181
108
77
168
18
75
141
87
156
81
190
55
177
139
114
130
120
92
154
64
167
31
186
118
115
91
196
114
92
20
7
2
44
158
116
106
37
61
92
107
188
144
185
121
102
172
128
5
45
44
176
57
142
125
82
75
171
96
20
0
72
113
68
178
124
13
189
156
150
24
41
10
137
140
68
133
14
157
136
4
197
162
106
38
63
46
9
140
146
84
54
188
114
185
140
120
153
171
125
124
179
136
103
14
96
89
106
153
22
5
198
153
115
82
53
99
52
38
194
85
141
100
5
16
158
169
133
182
53
134
0
70
182
49
34
181
12
140
159
46
178
39
71
162
131
168
13
131
146
1
99
90
79
90
6
0
111
37
66
26
63
97
2
21
52
118
78
129
57
40
113
107
166
78
117
42
34
193
174
66
173
178
24
135
93
100
101
145
3
185
119
94
0
153
110
86
9
100
31
48
60
17
154
57
6
23
22
156
59
0
91
61
145
166
147
168
82
53
85
167
84
33
80
144
38
112
57
92
121
71
177
188
193
155
110
103
22
134
157
86
67
106
32
48
194
49
145
9
194
66
187
173
39
184
49
43
165
140
159
116
184
3
177
19
2
19
139
78
50
63
13
115
77
161
163
46
60
167
87
166
122
190
147
184
152
195
63
10
199
57
75
42
122
116
138
87
109
164
131
181
29
189
77
134
150
115
166
132
139
27
104
35
94
157
16
75
196
78
13
91
147
57
138
169
178
157
31
190
46
114
58
198
157
157
54
133
193
83
157
85
171
34
184
92
72
187
143
170
45
20
191
1
170
194
55
189
6
35
142
42
8
162
198
181
124
147
29
27
170
6
174
101
175
0
163
125
182
45
196
75
87
131
121
24
130
23
95
115
33
130
19
153
167
