1101	56	50	2
147
155
180
77
179
179
85
133
178
179
0
28
166
140
91
68
130
123
150
167
43
71
30
177
190
192
75
183
193
147
34
133
131
42
32
61
160
64
76
140
60
178
190
78
51
81
18
186
123
196
84
152
135
27
87
6
90
102
62
186
132
20
117
130
99
103
149
135
48
172
2
176
61
112
115
171
177
110
62
22
128
22
37
100
57
191
169
195
189
149
81
169
33
110
183
175
176
86
111
174
129
18
85
14
120
153
26
158
171
183
171
149
3
43
94
15
13
120
73
163
116
129
89
73
77
78
51
129
135
19
83
174
5
127
175
98
41
185
135
43
94
143
52
147
186
177
50
45
54
42
179
91
36
54
17
53
180
95
199
164
43
146
165
188
112
22
126
192
100
141
47
7
134
130
79
164
152
74
181
19
169
144
3
7
183
49
21
113
153
62
190
51
47
151
95
147
199
100
76
147
181
79
38
149
198
109
38
163
193
92
36
108
185
134
93
123
115
180
98
34
113
14
171
28
1
126
151
143
6
156
166
104
185
12
150
161
187
164
94
197
129
89
99
76
100
106
148
138
67
36
180
138
40
116
83
65
21
131
105
141
161
99
113
67
58
136
5
191
16
130
44
110
44
167
5
128
179
29
174
146
76
5
93
151
193
91
34
87
53
82
32
159
163
4
15
152
30
191
63
12
194
44
18
122
158
113
94
163
13
149
165
69
96
75
51
53
9
128
180
113
102
143
136
179
1
68
157
10
160
182
102
187
141
61
197
109
52
186
58
97
52
182
87
48
44
35
58
158
124
39
181
181
29
142
158
157
134
143
14
174
196
127
57
64
133
58
17
138
161
184
174
39
101
163
6
142
29
135
149
56
69
139
161
13
165
196
5
87
183
72
0
144
70
79
57
32
181
198
178
14
1
70
38
23
147
17
143
189
22
52
88
31
185
128
36
174
138
195
82
167
168
75
150
116
3
59
148
69
66
78
115
29
160
135
76
167
83
107
78
95
99
23
0
117
76
139
50
44
160
64
56
184
52
101
107
182
189
13
102
78
39
93
194
115
34
193
71
115
73
62
151
161
72
170
24
16
17
144
183
98
91
127
19
87
112
154
109
105
146
99
194
116
25
80
194
163
27
47
0
117
161
46
142
151
113
51
133
123
5
122
118
22
56
141
104
118
176
85
102
18
189
175
92
93
148
82
54
42
40
173
141
139
22
85
31
140
195
4
82
26
172
37
69
26
33
92
42
20
104
195
20
53
122
182
9
172
3
184
156
172
171
47
58
112
116
50
46
166
80
107
131
26
33
87
174
11
108
153
158
74
43
119
185
182
61
173
12
109
172
182
118
109
162
145
17
169
121
199
135
143
182
98
85
101
89
193
6
4
84
169
167
141
29
62
82
8
66
79
89
164
104
103
89
33
56
103
81
96
111
8
181
140
128
143
107
170
136
26
193
171
77
182
89
98
140
59
99
1
198
191
77
198
62
135
97
139
1
133
43
59
139
34
142
80
26
172
66
130
161
115
99
194
147
102
9
172
2
59
80
35
155
11
12
190
72
91
122
56
10
135
149
62
152
1
116
185
56
23
181
11
97
3
80
158
27
107
178
24
171
17
173
27
119
173
16
96
147
135
176
180
61
9
187
35
3
72
156
153
47
131
176
192
27
171
132
179
79
195
153
120
197
50
101
180
29
139
71
169
10
86
111
11
128
135
120
88
8
139
10
173
137
91
168
125
29
114
179
172
61
9
1
18
106
129
118
172
169
8
133
116
194
148
147
160
126
125
120
192
186
24
179
33
172
173
112
151
32
146
153
79
16
168
191
178
38
67
59
85
199
8
13
85
183
174
151
184
98
63
128
55
14
112
129
16
131
92
141
192
59
191
1
54
52
78
109
90
183
36
135
12
124
38
27
185
188
16
97
167
171
105
131
42
48
105
72
72
194
188
50
15
32
166
97
38
125
29
162
136
79
151
135
181
162
56
140
162
166
53
59
65
138
31
45
148
155
143
134
43
173
112
92
85
20
139
19
147
199
147
143
55
170
16
144
3
63
169
83
183
65
42
19
146
124
198
27
97
140
189
54
166
168
182
197
120
130
81
197
64
55
59
154
107
54
196
140
163
78
93
125
129
168
82
59
101
30
32
0
190
198
24
164
165
104
25
20
83
64
156
65
170
31
177
175
25
53
47
8
154
3
152
157
117
64
122
176
143
98
146
137
158
183
196
51
35
103
149
2
106
7
49
76
133
61
96
185
172
131
12
176
25
50
126
135
16
61
14
126
92
150
192
121
37
49
51
161
61
139
6
165
73
182
60
98
117
148
6
156
192
21
7
152
15
192
27
88
69
186
120
89
176
77
167
69
95
144
124
64
119
183
80
25
21
87
112
143
110
80
62
125
66
47
37
116
151
151
59
179
9
20
71
157
79
123
25
72
25
105
113
125
77
175
159
121
105
191
26
87
131
134
172
39
45
173
170
47
132
13
170
29
151
70
