4760	90	23	1
101
44
11
89
13
193
85
193
30
146
191
126
34
93
175
86
34
95
28
133
17
77
192
76
62
137
9
37
197
193
107
10
139
28
46
78
187
70
191
179
98
155
141
74
131
136
43
98
96
5
21
79
47
86
88
140
196
145
107
83
112
106
36
168
134
153
192
166
54
45
11
9
184
155
112
27
118
102
198
42
38
18
71
110
35
156
109
16
159
65
139
126
199
95
54
84
139
120
167
36
40
58
117
70
172
84
43
34
30
148
4
50
135
131
198
133
49
161
66
118
50
149
39
43
5
109
85
97
173
180
85
181
175
137
194
158
107
44
43
126
22
67
113
6
8
155
80
25
141
178
43
33
73
193
136
126
101
88
13
29
65
137
198
93
197
182
141
44
0
158
116
48
172
162
169
42
156
86
55
69
130
91
37
117
161
58
165
186
156
163
99
51
170
99
39
167
143
84
74
150
136
54
1
71
50
139
73
75
31
105
175
22
126
160
34
134
46
19
32
123
95
163
138
87
164
111
76
167
41
16
173
199
94
81
119
76
133
156
60
99
54
6
197
159
123
149
24
56
66
160
62
190
32
44
101
68
132
16
17
74
135
46
170
27
134
146
194
54
25
70
109
175
172
20
29
101
143
29
90
167
147
110
122
127
164
138
146
160
6
74
121
188
69
74
101
142
85
45
157
199
162
160
74
140
53
68
99
20
92
69
36
182
101
119
65
113
39
113
156
94
164
66
17
144
7
159
75
108
142
198
5
195
148
85
7
188
78
100
90
70
15
73
50
28
91
18
199
113
108
68
48
26
37
114
181
123
48
50
110
105
94
42
86
63
59
104
182
132
74
110
151
162
165
196
152
10
89
184
184
106
41
32
96
144
2
176
8
40
190
159
124
1
128
172
107
190
122
118
188
153
30
9
158
98
128
4
170
13
36
183
95
9
137
41
10
60
9
56
7
28
188
42
40
152
24
136
65
29
87
43
46
197
77
150
66
58
61
59
149
1
39
113
176
57
127
75
192
90
77
140
77
186
45
135
166
170
43
43
171
72
45
11
63
134
124
11
112
95
15
70
108
162
182
77
49
175
17
130
96
78
75
122
23
135
78
121
67
108
140
48
151
194
47
113
51
118
22
11
147
181
100
193
10
84
14
108
52
70
97
129
165
156
182
61
89
94
132
125
65
24
64
83
55
32
98
66
134
35
47
50
128
55
127
151
85
19
107
84
118
115
37
197
19
40
75
2
79
28
89
175
62
3
42
192
15
117
3
106
36
176
28
189
27
138
19
181
73
67
143
72
106
33
55
154
23
126
53
44
12
12
34
3
181
113
166
68
140
5
172
125
26
88
128
15
176
41
134
8
152
113
17
20
69
85
92
124
51
10
64
191
45
163
131
156
185
119
129
146
154
158
74
134
162
193
152
44
154
81
138
121
15
23
18
53
147
187
120
174
197
112
161
15
149
29
0
191
161
183
190
142
197
169
81
99
106
54
55
96
158
109
85
31
163
42
24
134
23
118
175
149
152
133
27
161
185
165
124
97
70
14
34
165
144
189
93
126
165
34
137
128
199
26
161
124
183
23
86
139
70
154
101
13
56
43
131
143
141
7
109
75
189
57
0
194
88
51
9
12
151
131
35
119
42
27
123
30
127
24
17
153
60
108
117
114
153
127
172
0
29
176
190
132
195
42
68
113
176
2
75
32
140
28
104
25
139
29
15
159
199
107
68
26
100
32
29
160
71
102
194
133
124
44
122
142
98
110
59
190
165
12
102
64
89
81
188
187
61
163
169
51
155
106
12
60
195
73
72
178
111
82
82
52
22
118
190
94
128
2
185
14
131
149
53
86
184
190
85
144
21
178
29
184
56
90
124
83
36
156
1
77
99
136
31
168
49
195
127
120
152
24
120
188
53
58
134
7
127
14
196
76
183
133
119
192
32
48
104
17
61
108
21
141
65
77
70
173
23
126
55
64
150
30
86
12
193
118
163
135
41
119
135
27
71
9
42
56
65
7
149
148
32
62
145
86
124
187
66
32
125
156
115
138
183
86
31
194
104
166
177
18
146
36
1
114
176
114
52
52
150
50
30
15
153
61
39
83
72
152
15
3
174
32
87
129
157
78
182
83
137
6
52
27
30
57
31
76
190
59
111
152
115
191
112
63
53
174
132
161
65
6
66
77
111
15
199
98
38
25
199
138
70
177
152
103
81
10
92
197
7
168
145
159
140
56
62
166
40
180
76
12
36
99
198
191
180
124
55
9
157
82
7
124
187
115
105
114
111
195
76
82
37
110
100
87
198
187
76
106
86
148
75
136
147
17
168
63
176
148
123
105
6
87
113
123
86
169
59
8
93
128
180
38
92
129
13
58
187
75
87
39
34
153
84
129
156
70
195
48
144
106
198
152
53
107
1
149
73
199
114
124
38
13
167
77
146
76
144
13
193
179
122
191
129
176
61
18
82
108
59
14
128
51
142
160
126
177
36
13
105
48
9
131
86
103
50
67
1
52
49
195
43
89
170
168
174
132
193
96
153
129
197
197
83
75
29
30
13
95
70
144
153
193
78
81
49
168
120
45
133
52
84
73
21
104
178
77
63
106
171
175
157
168
165
74
190
125
169
174
95
136
162
161
62
197
83
66
43
109
69
198
196
73
85
52
155
108
167
171
125
198
97
179
74
140
85
48
133
61
156
107
135
144
68
44
52
73
62
194
193
194
110
138
199
198
144
70
193
161
123
148
23
179
141
175
101
107
67
84
59
160
171
179
57
195
72
173
86
128
129
196
21
51
15
158
109
136
56
43
12
155
109
126
183
157
116
49
104
48
67
24
85
138
74
8
129
21
99
104
9
71
161
69
53
29
178
68
0
106
195
137
102
110
150
188
194
113
10
139
193
7
64
170
158
6
197
119
27
18
169
162
185
161
106
97
116
82
45
27
197
81
91
74
101
189
44
19
147
139
51
138
195
35
78
158
124
24
64
67
163
158
124
15
1
155
128
164
190
87
148
148
72
96
62
43
92
86
139
142
15
78
155
17
2
26
106
102
160
85
95
138
6
45
163
137
86
9
55
74
127
89
66
45
60
188
54
24
15
132
142
41
58
159
70
118
138
183
143
96
137
169
149
70
78
59
127
190
195
70
179
126
43
58
3
56
142
73
48
132
18
147
41
24
88
97
56
163
128
78
137
191
177
39
168
44
81
156
70
177
46
22
64
21
47
48
28
20
57
194
152
13
194
40
9
168
36
145
197
37
94
51
157
127
173
44
67
72
194
12
156
46
113
86
137
75
45
101
80
106
171
99
178
5
49
101
177
84
58
34
64
32
106
2
159
125
57
155
113
125
125
95
91
98
8
154
156
43
163
71
100
64
110
161
2
73
109
23
77
128
48
129
7
119
167
63
17
52
128
89
159
177
159
65
162
39
0
77
3
107
156
24
66
33
78
16
148
37
153
18
58
152
152
97
188
31
81
118
193
56
87
90
153
182
154
190
122
156
101
123
100
149
52
102
57
137
32
75
19
132
25
194
36
1
175
191
4
76
68
11
27
133
81
32
172
169
84
26
161
10
67
89
49
14
199
51
75
37
176
191
93
124
65
99
197
86
88
134
195
98
29
82
162
48
131
186
10
21
64
122
155
183
165
163
159
82
170
29
132
88
18
127
12
23
13
154
196
124
144
27
142
85
22
16
154
52
105
114
8
168
1
152
107
182
192
36
42
4
15
79
16
102
161
175
54
138
58
113
154
181
83
58
111
16
13
103
192
94
103
156
89
68
110
161
173
19
15
9
78
194
172
196
164
83
145
93
133
24
179
117
101
55
132
126
66
17
141
60
119
80
80
77
11
46
144
130
117
194
167
53
167
54
28
66
148
108
72
122
78
95
187
27
80
93
128
75
197
26
185
179
164
184
112
129
49
82
68
109
169
24
60
61
57
149
171
68
34
28
32
197
157
1
56
77
16
156
163
150
163
95
168
72
66
1
21
75
190
148
71
87
82
128
2
12
135
146
125
118
13
71
14
111
62
27
22
128
32
175
40
91
88
62
51
96
125
152
41
103
56
191
139
117
22
23
84
111
63
35
191
187
38
10
125
47
157
185
119
1
61
138
188
53
135
57
71
77
178
119
121
26
129
80
14
105
56
7
175
153
171
146
147
145
75
88
82
199
70
86
72
130
146
81
155
97
182
189
9
172
92
116
48
128
71
187
139
145
141
62
182
119
89
28
39
27
144
5
121
147
5
167
38
121
67
8
168
170
167
126
108
66
128
155
155
52
188
172
134
199
96
152
14
125
3
77
38
77
136
53
117
64
158
185
156
112
125
68
192
61
47
72
84
1
25
102
14
83
37
30
124
65
109
167
123
70
126
80
92
131
95
85
187
42
76
117
117
61
107
96
70
13
122
142
157
167
67
115
148
112
182
175
199
49
129
97
136
86
118
59
21
1
73
168
151
44
61
26
40
11
34
81
40
95
60
22
147
110
43
165
138
168
187
73
149
181
152
73
170
178
103
16
141
123
187
58
156
2
123
147
86
93
109
82
71
46
1
178
42
140
52
81
52
54
16
144
9
24
164
187
141
126
189
156
113
189
9
88
87
41
51
123
124
121
64
79
186
159
69
55
23
171
91
121
101
119
8
90
135
173
115
12
100
13
188
91
59
139
54
53
172
13
50
159
103
146
56
28
187
197
196
184
101
169
3
99
138
31
129
138
195
18
185
111
173
188
40
56
25
17
110
165
126
89
98
43
177
123
8
189
79
61
106
155
127
104
177
58
79
128
126
75
89
130
9
120
161
30
92
8
158
155
6
20
50
162
16
26
168
82
197
55
2
114
122
74
75
86
160
187
103
81
114
98
77
161
31
164
103
15
158
135
166
173
25
7
60
139
40
66
87
10
146
69
39
129
34
162
61
198
108
41
39
76
186
42
148
122
0
93
65
77
56
17
93
36
51
153
15
161
141
77
66
87
156
92
11
190
116
6
159
147
113
152
131
13
131
33
137
27
31
65
59
161
32
106
0
98
25
150
88
143
29
0
110
181
141
182
81
148
182
156
62
43
157
140
134
25
175
161
80
63
81
76
115
194
184
93
137
4
14
115
179
66
75
190
93
160
164
161
190
55
130
190
119
65
193
122
181
12
147
183
93
122
89
48
75
138
37
111
182
54
7
42
75
173
82
53
13
147
58
73
166
45
117
121
181
25
171
117
156
137
19
167
148
56
155
187
31
93
35
4
114
101
119
130
45
165
80
103
73
92
157
24
156
79
195
41
108
63
166
145
166
5
91
117
105
61
108
152
4
160
54
0
153
115
11
148
141
69
47
137
196
102
177
180
142
155
0
162
104
135
111
131
120
35
79
28
185
173
111
84
198
38
98
86
151
37
86
86
174
130
76
55
21
77
129
136
109
77
112
7
13
140
97
93
69
31
50
170
30
84
97
177
1
132
19
100
128
48
140
146
53
48
67
13
93
5
193
40
16
184
87
181
159
188
97
45
43
191
34
137
86
134
189
117
168
102
157
68
25
78
194
151
5
25
48
134
169
59
94
57
121
145
80
8
43
2
82
127
3
44
57
173
92
15
63
12
144
7
123
107
181
173
19
62
188
164
183
63
86
17
155
62
133
99
57
180
60
10
56
53
44
117
189
36
60
163
188
120
173
163
83
76
103
159
155
53
51
27
68
68
23
124
124
91
199
187
52
84
14
40
80
133
96
52
168
120
11
142
103
111
146
87
143
189
53
74
79
47
89
195
35
65
183
168
78
117
156
60
95
102
133
128
53
18
52
37
87
6
91
133
93
84
172
191
85
136
58
16
147
168
40
175
24
49
92
169
189
174
8
179
52
60
45
142
163
169
76
37
63
106
154
58
17
92
110
174
159
2
163
191
41
133
117
131
110
42
42
67
75
181
182
44
184
115
42
79
15
181
131
143
50
152
66
106
15
65
22
73
66
103
138
162
56
177
91
53
171
38
187
75
63
131
3
169
7
110
25
5
37
162
21
136
5
36
89
9
68
145
61
195
106
18
197
100
129
128
176
86
89
2
28
187
34
101
147
145
125
35
92
133
175
4
16
36
3
161
170
148
51
8
106
64
107
89
198
139
98
30
181
116
134
121
74
192
186
136
121
166
78
164
33
3
108
40
198
30
170
76
66
21
81
56
175
62
129
14
27
122
174
152
185
59
124
177
128
7
122
72
58
76
46
118
179
75
189
17
60
122
149
129
131
145
137
159
33
55
48
110
103
76
82
177
182
6
128
132
130
194
7
7
98
16
121
37
134
90
24
51
13
189
71
195
131
117
128
184
179
39
99
172
199
95
9
21
89
170
38
79
12
70
52
163
132
46
42
172
159
98
137
42
142
19
118
40
180
43
32
112
130
75
184
198
29
174
144
105
173
43
42
94
98
136
166
183
85
161
47
153
72
40
130
19
123
47
20
42
188
161
136
113
74
118
97
54
158
197
42
184
95
100
0
60
33
2
192
23
1
30
74
118
127
161
26
49
96
77
63
158
142
193
153
65
183
53
140
121
95
176
4
142
91
169
35
7
99
34
198
88
131
96
153
168
86
167
26
88
184
19
177
199
102
65
17
3
44
67
155
19
11
139
80
191
172
95
137
105
166
42
165
149
72
132
126
178
171
15
16
69
135
170
135
139
17
107
36
28
38
93
35
15
190
74
69
80
63
17
197
71
117
0
64
2
187
5
14
2
33
102
40
155
11
1
29
148
17
101
45
167
152
175
112
67
196
73
68
116
192
140
186
52
20
87
44
139
58
168
125
114
69
78
45
118
118
177
103
47
76
34
40
48
175
100
22
137
177
124
51
143
98
180
109
150
183
138
116
77
103
88
135
199
129
77
123
138
20
169
25
96
141
29
98
3
39
72
41
46
50
159
102
86
18
36
187
127
123
47
164
3
118
10
128
37
11
189
174
132
187
107
158
43
88
196
30
5
83
41
45
13
98
6
120
140
180
97
182
12
194
121
97
97
108
17
12
128
197
132
195
183
61
187
124
163
193
42
177
137
80
112
14
12
108
141
37
85
27
86
147
177
90
115
94
148
61
50
118
67
181
5
198
127
110
6
6
117
36
178
69
115
162
187
136
173
190
80
73
53
140
159
158
73
70
147
0
167
93
153
12
11
30
27
114
112
172
95
7
85
109
162
17
183
20
62
110
157
155
43
170
57
155
18
75
178
186
196
74
38
159
8
113
28
100
180
67
47
57
51
196
15
113
45
167
138
67
12
6
72
136
10
25
20
171
64
54
14
82
138
177
45
152
62
72
66
20
19
142
95
1
94
50
23
115
111
75
167
51
50
114
154
87
26
28
34
153
32
58
58
178
105
167
73
19
173
86
32
136
147
6
109
194
91
187
88
23
60
89
154
87
147
119
46
46
101
110
104
129
43
93
146
103
188
179
13
197
162
40
99
134
50
39
131
29
46
156
95
153
88
78
56
60
92
89
153
95
192
124
168
118
96
178
161
171
17
166
29
138
192
152
184
65
107
174
71
153
156
105
88
189
14
198
116
70
8
5
167
176
47
73
81
77
97
36
52
156
27
86
117
182
123
43
72
132
50
119
45
120
193
158
63
87
108
179
2
104
60
5
52
156
183
121
132
10
186
104
7
181
198
175
146
140
80
61
154
110
147
108
95
151
32
79
63
188
189
28
30
15
76
109
67
47
138
17
55
48
48
123
86
90
142
28
87
120
27
73
24
64
50
147
35
10
182
79
181
54
109
74
157
167
187
131
122
182
110
21
20
52
86
47
133
135
15
137
1
0
95
165
160
183
51
160
156
20
38
28
5
35
145
147
146
35
101
130
67
83
149
15
162
121
97
177
127
97
117
43
138
102
193
20
108
152
57
38
158
194
5
152
163
38
163
147
186
64
103
46
99
140
108
134
82
140
61
173
65
42
157
37
168
119
4
33
152
46
34
153
166
63
78
25
27
139
8
124
159
161
61
194
125
196
96
83
106
169
157
87
55
16
33
156
6
38
69
74
42
180
50
118
199
185
102
113
56
151
108
197
7
76
122
51
183
175
164
156
53
20
133
66
101
110
14
18
121
64
199
81
84
112
147
152
21
65
96
101
199
164
51
191
117
194
26
62
107
65
123
156
199
144
75
180
191
80
80
126
148
89
183
196
171
142
74
148
116
174
81
137
84
24
185
168
85
170
50
61
110
158
35
24
93
98
80
144
144
178
19
97
123
172
33
133
163
152
75
101
33
2
100
186
131
157
187
148
164
78
6
93
84
90
126
99
114
53
194
17
85
88
84
154
34
198
152
193
96
99
106
127
151
170
182
113
39
129
147
6
85
123
145
34
24
34
42
90
162
6
141
133
114
127
13
58
134
11
104
116
197
172
107
7
115
145
43
141
93
183
182
10
108
116
192
16
191
193
106
8
97
129
12
158
42
138
91
143
74
30
62
10
199
166
186
64
47
172
30
161
57
84
17
45
102
7
6
91
118
43
81
73
132
154
172
49
59
76
147
196
146
116
86
87
178
173
76
6
137
95
19
25
79
138
78
18
198
37
16
167
62
196
181
34
102
20
0
122
79
59
71
86
146
193
155
126
106
37
99
22
132
102
183
8
35
143
170
5
32
141
105
72
86
88
137
54
123
91
197
165
139
170
36
136
7
168
65
173
139
122
148
180
77
52
78
44
136
101
170
123
8
25
22
89
33
99
161
18
128
189
198
78
19
78
79
103
188
46
77
183
192
97
131
123
6
37
147
7
123
146
128
151
35
46
99
128
98
42
161
49
152
100
184
105
18
105
178
198
133
55
51
7
78
84
133
87
117
175
187
150
120
17
66
22
100
63
59
151
78
191
172
143
127
85
7
186
142
25
123
49
103
46
150
2
9
25
36
197
110
124
97
30
179
70
58
11
71
129
34
155
161
32
64
81
41
131
158
140
113
185
36
85
157
32
3
45
133
11
158
152
155
137
122
25
40
38
30
106
25
88
117
9
30
88
176
90
59
3
105
53
136
124
67
133
123
184
85
26
69
126
53
20
82
89
81
100
122
99
32
112
196
168
39
115
171
75
176
31
192
121
117
112
118
24
83
142
61
108
1
86
78
6
39
134
182
1
107
75
86
19
70
137
14
12
53
158
186
134
12
107
188
192
118
160
177
81
167
195
152
150
82
181
149
16
158
49
148
21
107
74
24
113
171
23
123
48
59
182
16
91
8
178
124
197
15
194
27
81
149
56
7
18
197
3
83
134
40
138
118
0
30
20
115
185
10
9
157
146
196
22
64
0
128
1
59
92
60
186
65
38
192
98
38
45
173
75
143
118
151
20
162
7
119
191
181
79
121
168
178
100
13
44
136
152
129
180
157
128
99
100
31
186
3
37
42
147
71
195
19
11
25
147
115
198
163
149
184
63
99
2
6
106
97
75
122
118
69
133
54
102
29
164
168
91
44
195
102
184
39
198
4
137
136
60
14
144
174
84
129
13
12
42
59
194
149
86
51
129
169
186
43
154
120
14
66
148
182
98
54
127
152
191
158
44
122
170
70
26
34
30
20
110
151
125
47
54
12
51
143
58
121
175
15
55
176
126
135
169
45
30
182
69
86
92
117
72
34
122
47
56
118
105
52
149
26
150
109
50
43
100
57
14
161
151
118
98
56
24
36
103
173
114
99
77
94
79
149
186
172
95
93
37
196
159
31
126
144
34
169
76
181
198
31
178
174
86
13
63
117
31
173
32
41
26
80
164
84
165
49
12
27
14
45
158
57
5
55
13
69
196
184
78
119
150
75
96
170
113
198
41
179
33
93
106
183
170
33
38
27
178
182
108
101
162
58
6
160
119
41
14
181
112
5
156
132
70
26
182
194
99
96
5
180
96
169
167
18
32
51
63
111
154
168
29
165
47
16
171
13
41
56
85
68
195
172
140
177
155
64
103
162
176
180
198
55
10
21
197
102
53
120
122
13
49
10
179
55
138
196
119
181
22
90
151
94
104
41
176
177
41
16
96
15
109
40
2
150
145
109
112
167
23
103
68
177
155
18
51
71
14
64
6
148
124
41
198
119
148
33
124
129
83
0
155
107
190
134
115
5
26
197
18
33
17
81
184
62
44
74
111
97
71
2
133
197
46
186
88
11
122
119
117
13
23
178
197
76
45
117
141
81
9
120
184
24
168
68
139
193
160
47
77
73
194
190
96
13
159
169
56
110
70
175
135
160
160
170
123
172
128
150
173
62
194
59
111
89
103
27
97
21
82
45
167
51
194
174
3
55
85
121
98
172
53
174
30
166
169
22
16
41
187
119
159
175
97
50
121
78
163
130
61
159
8
15
171
43
108
192
9
40
66
56
123
185
34
143
189
92
32
25
168
101
105
51
119
160
162
177
148
44
134
45
92
58
132
187
124
101
139
39
23
91
27
120
133
106
2
166
65
182
55
102
191
126
46
102
48
158
41
156
139
175
119
177
50
19
59
3
110
197
60
144
56
117
36
6
14
153
88
103
78
111
99
138
81
182
183
101
79
77
33
6
67
11
152
193
10
182
161
115
62
87
122
14
1
90
17
61
8
195
64
39
63
100
152
80
195
19
23
195
15
192
24
52
94
149
173
89
97
70
67
89
46
159
105
165
134
157
142
75
105
28
119
65
145
112
114
86
175
0
163
116
173
132
88
130
65
167
42
158
163
199
43
192
100
185
142
57
155
114
71
106
196
65
184
33
15
8
157
174
19
144
158
52
165
28
94
164
121
54
