5071	30	85	0
89
167
114
177
61
96
153
129
180
147
2
7
113
118
88
189
72
152
107
181
71
84
56
19
167
120
94
183
190
184
47
159
69
83
17
154
185
72
144
95
120
65
162
99
162
188
127
33
74
19
107
115
199
2
186
87
11
149
158
109
167
76
192
189
145
47
121
54
131
67
155
65
41
15
65
188
143
184
47
50
45
167
96
72
128
53
130
130
13
181
72
155
77
151
180
156
48
133
190
35
55
198
70
93
90
161
170
191
18
180
172
86
77
121
132
87
196
81
125
144
42
19
174
116
51
117
23
62
46
99
54
61
113
62
69
94
144
123
42
40
73
156
59
56
95
36
171
44
160
44
94
4
37
155
148
61
30
170
182
168
168
141
43
23
181
117
188
160
45
122
180
122
158
126
182
43
134
101
178
68
24
168
64
116
107
153
144
185
107
121
179
102
57
181
129
198
158
151
104
95
32
17
93
121
134
132
195
157
198
150
181
147
56
18
25
11
87
186
164
85
92
183
188
61
30
185
165
30
114
186
116
103
122
148
17
138
14
163
5
1
4
13
56
84
20
22
29
189
61
121
68
45
158
112
60
71
66
124
155
89
51
72
91
124
129
144
84
161
64
191
8
59
195
77
134
163
184
120
46
166
186
186
30
107
45
152
15
193
50
114
15
126
15
22
67
2
57
47
49
137
136
116
40
47
136
123
52
53
128
147
114
106
185
89
164
118
77
194
25
136
41
40
100
31
120
176
111
133
197
7
157
183
92
53
145
177
102
130
62
134
8
85
75
53
143
51
106
184
2
84
62
110
195
169
143
96
123
114
44
193
73
36
107
174
7
15
15
36
66
166
103
145
91
192
79
51
175
83
117
69
15
136
35
8
181
89
116
46
76
191
164
10
194
136
32
75
181
30
79
174
95
27
124
99
111
104
153
176
141
125
185
106
10
67
138
99
74
45
110
5
151
132
45
156
179
177
160
153
57
14
164
170
113
126
56
7
102
19
101
0
126
126
154
123
189
16
97
17
150
151
178
128
8
189
17
83
112
115
174
181
121
170
81
44
141
178
152
42
30
147
119
0
133
137
195
67
78
85
27
160
182
85
3
83
35
62
94
131
126
152
151
122
143
120
20
49
14
123
120
136
25
141
188
170
39
114
169
174
79
180
76
179
54
75
134
3
139
130
63
128
129
78
151
101
104
170
145
115
48
173
76
171
52
53
119
27
199
45
112
90
197
114
88
29
184
67
127
164
94
47
128
175
43
120
57
73
113
181
26
119
96
13
191
34
27
15
51
7
25
127
171
32
141
115
60
172
139
27
74
49
142
151
78
146
43
162
26
3
52
92
125
161
34
46
94
79
130
86
94
115
18
147
127
14
145
122
2
74
128
126
34
143
113
135
139
198
114
25
54
119
142
157
100
53
24
148
188
62
13
96
3
153
53
149
87
160
182
180
152
5
101
161
44
97
185
82
13
143
54
24
48
104
99
66
125
31
1
92
22
148
0
39
71
78
151
194
192
161
31
142
145
48
190
15
91
92
123
158
143
162
26
171
133
122
174
168
115
75
54
57
56
21
134
160
100
159
67
76
182
46
146
161
169
159
165
44
100
107
155
21
77
49
195
22
169
194
101
131
34
142
165
95
142
188
69
14
31
78
38
34
69
91
74
180
156
61
81
148
51
195
117
100
147
34
188
158
55
188
147
198
102
114
154
179
163
165
55
190
61
128
2
125
136
170
170
122
39
72
11
91
147
7
197
167
45
7
18
158
156
59
99
143
28
116
119
23
123
165
170
21
65
106
54
99
131
82
128
86
92
3
65
142
25
36
199
193
183
198
48
27
196
123
139
160
94
1
43
17
188
176
136
13
151
6
91
175
92
189
190
21
41
26
175
40
57
94
199
111
78
17
106
135
82
74
101
158
26
67
39
45
192
121
158
10
75
42
183
21
53
79
178
123
17
41
31
78
191
160
17
126
173
198
189
80
11
161
30
84
107
48
73
53
196
37
168
114
154
144
102
185
107
77
14
11
120
36
112
139
46
86
0
111
152
111
132
17
171
143
67
64
21
106
61
79
195
111
50
151
150
166
51
192
81
139
143
11
26
119
91
179
186
37
2
153
19
122
164
47
13
181
174
108
156
183
46
110
42
92
184
102
189
71
114
173
124
156
17
125
3
70
62
146
57
9
73
7
90
161
152
20
198
74
60
85
69
41
16
46
21
15
102
155
89
86
168
12
0
52
104
182
176
181
77
84
37
189
66
28
89
114
68
70
65
64
81
127
74
134
127
12
127
45
24
194
168
25
88
98
152
144
136
33
195
168
195
62
18
125
41
53
141
40
133
97
28
195
24
85
185
176
137
155
53
194
154
158
14
83
39
170
129
124
21
196
114
51
12
3
142
94
27
46
1
191
15
167
184
96
159
125
85
45
31
63
75
136
7
12
29
152
104
72
111
163
82
73
8
178
44
136
107
36
138
170
168
42
172
94
180
106
145
57
106
127
167
101
12
70
45
128
10
107
87
161
109
106
85
109
49
65
41
31
157
130
114
199
72
23
10
169
50
86
41
38
60
148
12
72
165
70
190
190
66
66
73
167
128
116
168
124
193
108
84
78
18
93
49
111
5
25
157
20
39
8
156
88
167
199
139
100
34
20
143
178
55
56
89
104
132
110
177
178
53
88
11
105
115
152
82
135
177
132
64
20
38
99
87
18
64
44
175
29
78
165
4
135
87
121
91
96
20
11
194
66
87
135
33
98
55
168
49
170
25
108
191
28
157
195
84
185
146
70
108
160
190
125
169
138
53
185
156
129
189
24
128
1
189
78
91
103
32
16
193
150
26
189
94
40
157
5
24
121
24
187
143
88
13
119
186
175
78
92
176
97
163
32
95
123
74
74
108
27
139
53
72
37
167
187
3
53
125
197
159
166
48
198
60
129
33
80
3
153
180
14
17
163
41
32
107
140
18
109
177
138
156
75
88
68
44
193
55
94
55
78
53
36
125
67
85
63
155
11
0
142
125
27
150
148
92
19
8
47
57
172
4
145
110
189
110
127
37
6
184
71
160
53
158
46
36
182
64
151
154
180
37
24
131
119
168
103
184
118
162
194
131
20
20
115
94
31
14
154
78
195
25
36
75
173
190
162
135
51
73
108
64
161
77
84
60
54
141
112
152
69
44
151
141
151
66
76
111
46
172
152
147
197
15
114
197
27
176
17
140
190
59
35
42
59
110
174
163
60
113
19
193
107
28
194
34
19
29
105
183
13
60
126
153
96
197
196
146
2
154
2
21
91
170
174
68
1
178
185
12
149
158
180
71
44
77
145
181
170
110
132
176
42
58
96
155
128
48
54
101
103
198
160
160
198
187
35
17
84
135
179
51
45
115
104
69
45
138
55
12
50
107
75
150
46
66
82
149
97
98
60
163
85
146
118
72
3
17
53
174
51
7
198
165
80
105
58
32
2
88
159
42
149
103
146
126
167
80
87
115
23
194
139
40
137
0
185
153
94
41
1
70
80
47
103
108
130
94
63
43
14
20
182
28
169
183
147
156
49
119
101
177
30
114
70
47
150
37
53
72
131
54
138
150
135
187
186
38
96
78
10
179
14
40
151
76
8
14
20
188
159
117
14
155
123
182
10
61
113
133
134
103
134
180
124
74
149
71
50
78
172
60
15
68
85
169
112
120
192
185
96
177
190
156
191
46
128
170
185
54
158
44
7
148
171
120
19
150
109
7
132
32
35
116
82
66
136
35
107
90
60
75
12
71
137
73
67
148
186
171
1
45
24
166
93
146
78
61
20
189
68
39
28
56
42
139
23
40
18
74
149
128
96
128
131
172
53
25
0
107
118
85
157
199
131
87
84
77
92
56
121
11
118
26
14
67
107
68
75
171
0
121
122
69
23
53
137
98
93
142
80
158
30
90
138
112
12
131
8
153
127
68
97
150
134
22
174
187
99
115
25
54
125
22
62
62
135
173
170
94
174
109
112
137
192
128
114
11
55
29
197
2
196
125
93
24
41
37
127
158
63
61
86
182
142
76
116
109
147
77
130
67
27
42
4
145
54
123
67
93
15
147
86
37
120
16
59
158
34
45
46
39
193
149
76
15
102
38
50
40
175
40
46
182
25
177
119
120
5
102
113
122
73
127
80
20
117
48
142
51
77
48
39
90
55
56
57
141
42
178
58
57
199
2
41
51
139
61
103
28
50
117
166
13
128
143
31
61
48
66
58
76
120
27
70
179
3
145
113
115
174
74
33
158
183
136
168
149
78
164
94
47
176
165
96
35
168
29
87
67
190
97
20
53
68
178
38
54
139
181
94
197
117
27
146
90
107
53
150
41
198
169
81
71
2
49
114
40
87
198
19
114
193
97
14
57
48
17
5
136
18
30
62
65
139
113
74
185
30
102
31
91
14
159
43
127
14
46
169
7
86
110
160
182
191
95
127
53
101
52
13
148
99
59
188
73
181
88
102
111
78
158
143
70
10
75
34
27
78
111
64
85
52
153
10
52
98
46
152
117
34
127
19
85
100
5
92
98
199
196
47
161
63
9
114
55
64
10
192
16
40
144
35
29
187
147
61
22
128
43
167
84
8
182
122
193
79
35
163
55
124
81
36
114
67
76
13
122
65
30
50
184
55
190
46
189
159
8
149
42
83
65
87
175
14
132
184
139
186
102
44
29
120
195
192
173
175
131
75
178
195
84
76
41
198
157
197
143
149
20
165
147
49
52
84
66
150
79
7
168
184
108
19
120
185
5
166
192
111
0
9
92
170
48
153
190
75
143
109
191
128
122
146
29
157
169
34
64
28
73
164
18
189
0
196
35
144
109
99
62
63
17
1
20
65
94
199
163
185
170
113
42
133
16
64
4
10
131
134
94
141
112
179
183
85
39
52
59
12
149
51
92
83
162
41
13
77
138
16
76
100
98
6
188
104
184
115
12
134
127
35
40
53
142
143
57
155
68
182
132
126
171
41
148
119
142
93
132
97
39
41
125
96
50
126
57
28
111
94
154
116
0
110
33
47
152
157
142
141
164
183
33
165
193
187
196
104
161
31
197
146
155
174
59
49
86
151
180
21
82
71
128
88
91
129
14
7
10
194
145
158
106
73
31
114
68
91
94
152
48
93
75
155
57
194
88
82
162
45
193
80
91
0
164
5
11
122
179
146
192
87
159
42
18
186
106
92
152
14
136
4
94
82
179
193
196
122
138
73
148
138
54
81
55
190
161
193
148
52
147
20
174
11
170
21
49
133
53
117
169
120
157
169
119
34
41
183
81
106
60
73
189
52
37
163
106
100
163
167
115
60
27
48
80
49
23
195
82
7
93
65
83
196
121
73
152
194
40
26
181
110
162
22
123
22
59
43
32
40
38
195
91
45
46
155
74
28
27
88
146
162
45
101
18
183
41
65
13
149
13
22
82
130
41
196
73
52
115
84
84
116
71
153
80
195
122
176
103
1
153
184
132
164
11
172
74
198
63
54
136
127
75
166
77
97
67
32
124
155
106
67
164
61
24
77
79
18
144
44
165
68
189
71
36
81
25
43
46
66
153
130
191
197
64
118
138
88
142
84
111
6
76
131
195
119
111
123
179
111
183
18
198
8
35
105
199
83
51
134
60
178
178
51
126
81
189
115
157
83
108
77
23
105
180
185
84
69
143
111
41
37
17
103
96
18
39
99
104
152
22
0
182
24
46
163
32
137
25
105
145
62
59
23
62
65
79
56
132
188
28
173
116
192
139
78
21
127
198
183
52
131
54
22
98
10
97
152
65
185
190
155
36
189
22
134
83
152
153
21
64
169
42
57
169
116
177
188
66
33
18
186
126
137
103
131
90
10
199
157
94
43
73
102
89
75
49
118
184
164
46
187
170
21
165
159
11
70
182
156
115
140
81
80
34
124
156
147
59
92
188
125
58
197
5
29
115
53
97
156
17
97
25
39
55
23
90
115
30
177
78
123
84
22
30
53
101
146
26
148
9
142
173
86
146
194
71
13
152
103
192
42
58
145
126
45
115
169
172
57
135
193
63
77
169
73
29
54
170
135
148
7
64
90
37
155
33
31
163
65
42
100
140
53
64
170
19
176
114
1
118
22
193
107
195
141
86
18
10
37
78
13
151
11
60
53
80
159
99
15
181
46
174
82
144
154
143
167
82
180
32
137
38
100
129
194
183
183
6
13
98
119
124
178
39
41
17
75
146
56
157
174
24
103
128
59
184
11
57
21
183
78
169
109
96
72
122
58
126
136
79
5
15
113
9
177
72
96
18
184
159
97
130
192
177
1
36
100
160
77
37
103
112
10
72
75
38
174
64
136
109
100
11
136
7
53
31
94
85
161
53
191
51
54
183
33
35
119
182
41
132
29
76
105
78
51
123
77
133
179
16
78
160
182
32
152
117
145
197
30
35
83
36
110
115
146
127
142
179
198
34
77
32
157
100
79
168
134
28
8
138
25
77
2
50
3
8
106
125
119
84
100
141
184
157
23
81
163
86
138
189
185
108
54
129
67
96
142
192
78
192
160
0
86
188
120
169
54
96
122
155
29
27
172
112
84
146
6
75
188
81
50
52
149
103
30
146
41
189
96
19
96
188
17
11
28
64
74
182
100
100
35
155
141
43
11
8
20
32
73
52
89
179
161
61
30
153
50
95
165
158
180
197
39
194
143
143
96
69
166
120
120
112
74
10
21
194
84
88
108
11
98
104
134
121
163
12
15
108
29
124
34
112
51
121
120
55
21
128
119
192
191
1
183
120
43
195
72
187
11
53
103
143
126
108
87
38
132
36
156
46
53
109
107
102
179
108
150
143
176
178
107
172
153
117
92
168
154
193
105
99
12
163
169
192
161
34
40
70
152
138
42
137
36
118
38
189
15
114
110
38
148
138
146
54
49
186
84
12
107
138
174
53
140
198
39
162
39
88
141
126
148
114
85
58
95
124
78
55
3
102
171
24
100
91
167
17
122
186
2
127
73
129
34
62
62
9
173
137
180
97
194
65
83
167
0
173
90
34
86
67
92
69
194
144
142
40
69
122
144
169
91
143
138
11
120
121
6
48
14
128
123
192
140
52
114
174
0
14
65
75
188
34
124
2
62
20
164
47
82
163
120
173
11
198
63
26
142
34
56
97
151
13
137
44
5
178
107
179
40
73
167
85
163
66
178
10
156
38
51
36
41
123
45
72
44
58
95
4
103
166
41
62
75
131
74
14
186
80
164
1
165
98
113
116
111
127
39
25
160
196
158
169
149
75
171
70
61
109
133
91
47
192
4
35
23
21
193
43
7
160
97
109
66
149
139
50
156
132
177
35
61
64
163
179
28
153
54
5
64
76
116
85
106
124
181
110
198
184
172
0
0
89
84
19
92
61
33
60
134
157
99
187
119
111
124
23
145
113
11
94
26
43
9
61
92
175
89
65
53
112
149
23
26
100
67
62
110
120
14
199
8
31
153
110
99
85
22
96
112
54
61
120
126
14
184
0
137
117
107
8
159
97
89
190
199
176
65
3
29
72
191
30
72
85
159
127
61
175
61
170
76
36
176
21
24
81
109
104
125
1
15
176
137
119
100
104
60
134
90
102
124
131
168
181
185
91
162
171
104
118
189
25
51
176
128
146
77
64
179
162
76
143
41
13
71
14
105
162
174
92
91
178
64
99
77
136
39
62
77
94
89
81
97
177
40
109
66
99
49
71
103
19
10
75
54
35
91
50
173
54
127
181
87
44
45
29
58
67
110
81
125
139
3
155
22
46
191
144
17
11
15
81
189
78
83
34
17
29
28
151
4
193
197
54
122
7
182
21
114
42
91
49
76
39
59
0
32
197
4
35
10
55
4
140
25
15
187
40
182
56
4
136
66
8
58
26
17
56
151
47
26
18
8
9
48
94
68
27
75
1
59
149
7
154
187
90
23
66
174
112
58
168
72
83
107
78
84
166
102
27
141
55
30
22
122
94
188
172
123
74
139
150
48
192
190
34
57
96
146
139
104
110
152
24
107
18
194
191
173
29
143
188
52
161
146
106
157
139
157
172
147
95
99
152
47
176
130
24
1
11
151
103
53
22
108
141
1
91
141
23
155
163
24
94
159
25
146
154
173
76
86
186
33
87
168
27
164
25
56
131
160
109
66
176
105
29
42
186
47
64
61
162
160
141
51
150
122
146
1
98
110
54
99
12
80
191
166
123
83
32
131
5
146
75
39
116
57
167
143
93
25
126
57
29
34
46
62
103
11
66
124
94
21
12
144
148
45
145
24
53
112
177
159
59
122
33
161
102
39
151
166
183
138
9
36
66
116
131
92
150
67
67
143
107
132
106
50
22
60
26
92
83
40
190
16
56
68
75
118
10
168
17
131
111
47
133
113
15
193
199
2
111
145
186
174
51
0
173
100
32
152
166
164
59
61
142
187
97
93
76
56
52
113
66
187
47
155
78
189
103
95
182
163
166
182
100
164
52
182
9
98
60
125
120
37
112
172
50
194
58
129
18
43
129
84
69
9
148
83
40
20
78
57
61
11
126
1
27
134
137
8
168
40
182
16
174
179
174
17
24
188
87
131
136
189
115
86
142
65
177
154
190
154
152
194
135
190
51
139
44
112
182
123
97
115
20
93
179
9
66
17
99
154
67
7
41
88
64
4
170
23
44
125
150
106
41
136
160
32
11
107
99
46
63
172
29
94
96
79
82
69
126
182
176
66
162
154
99
10
171
96
196
184
30
103
42
129
14
158
165
22
128
179
35
4
17
53
154
21
86
27
193
81
152
189
59
23
146
120
192
28
80
24
121
183
174
85
16
83
186
8
114
91
39
63
130
117
15
124
124
181
35
116
98
114
98
11
14
93
109
124
197
173
195
126
108
128
118
123
58
172
16
194
106
52
123
108
171
158
84
19
149
81
99
47
146
75
138
66
63
65
0
155
126
104
112
96
10
168
155
196
61
32
174
64
81
60
33
118
169
163
70
128
20
37
50
15
38
162
59
144
146
21
134
32
39
160
188
104
198
137
64
36
141
26
128
158
92
71
29
80
146
176
96
22
34
141
131
121
192
1
194
63
25
128
12
176
196
90
10
4
44
17
66
104
111
47
160
128
46
177
90
86
112
96
158
192
117
38
59
168
109
77
49
141
59
115
134
158
41
98
101
47
185
52
93
44
140
27
131
90
11
70
77
69
161
112
109
164
105
59
126
1
176
66
118
76
105
60
71
167
90
180
51
140
16
60
20
163
43
2
38
64
192
155
90
137
175
108
103
29
40
144
95
167
39
52
131
90
65
150
100
78
170
155
191
193
133
103
148
42
183
127
28
174
168
179
164
13
79
176
66
78
73
2
107
135
149
142
166
145
191
173
33
64
191
172
78
113
197
64
17
4
12
64
73
184
8
19
160
38
101
160
145
69
141
60
173
172
102
181
58
63
126
117
113
97
67
35
66
104
83
20
62
173
125
7
129
2
75
77
50
167
5
127
48
5
162
162
34
35
13
197
147
23
90
155
57
36
84
196
177
145
188
166
144
91
8
81
24
129
141
183
45
76
107
98
67
18
20
96
46
80
95
154
134
100
64
194
165
181
60
146
13
34
131
154
91
23
95
129
122
159
27
117
14
27
26
45
30
80
46
75
189
110
49
87
181
4
91
143
160
129
152
59
180
6
37
28
194
128
7
125
108
185
81
73
153
78
112
84
142
138
156
198
106
169
165
146
166
194
111
116
31
172
4
73
185
161
69
9
122
95
172
31
9
99
65
57
129
105
111
162
5
198
19
13
58
110
48
165
11
130
81
151
69
129
44
145
41
135
15
92
47
131
163
60
93
10
25
168
99
89
165
117
33
23
46
149
112
153
102
140
162
40
108
92
72
141
76
22
134
116
104
41
180
134
14
151
36
32
93
162
34
129
28
47
29
81
57
24
41
133
115
45
47
135
29
45
50
179
8
102
149
148
3
180
118
68
169
102
178
114
96
156
172
190
41
140
117
168
113
61
169
31
83
42
188
5
111
184
31
71
139
163
83
147
69
10
153
10
98
99
51
149
150
161
186
139
65
170
54
160
73
109
163
194
170
137
94
173
79
32
188
63
131
58
171
93
1
102
152
52
92
163
132
19
92
149
67
141
54
51
10
157
126
6
29
179
51
124
146
155
24
1
101
52
171
103
137
134
163
60
80
93
35
194
175
90
109
69
73
112
117
61
102
108
99
26
104
157
116
135
170
51
150
192
142
53
142
77
161
122
80
137
52
1
50
36
178
52
158
163
9
167
161
122
103
15
77
32
147
77
127
72
60
137
134
16
154
67
33
106
71
61
99
192
146
149
127
76
168
159
25
21
167
39
152
94
184
115
159
193
184
134
42
185
75
73
171
77
150
21
185
56
64
28
25
21
59
165
116
119
117
85
77
159
70
187
173
87
37
116
173
19
147
13
167
199
188
135
162
11
189
77
40
180
174
161
53
116
54
28
158
161
85
52
156
27
19
119
108
175
138
190
132
25
122
134
147
134
17
47
149
199
100
103
187
57
199
81
115
154
189
7
129
174
93
159
10
87
121
120
168
187
196
166
143
79
23
3
146
66
111
38
75
44
23
80
102
37
6
16
40
10
37
105
81
82
167
49
83
70
157
170
78
199
125
102
2
106
198
139
168
182
107
6
22
94
26
91
165
178
199
59
176
56
42
150
74
16
73
144
164
21
163
192
123
39
107
35
58
21
13
104
153
175
136
156
18
154
120
117
107
197
70
132
53
137
55
84
128
61
62
71
65
135
78
87
97
166
41
170
99
4
134
86
137
57
170
140
155
3
190
122
166
10
160
144
45
55
121
196
111
61
106
89
108
168
164
18
69
49
19
53
7
179
21
114
76
168
109
171
142
5
63
117
9
173
95
100
100
177
187
13
179
180
153
188
132
44
86
126
195
12
141
121
157
63
72
56
125
184
5
195
175
61
8
139
143
129
1
130
5
64
162
185
79
29
120
3
10
175
115
175
87
51
163
35
94
67
41
115
90
28
31
81
113
21
53
55
21
51
81
104
164
130
98
12
89
85
1
66
100
102
157
55
109
98
177
157
96
148
44
88
85
49
181
178
192
35
161
165
88
135
155
152
14
42
30
139
163
176
106
37
190
172
33
13
193
12
76
45
191
172
31
90
68
123
69
120
16
99
1
43
178
97
3
64
182
20
115
169
34
18
142
96
115
6
146
99
6
118
47
37
5
57
27
142
113
126
66
72
142
55
137
130
8
164
189
154
64
4
117
11
11
167
193
183
15
143
197
13
194
28
166
83
153
22
15
151
129
125
24
23
198
77
60
161
110
22
94
156
65
63
160
141
120
106
159
198
22
171
190
112
135
58
149
26
196
0
69
186
64
78
91
135
51
72
79
177
0
105
177
16
44
104
23
90
70
176
148
137
93
150
32
160
19
163
16
197
52
25
42
74
42
171
24
