1573	196	48	1
89
72
173
17
178
146
66
94
17
65
119
126
63
10
74
120
195
111
126
18
171
0
40
127
75
126
134
119
107
79
23
92
64
99
1
128
49
149
155
68
44
21
103
28
149
194
19
158
138
133
29
57
62
64
193
146
64
149
24
137
183
68
126
2
12
124
176
143
196
75
137
27
161
65
104
58
140
54
159
5
129
59
161
177
150
30
153
159
17
135
180
78
118
39
75
59
114
17
7
139
79
145
16
119
155
168
196
118
23
2
153
17
50
150
127
56
16
164
61
18
10
158
102
57
43
125
31
148
164
12
9
118
44
105
5
132
144
184
65
147
59
50
21
87
50
178
162
145
111
0
120
184
79
191
74
24
122
57
121
32
103
154
49
101
65
121
12
28
58
171
81
197
187
10
161
51
21
43
46
128
183
173
64
5
196
141
53
78
96
127
147
164
167
159
37
13
98
141
17
134
95
110
90
120
195
47
31
0
7
61
199
9
181
104
103
164
125
110
129
127
168
43
18
188
8
62
161
128
194
7
135
20
113
101
47
112
64
148
172
155
156
67
113
151
44
20
9
178
198
172
68
167
23
26
138
11
94
53
151
59
149
101
27
162
5
148
173
57
14
14
91
103
176
186
129
144
96
133
123
34
50
196
25
26
128
183
14
149
188
174
12
107
152
59
161
85
103
94
118
95
23
167
25
97
142
30
57
71
158
167
145
185
191
170
116
173
175
70
171
143
104
29
189
50
54
91
196
65
67
176
168
182
153
61
74
60
92
107
31
0
2
159
7
2
183
113
129
162
153
108
125
5
124
144
157
158
59
27
89
105
109
78
93
67
64
131
169
109
60
149
6
87
102
96
128
18
39
71
84
86
9
52
127
178
70
82
0
65
28
190
163
33
33
76
115
72
143
30
51
135
36
111
194
40
120
110
145
4
4
62
97
157
52
26
110
82
168
70
194
57
149
64
47
142
139
53
165
90
106
57
140
95
142
46
39
104
108
5
125
61
88
27
173
147
165
42
5
122
15
73
47
193
169
94
81
100
70
79
79
173
30
136
104
57
15
134
185
1
189
90
17
24
128
130
59
116
88
137
17
30
56
46
188
132
60
19
197
142
128
44
22
101
46
119
90
79
107
91
37
96
87
8
65
82
176
102
47
141
114
106
158
113
45
11
107
176
178
83
6
97
91
169
196
87
167
139
182
176
142
40
102
17
151
19
177
31
140
196
53
184
126
89
144
160
131
66
106
96
56
2
17
136
188
9
39
197
124
111
186
102
100
170
23
88
152
112
100
66
63
32
17
162
65
171
114
174
61
192
36
167
10
37
9
64
40
194
90
100
49
159
136
53
145
125
118
97
63
130
151
23
7
150
127
64
46
11
145
72
129
9
109
115
146
71
187
124
185
110
65
185
51
39
172
34
89
5
38
41
159
189
93
163
63
58
164
148
41
109
136
177
178
153
193
95
119
20
195
193
148
106
136
166
141
116
156
9
199
158
172
74
12
141
43
90
186
79
59
156
71
93
116
62
139
147
21
87
114
65
44
154
21
106
123
41
107
105
185
101
137
51
50
97
147
31
5
167
38
106
136
10
4
184
185
131
154
85
91
142
33
185
131
156
47
41
151
196
90
178
170
171
137
161
126
115
151
62
22
127
13
55
71
156
114
97
147
66
153
73
41
170
72
160
140
131
24
93
142
37
198
156
41
182
29
28
59
10
69
198
195
125
68
154
12
52
111
60
37
162
134
115
194
190
25
74
146
74
43
136
102
110
74
178
19
51
191
184
124
84
192
12
136
126
39
54
187
8
15
21
115
157
195
81
138
182
163
84
18
69
59
167
74
37
114
72
132
37
156
152
176
155
100
91
144
141
66
177
17
18
157
121
75
71
109
45
181
126
159
97
40
25
54
77
150
20
130
74
175
169
80
153
144
28
110
183
128
63
89
165
16
184
21
19
111
197
160
165
135
66
195
101
8
18
54
0
38
33
15
21
33
2
79
95
65
76
185
36
36
23
168
183
54
37
20
56
140
59
128
146
29
102
139
165
93
131
17
154
86
143
93
100
86
61
133
70
120
78
122
191
39
18
171
74
182
108
157
98
109
20
65
75
185
158
18
44
19
56
169
24
179
17
183
123
25
181
38
186
135
37
36
171
134
51
29
52
4
99
116
151
87
141
87
91
49
174
132
86
112
46
195
30
168
13
97
111
71
23
141
38
164
199
156
116
181
39
68
15
140
69
158
114
30
65
5
189
176
179
70
23
110
81
3
127
137
102
56
195
179
70
176
39
10
38
100
111
7
145
90
136
83
69
23
152
13
197
65
62
98
39
43
180
9
68
13
57
58
120
175
35
2
135
18
33
77
16
99
71
169
22
165
75
67
113
90
196
73
20
85
2
179
127
191
144
158
28
149
166
71
63
18
163
0
22
38
48
194
136
26
112
175
122
191
171
10
100
163
82
198
74
39
60
136
87
103
143
129
52
86
139
196
46
150
112
161
198
161
7
35
90
64
126
84
120
117
157
123
178
94
158
103
181
105
114
187
43
198
30
6
193
158
140
101
131
118
5
192
139
72
124
174
137
62
102
53
28
163
54
194
7
96
77
97
7
96
142
2
128
129
87
48
38
175
116
167
81
103
118
146
171
53
41
30
123
98
43
110
188
61
127
99
119
29
154
72
84
8
149
32
184
11
120
156
112
183
72
173
12
108
40
18
127
85
115
7
147
47
81
138
169
127
135
123
62
183
177
55
185
61
99
121
8
89
189
22
3
56
148
187
128
193
21
13
29
44
5
77
157
114
84
174
9
141
193
108
112
101
166
163
129
43
115
49
5
158
16
137
74
15
116
13
113
163
123
95
57
134
133
140
141
86
121
109
32
3
64
180
97
56
190
184
105
102
170
188
169
174
143
74
57
137
180
55
147
198
190
51
142
166
109
32
151
144
115
181
81
156
73
22
109
70
84
49
85
193
100
63
162
86
54
28
69
40
55
22
18
36
176
86
33
162
34
30
79
114
191
0
25
134
56
158
16
99
164
195
176
74
149
148
186
97
95
149
18
153
194
12
146
155
15
148
45
60
168
33
57
187
135
2
163
115
112
16
14
17
67
57
94
156
9
41
119
27
128
150
123
167
185
47
56
95
111
9
95
98
18
189
57
189
81
176
28
168
166
96
179
191
12
152
172
146
171
65
43
97
164
190
36
168
56
114
78
83
50
192
138
198
85
70
75
36
16
190
175
50
15
138
11
166
195
52
158
153
177
96
28
39
135
15
74
7
147
113
41
11
174
5
11
126
149
24
3
140
57
176
113
19
132
123
35
172
12
33
79
30
189
171
164
151
198
70
145
88
141
72
125
100
62
14
94
92
102
127
197
154
103
57
30
144
36
190
21
29
12
178
100
35
43
164
105
48
76
38
36
62
67
115
174
169
150
29
86
5
172
112
85
138
6
62
65
5
74
119
182
164
70
52
120
21
97
161
102
99
133
181
8
78
49
143
169
7
35
14
127
93
90
13
95
70
170
2
62
30
97
154
146
149
198
18
136
104
81
132
190
62
