1583	173	27	1
112
153
165
47
123
33
81
30
33
136
176
54
133
199
110
85
80
178
74
189
169
45
89
45
29
53
158
193
71
171
35
5
124
11
95
177
13
107
116
14
122
78
163
23
56
49
39
2
14
21
179
30
26
83
104
159
75
38
30
12
146
89
86
114
178
129
51
161
65
181
171
28
26
123
141
30
73
76
113
88
186
39
38
55
118
100
108
122
123
174
103
161
134
139
172
17
64
32
35
100
122
125
161
181
127
185
81
33
141
166
191
129
14
124
169
36
153
140
138
193
104
162
107
90
55
158
192
13
88
188
141
116
29
87
11
140
67
188
115
90
39
42
190
129
24
192
111
81
184
31
69
9
112
159
32
13
63
37
111
42
63
81
108
158
21
125
101
30
155
194
176
55
27
37
66
53
2
7
28
34
14
170
50
118
102
142
121
141
109
100
93
174
26
170
4
103
86
93
122
22
115
189
194
170
126
122
94
1
161
28
156
43
8
40
109
75
181
6
194
189
66
23
165
82
115
109
113
137
53
58
120
177
175
50
167
41
195
85
127
120
57
140
107
8
33
69
25
84
26
106
23
43
188
139
92
125
111
132
40
82
165
145
120
154
3
5
114
167
79
154
49
70
46
131
165
197
53
166
83
46
130
157
117
161
191
139
141
33
193
163
83
108
131
180
137
150
42
186
31
119
61
142
199
128
4
69
7
198
9
189
71
125
31
180
102
109
45
155
110
106
111
56
24
85
98
89
101
144
82
84
90
63
34
28
110
114
190
101
196
143
184
121
16
44
86
19
144
194
109
0
136
141
60
117
18
128
119
92
184
61
29
120
135
10
17
0
106
71
18
41
152
116
71
139
83
16
3
101
38
148
112
77
26
29
180
39
173
176
29
127
143
112
129
90
122
44
102
150
150
60
19
75
167
177
81
113
84
196
130
40
188
134
92
6
158
175
66
130
21
115
176
8
46
86
16
78
72
16
190
75
127
180
60
79
69
66
83
54
70
77
63
14
134
150
69
159
169
159
91
18
70
132
148
34
33
179
128
63
76
4
52
66
25
148
170
171
191
140
144
62
126
198
133
108
136
47
22
21
198
168
132
115
13
22
119
137
51
66
43
91
66
155
45
32
119
183
106
193
95
185
164
117
144
52
146
101
167
45
67
59
131
94
87
120
52
175
178
194
81
168
142
156
102
33
195
183
142
130
22
87
43
190
140
184
63
2
169
143
125
76
137
157
129
190
73
70
145
146
35
160
183
160
29
143
84
194
125
173
194
184
147
127
126
127
83
114
120
45
133
116
184
160
35
80
183
76
6
129
159
83
165
183
128
118
180
159
40
194
61
29
118
14
109
117
196
129
69
88
182
0
155
81
27
13
69
174
47
75
98
20
138
174
13
132
9
119
54
66
119
93
31
100
7
192
56
87
145
54
143
124
183
168
40
130
122
143
68
173
118
48
49
109
46
199
54
145
86
167
41
66
75
143
199
52
145
0
32
39
137
44
148
140
132
137
158
187
105
74
131
185
143
134
175
78
64
58
149
5
106
73
0
36
114
60
178
163
175
69
56
170
105
173
57
187
4
102
178
47
189
106
111
12
87
178
127
140
162
107
61
193
162
82
198
172
159
32
132
141
134
33
150
84
75
62
145
30
25
27
8
107
160
3
155
188
34
183
95
3
170
101
34
43
169
21
1
5
86
87
112
4
34
48
117
65
125
100
153
144
144
77
28
123
104
73
28
69
11
106
9
70
35
71
57
197
188
119
131
165
92
93
82
166
118
168
64
60
170
178
140
13
165
136
161
115
120
168
109
1
191
142
11
147
129
146
45
62
15
43
113
182
19
71
78
30
23
98
196
162
158
187
174
9
43
199
117
54
60
37
50
102
10
136
143
124
24
43
122
87
110
190
119
5
17
79
98
169
104
108
86
55
173
13
180
49
167
62
67
42
16
34
176
55
160
139
34
125
85
86
157
182
156
172
97
14
153
114
175
129
126
106
8
167
196
162
113
39
84
59
166
121
176
140
130
120
172
52
128
28
178
167
58
142
142
32
11
28
78
156
107
20
157
183
31
70
38
24
178
18
15
111
188
184
33
143
132
62
154
39
141
52
189
90
155
43
135
70
57
116
23
90
193
126
185
184
191
47
70
162
138
147
76
137
151
154
94
16
59
196
64
199
61
56
65
163
15
74
180
99
143
10
101
142
70
193
133
160
36
7
170
107
77
192
118
50
36
173
122
113
3
38
0
8
196
125
10
175
127
174
177
43
193
170
53
53
37
59
6
76
105
66
93
113
144
124
139
33
15
155
59
127
150
192
30
111
86
111
108
112
25
155
41
25
122
144
156
60
106
95
175
63
68
172
75
7
182
115
68
191
84
49
181
39
123
135
23
128
134
41
51
11
89
85
146
73
24
175
132
189
50
129
149
78
120
0
17
89
12
130
152
147
111
27
34
139
171
166
23
22
106
8
139
60
161
9
93
72
133
124
171
94
168
14
132
196
8
91
185
99
53
12
185
191
172
60
119
9
4
42
194
38
116
161
185
176
120
18
17
162
62
75
180
145
105
193
120
174
137
57
105
105
85
109
172
87
135
34
1
91
18
157
179
75
170
133
104
33
143
20
16
74
192
104
83
140
48
126
28
88
48
86
116
134
49
33
4
144
187
7
187
143
31
149
199
162
174
83
92
125
148
156
118
5
157
134
141
1
58
26
20
189
63
62
118
64
92
93
6
69
46
0
113
79
162
69
114
94
5
142
145
62
163
5
169
110
170
155
12
118
178
120
102
193
187
172
187
98
59
84
38
59
50
120
7
185
4
18
167
188
195
97
19
122
119
51
67
138
99
89
86
86
4
108
124
137
40
149
63
168
113
186
47
54
29
189
121
168
147
46
43
31
124
145
134
19
180
186
113
20
131
45
38
148
109
74
107
161
162
197
143
14
114
116
94
41
17
185
67
103
3
71
161
116
196
138
55
87
102
15
94
145
88
194
32
166
120
55
54
60
53
80
53
40
171
52
39
25
179
89
130
140
22
113
191
110
143
87
129
176
114
149
159
116
181
126
96
151
81
6
66
167
173
169
151
91
199
161
157
81
143
25
104
66
11
38
79
58
81
198
199
156
84
112
56
130
13
115
154
186
141
75
171
149
189
53
168
65
19
76
117
142
145
60
27
29
99
180
125
139
197
9
175
62
63
85
68
159
78
86
194
141
192
178
108
194
75
32
52
199
34
3
131
107
165
24
142
16
52
118
62
70
137
165
69
49
55
134
24
158
194
179
93
187
20
80
138
100
161
198
159
129
112
169
58
196
191
143
197
153
178
168
166
47
199
141
195
91
177
170
175
195
150
61
126
0
71
176
97
52
189
99
22
83
10
42
103
111
179
78
117
179
88
103
41
169
68
111
46
103
24
162
183
35
31
49
193
168
85
70
132
121
153
18
131
42
172
154
101
197
164
185
176
170
162
126
130
56
181
149
115
56
144
140
106
10
191
116
58
95
97
31
32
180
114
112
108
32
48
134
106
125
0
179
188
194
133
65
150
137
76
148
101
12
22
163
140
83
131
159
173
80
23
62
129
