2962	198	5	2
101
94
34
53
185
15
78
0
89
164
11
16
160
191
107
176
57
139
6
11
101
71
159
187
144
53
113
6
97
72
36
123
44
60
136
139
78
159
52
42
76
197
84
92
73
153
197
188
34
199
133
16
31
0
132
176
64
92
193
174
1
195
19
143
188
119
45
23
82
41
52
91
165
124
72
152
53
151
181
89
181
115
149
181
9
140
123
175
183
21
166
191
166
180
49
54
7
157
83
63
127
130
16
96
103
7
59
56
64
43
62
162
110
91
24
144
64
17
169
75
80
106
93
54
181
14
59
163
11
48
80
77
180
100
149
172
149
32
154
7
47
155
37
28
169
91
123
147
183
155
178
177
49
9
96
72
137
85
68
147
98
77
127
158
50
5
86
100
61
124
95
99
166
178
174
19
153
182
3
60
178
172
185
132
148
107
117
175
95
173
193
193
1
119
100
47
168
176
128
196
161
127
16
15
56
109
140
42
196
137
131
165
166
162
123
113
22
159
199
176
98
10
158
153
52
108
76
179
7
50
183
15
30
108
64
167
145
142
68
21
85
104
167
188
70
56
140
187
187
56
186
48
135
177
22
169
47
174
33
109
37
22
23
25
128
121
107
7
94
123
34
25
71
183
91
91
143
91
159
55
127
81
26
9
24
53
142
58
102
50
57
91
173
80
3
95
83
112
118
67
146
48
137
162
151
65
51
32
28
101
97
96
102
199
196
193
180
51
18
27
21
76
199
55
84
28
39
117
67
46
35
23
145
151
126
115
138
43
19
22
105
76
77
179
124
54
194
98
148
118
13
190
80
144
167
167
173
159
153
102
84
87
0
95
128
70
69
152
58
73
88
88
67
180
144
131
93
193
2
146
142
170
108
15
138
105
69
198
109
140
171
191
2
118
120
103
18
96
57
22
188
55
12
164
61
127
22
21
101
54
183
4
134
75
147
187
113
68
109
128
119
143
193
195
192
56
15
27
60
58
167
121
164
185
117
165
148
3
131
44
39
127
93
171
39
85
85
173
167
5
115
56
143
44
169
118
12
169
185
120
33
102
51
196
86
90
150
183
43
67
194
189
33
25
112
37
125
21
103
34
98
0
180
148
106
152
93
182
96
5
162
112
77
42
80
124
142
71
67
29
30
196
104
44
133
199
116
85
109
182
69
22
44
1
35
135
131
158
89
140
90
32
30
184
149
49
75
132
15
12
49
117
90
72
80
164
161
79
158
190
58
197
10
164
170
179
124
93
86
138
147
71
196
117
186
76
61
176
136
25
191
189
2
50
58
117
79
177
39
83
161
46
56
12
187
112
168
123
179
146
176
97
77
121
59
145
113
17
135
18
106
14
169
13
44
64
163
54
153
16
164
48
72
40
68
185
131
55
66
197
36
34
45
134
59
198
107
192
86
169
169
59
190
168
80
114
26
59
160
64
106
141
108
178
105
160
1
135
24
197
92
141
51
1
0
85
91
27
0
70
175
25
175
47
7
147
121
6
71
31
126
102
157
43
67
157
7
98
84
11
140
109
50
182
5
59
133
51
39
115
118
63
88
118
84
107
43
98
185
142
90
32
143
68
199
191
101
84
39
186
40
40
107
52
88
77
164
164
160
98
171
75
105
70
19
98
52
194
188
17
154
69
68
170
26
6
43
164
197
44
171
132
66
146
98
189
9
22
38
24
22
40
140
183
69
176
21
107
68
112
70
101
49
49
90
25
16
65
38
111
137
1
185
123
21
93
197
165
171
157
166
67
139
97
30
138
173
145
99
59
135
49
142
161
138
180
177
25
144
72
76
163
148
71
67
101
13
190
112
103
104
118
24
33
178
79
157
32
87
100
80
167
49
114
0
194
1
11
148
22
19
127
184
61
137
10
79
94
87
184
198
0
134
92
65
38
135
56
100
150
133
39
168
28
135
182
40
148
97
177
30
85
103
11
143
88
174
13
80
56
182
159
84
75
143
76
43
110
22
199
176
88
37
20
119
157
93
106
25
106
144
92
109
96
71
54
133
25
149
149
82
144
22
119
5
45
88
122
124
94
172
105
93
97
177
0
57
13
22
80
136
113
161
62
133
4
48
86
141
100
83
38
50
82
124
85
190
10
53
2
191
16
189
96
142
102
134
23
139
50
6
22
160
172
95
196
32
37
117
183
164
67
116
131
186
114
12
20
11
53
42
55
183
89
124
146
80
98
48
68
135
142
153
159
182
24
192
154
3
80
83
83
6
189
44
82
112
188
73
24
24
74
131
54
19
181
109
42
198
105
67
117
107
183
140
120
118
56
38
172
195
143
197
40
182
20
127
141
39
4
127
102
176
174
4
195
164
89
93
165
21
169
51
4
26
72
115
91
180
193
134
197
99
55
159
65
177
20
161
41
115
71
154
145
24
4
88
170
191
103
143
62
113
11
36
94
16
61
176
191
51
14
108
35
55
61
134
147
27
114
62
170
136
127
7
101
43
10
85
7
57
37
7
25
78
182
73
198
129
153
74
133
191
156
156
104
171
67
53
81
143
18
57
83
74
177
154
198
102
1
29
141
44
165
90
122
7
100
56
74
185
42
50
18
150
38
162
160
91
159
121
135
138
79
56
186
166
97
158
113
45
31
182
57
126
4
83
198
56
49
59
188
165
67
142
27
42
25
162
185
124
115
125
49
96
174
117
65
118
100
7
33
163
8
18
63
114
39
47
136
151
186
64
137
192
160
50
171
160
8
128
77
32
93
125
76
52
114
190
165
128
108
169
66
149
103
102
75
4
40
137
36
150
10
57
29
182
5
16
111
139
32
31
161
141
199
14
122
99
120
109
9
175
55
129
153
31
97
78
144
25
141
94
127
66
182
195
3
43
134
183
74
0
93
109
73
30
199
59
178
33
3
15
163
7
191
91
73
180
73
78
52
171
89
33
91
62
90
74
89
67
39
104
87
3
106
140
177
63
55
41
69
153
8
184
197
76
10
186
190
9
156
50
121
144
111
166
103
191
105
26
129
186
124
89
29
15
179
66
28
52
93
107
129
96
114
116
180
3
74
170
116
194
77
158
76
35
13
162
140
65
7
199
152
124
73
190
13
17
45
81
128
50
68
5
145
145
102
39
132
134
133
152
48
130
9
150
144
96
86
184
144
71
90
13
65
110
2
34
69
157
20
30
47
187
183
172
89
66
87
125
161
91
69
47
157
70
3
197
19
27
189
116
133
158
67
128
82
171
83
145
192
78
115
109
109
77
36
123
109
4
194
33
102
165
96
3
95
138
24
153
167
184
56
83
114
42
136
164
181
167
96
104
99
169
111
66
48
19
94
183
138
174
114
145
32
32
89
25
19
121
68
28
137
59
162
96
8
46
189
12
199
86
109
58
88
178
59
81
10
25
9
163
171
106
12
23
59
88
51
52
36
112
114
92
117
185
23
80
117
191
53
62
148
116
183
11
69
196
124
22
136
43
56
3
101
189
100
145
123
193
180
41
174
3
102
179
38
149
154
54
108
65
69
12
176
21
104
72
45
12
53
141
190
197
169
84
75
10
13
169
67
184
111
59
29
181
61
94
98
99
113
127
177
175
16
147
86
158
197
172
53
182
67
97
120
124
199
169
168
143
107
60
33
143
7
110
70
147
115
105
51
47
199
38
57
198
43
111
27
146
106
148
24
61
97
168
106
138
54
159
75
93
116
175
111
4
90
151
132
17
99
72
85
165
128
87
175
50
89
76
19
53
12
43
34
166
180
132
199
37
26
81
101
187
57
12
129
146
3
170
171
50
49
95
70
33
32
143
167
22
15
62
194
19
165
22
95
4
55
147
148
176
159
92
196
107
120
32
149
165
118
153
95
67
11
34
121
32
123
185
101
63
17
121
51
40
114
112
116
101
127
47
61
47
129
107
179
186
93
78
181
121
135
43
117
32
58
29
105
180
37
42
142
41
2
9
156
104
88
189
60
130
112
85
53
166
180
106
191
139
19
180
167
131
10
137
128
188
132
131
59
11
82
101
77
159
110
10
151
176
169
162
83
26
13
49
90
178
180
102
114
107
103
93
141
133
35
17
197
100
53
50
91
16
174
14
46
174
82
111
177
34
91
90
109
39
34
111
62
53
5
194
106
94
132
132
99
77
94
166
78
43
136
68
100
111
181
186
22
50
74
198
93
172
64
145
31
150
108
11
46
13
179
186
42
39
111
191
47
14
79
37
169
174
98
46
124
165
44
140
192
46
121
57
9
33
118
68
164
107
63
121
110
197
115
131
183
179
51
152
51
60
162
81
9
65
47
165
13
116
21
41
48
95
11
182
71
13
39
15
9
17
78
45
145
97
71
192
156
102
29
28
84
19
99
191
19
88
129
115
36
138
189
116
26
160
189
87
4
12
169
140
24
29
198
194
4
5
108
94
45
11
49
56
110
88
126
170
10
22
7
85
188
153
184
105
59
94
123
153
68
83
31
177
167
106
42
102
156
5
166
168
110
87
18
158
13
93
191
86
58
184
131
199
107
191
43
13
6
165
160
0
50
180
44
162
177
149
198
67
194
38
82
3
60
182
140
19
76
80
186
64
55
9
161
181
187
39
32
163
71
41
193
128
44
181
6
42
35
10
80
78
69
67
130
90
97
51
60
123
48
187
195
75
141
86
174
34
129
150
140
176
99
45
113
149
100
89
0
133
119
36
169
124
175
159
19
65
124
131
125
2
157
60
15
100
81
147
110
148
169
78
188
199
133
198
13
27
23
92
133
160
188
80
104
135
110
168
34
101
70
178
109
155
15
159
80
182
54
123
172
70
174
37
10
5
129
15
0
13
80
34
59
46
43
186
23
100
28
73
105
193
133
91
181
28
74
190
107
85
121
187
108
91
118
173
163
85
19
165
191
185
13
80
5
140
41
174
154
31
181
47
118
50
36
147
123
47
113
158
101
14
157
127
92
169
187
20
100
123
24
92
22
186
160
184
199
45
179
167
30
91
151
100
139
123
95
86
163
34
81
180
80
180
110
43
141
2
194
61
159
12
179
40
95
59
22
16
117
165
12
113
86
22
108
118
158
144
163
71
48
71
30
3
9
172
184
82
133
27
191
124
186
195
160
108
177
153
67
83
43
169
65
2
127
35
73
128
17
54
83
195
127
131
92
55
149
193
192
160
160
152
85
94
71
100
107
4
198
0
42
61
77
36
173
20
93
61
50
45
66
176
51
86
27
131
94
196
126
127
72
195
121
85
145
93
196
60
153
158
2
165
145
170
55
83
107
92
83
98
115
124
123
195
111
43
65
25
130
94
58
139
150
85
173
102
175
143
68
158
13
108
138
194
98
14
157
105
186
93
173
124
23
198
34
138
52
15
148
50
162
113
43
152
38
66
103
23
123
31
170
127
20
91
154
147
138
110
123
83
123
68
72
121
20
160
98
81
125
21
49
42
26
10
175
3
195
56
108
116
89
17
172
10
64
142
93
110
52
76
21
155
148
173
72
91
84
135
94
133
174
187
139
52
184
60
8
79
121
49
16
56
52
145
21
132
191
122
80
78
22
126
71
64
136
187
80
47
99
149
84
193
44
106
183
94
198
178
52
80
60
89
134
33
122
35
104
136
92
35
14
167
130
63
109
99
140
195
77
41
31
88
95
170
130
73
89
131
34
178
6
115
40
182
114
89
165
99
171
66
60
68
156
44
69
115
115
146
34
73
50
181
178
187
35
43
124
162
28
118
69
176
193
116
170
10
89
22
57
118
145
79
194
2
21
51
155
46
37
193
136
16
28
111
66
42
195
128
54
34
12
45
86
22
171
5
21
17
110
154
108
95
30
146
106
17
102
134
48
149
167
171
97
69
158
42
25
26
37
30
189
29
30
162
120
193
87
108
166
145
182
178
128
186
62
47
128
172
66
58
39
50
62
52
98
163
101
12
59
165
4
0
36
174
150
10
78
102
81
133
111
156
125
130
130
91
165
27
81
192
134
60
173
115
140
105
22
112
180
159
14
33
76
43
7
9
71
161
189
56
108
139
134
142
102
46
62
126
135
162
87
17
109
46
102
11
94
189
105
70
32
65
148
177
1
170
11
12
109
131
9
171
166
18
94
124
158
50
8
159
192
47
97
10
108
197
118
54
193
44
31
113
4
36
186
40
7
194
194
113
165
92
149
147
162
191
172
42
136
90
163
123
108
174
8
88
94
36
128
144
95
163
157
198
125
149
172
157
106
30
114
21
35
168
23
156
12
77
179
36
105
162
100
92
87
99
194
198
0
17
146
109
109
62
174
9
119
73
189
185
126
194
175
187
42
123
25
58
24
56
87
53
4
45
79
192
197
131
186
26
158
151
166
138
16
39
198
118
165
106
43
177
23
43
59
24
79
128
48
66
90
149
180
66
6
1
120
66
90
74
4
142
67
98
145
194
66
85
154
8
139
117
0
74
177
164
108
80
117
37
104
143
150
32
79
110
2
64
115
30
66
139
101
182
27
93
166
192
17
9
36
132
134
53
9
46
32
121
46
198
49
124
36
141
0
83
195
63
45
23
99
81
193
50
40
175
155
94
139
74
87
49
10
117
42
48
154
107
49
135
171
39
190
179
26
136
92
148
132
134
66
195
117
189
59
35
153
45
55
151
138
83
138
24
192
97
154
33
150
116
62
25
73
95
41
84
36
196
70
47
46
58
14
54
85
152
76
52
132
4
138
165
48
104
133
123
168
121
194
108
83
