1549	85	1	4
178
113
92
153
156
45
21
172
7
173
133
38
176
197
133
195
91
91
25
193
48
151
55
169
16
24
67
70
118
21
128
65
49
164
16
118
134
162
188
119
74
72
31
35
156
62
108
19
41
103
73
65
74
80
91
197
152
22
104
165
71
19
172
152
112
181
83
183
120
187
142
112
118
101
64
57
146
127
152
110
153
89
97
39
149
70
116
56
105
191
7
14
106
4
199
91
89
94
17
87
62
116
15
59
62
87
78
154
108
124
163
47
190
126
190
13
78
46
118
87
193
32
108
13
61
83
188
103
3
188
30
9
92
79
75
20
39
68
115
124
88
114
27
35
29
59
115
49
122
35
142
46
140
29
123
38
114
92
152
192
24
140
78
107
189
91
55
78
69
191
68
74
49
44
43
173
137
50
126
166
99
1
87
136
77
34
15
62
23
148
30
25
164
8
188
25
143
177
190
173
115
163
196
96
34
39
48
99
71
144
89
65
79
37
77
194
137
35
13
64
167
111
114
56
132
93
85
141
13
159
172
119
37
13
105
2
185
22
124
143
146
129
129
116
8
138
12
176
83
180
65
111
181
119
136
118
116
159
69
52
4
81
102
110
192
66
141
53
56
77
117
125
47
137
90
13
140
13
177
22
184
177
158
153
135
114
13
34
183
1
112
59
166
98
111
30
104
108
133
19
109
185
71
170
17
179
31
142
133
121
183
143
28
21
138
137
64
100
140
118
162
81
49
5
136
110
83
5
120
24
133
178
187
69
164
186
5
173
62
157
57
75
74
143
193
22
111
156
83
136
137
126
0
178
38
174
46
130
94
77
93
42
73
141
126
182
146
185
6
58
129
37
27
53
63
83
38
174
66
148
110
66
192
72
182
87
105
130
92
33
109
66
98
174
28
112
49
103
148
114
193
189
197
138
78
54
129
151
101
131
47
191
28
135
134
150
31
174
126
21
174
183
35
170
124
168
147
199
186
108
39
170
138
100
70
177
40
7
4
135
138
199
145
95
89
90
118
28
135
169
43
123
56
1
140
102
150
75
154
118
148
122
133
84
92
1
47
20
132
102
60
14
2
63
94
194
17
64
52
48
196
22
186
153
103
74
124
45
93
21
93
186
147
133
28
77
51
129
149
49
14
103
190
89
161
119
56
19
64
196
5
36
136
7
17
162
61
159
104
73
100
73
103
197
187
183
79
49
5
176
60
122
17
125
85
84
66
139
60
191
50
194
124
172
111
25
114
58
87
131
11
127
104
178
101
13
16
190
83
188
107
114
128
69
75
116
69
90
154
87
5
88
155
15
5
46
118
160
177
197
82
11
42
187
20
101
67
77
22
30
83
97
67
195
109
93
71
49
66
24
52
175
81
67
95
54
117
180
80
32
76
71
72
98
119
32
21
79
13
65
145
194
123
108
137
55
150
135
57
143
73
90
13
31
130
149
170
52
30
106
82
4
61
148
158
140
168
91
87
114
143
165
53
30
95
11
168
146
72
109
181
75
77
139
48
26
21
113
176
140
150
29
136
50
89
17
41
190
48
199
133
99
36
46
110
191
124
160
29
16
135
101
175
15
171
8
113
190
110
19
37
26
89
25
157
45
180
128
67
163
44
178
187
126
97
6
168
120
45
152
131
60
71
73
19
82
21
76
14
133
104
167
13
67
169
66
197
192
66
151
74
23
167
30
118
15
10
59
7
149
62
38
15
84
76
63
109
150
65
68
25
141
89
145
124
162
4
195
5
177
166
169
80
127
61
55
18
57
3
104
143
75
171
47
156
186
33
146
193
199
82
84
142
96
187
38
46
156
93
33
153
26
181
178
179
143
138
34
42
90
144
121
125
6
193
39
119
83
51
71
67
41
29
96
170
3
123
16
79
52
17
79
156
72
43
158
94
73
139
179
10
109
172
162
163
80
27
137
132
188
158
64
95
81
60
91
72
2
52
181
84
174
50
179
139
23
28
114
68
67
139
102
0
61
20
120
54
112
166
130
70
199
46
130
185
83
110
50
45
41
172
160
39
167
198
7
1
172
108
48
75
121
86
150
149
24
68
29
58
7
36
150
49
9
46
194
29
9
148
80
189
20
181
133
117
26
64
159
187
104
22
22
14
166
168
167
175
56
48
55
196
155
139
168
82
126
99
179
16
186
107
162
123
199
116
72
91
108
157
0
92
186
7
71
16
158
22
15
34
42
67
161
142
31
22
173
140
193
41
33
44
95
144
148
51
197
157
166
139
136
160
198
185
61
27
119
103
158
123
160
82
58
138
71
142
192
106
33
37
8
44
80
110
166
198
57
146
76
91
145
98
34
189
76
109
77
158
162
46
41
59
143
9
36
137
197
70
129
138
47
14
14
192
132
18
155
50
55
60
134
100
151
173
55
72
80
101
109
83
77
169
164
195
47
174
92
44
119
3
191
146
68
141
174
120
66
77
152
183
191
44
33
10
163
102
83
62
155
92
75
199
58
67
114
6
53
115
142
135
89
58
5
174
12
126
22
17
172
137
132
17
104
134
15
74
193
179
120
130
36
119
9
166
143
66
199
120
101
116
14
101
72
21
183
170
10
84
96
55
8
36
144
188
164
64
141
32
13
158
132
176
93
129
181
124
95
145
40
69
66
30
119
107
63
10
34
107
179
132
161
134
17
144
146
60
31
131
39
183
3
109
43
133
51
183
177
21
30
84
32
98
73
188
127
93
2
116
129
196
75
17
37
145
131
50
190
46
127
102
73
108
104
66
144
35
9
13
18
124
72
111
84
34
54
99
1
7
61
174
153
138
53
184
185
5
10
183
54
29
142
2
191
92
15
179
175
176
132
166
36
70
65
94
7
17
36
159
192
76
124
30
109
128
78
188
110
110
115
169
17
118
121
166
125
128
195
195
149
136
144
7
51
135
142
133
78
92
160
163
89
73
187
30
177
170
129
18
139
96
96
94
168
108
179
52
39
111
146
101
197
37
88
75
155
107
41
176
27
150
182
124
168
58
7
196
106
188
155
45
35
199
135
25
97
186
57
184
16
139
103
63
115
197
113
118
23
157
136
43
77
195
185
197
121
171
122
27
171
154
88
162
10
38
107
165
128
95
143
103
86
98
119
36
92
180
79
5
117
178
46
11
109
151
30
154
8
152
26
103
17
137
140
53
19
18
24
48
48
68
184
84
107
14
196
8
12
92
37
4
192
30
127
82
193
7
185
169
49
4
42
99
143
164
18
9
140
159
154
13
109
191
129
84
189
99
108
198
61
163
160
182
43
69
143
21
37
30
69
155
56
188
14
197
162
88
15
162
151
73
5
39
12
35
93
35
14
151
25
188
198
44
180
104
35
75
147
144
140
184
119
159
73
68
163
120
28
151
30
189
186
187
78
52
168
157
170
76
35
36
33
125
80
131
60
13
181
187
21
39
34
121
75
150
79
80
35
16
28
175
164
102
47
11
23
23
93
183
154
91
0
55
151
125
113
181
93
26
179
146
107
63
76
6
76
135
144
43
124
153
