335	43	66	3
20
97
196
74
39
136
18
73
11
88
128
125
20
103
106
0
92
149
184
99
6
147
121
35
63
174
197
35
165
162
11
146
143
169
155
13
175
99
33
159
32
71
142
172
8
39
109
157
147
17
103
30
177
34
28
100
69
190
23
138
195
42
44
154
182
35
32
88
3
119
125
114
69
96
193
108
14
113
186
49
30
73
112
19
131
69
142
155
22
34
79
188
21
24
49
154
195
66
1
48
184
57
139
151
110
24
27
107
33
187
117
54
82
177
69
64
9
0
76
174
68
87
65
199
72
86
71
174
66
122
80
74
3
22
142
97
190
195
17
194
71
63
155
90
186
100
52
7
93
7
154
0
131
113
80
173
158
42
90
131
121
89
147
56
79
0
123
164
98
52
96
160
52
123
191
89
139
174
7
196
125
126
147
118
193
146
2
115
37
22
165
132
73
136
36
142
184
180
109
133
126
112
194
136
170
153
77
133
145
52
91
165
52
153
3
186
32
65
50
37
176
96
60
61
105
133
136
2
42
159
72
103
45
2
28
13
6
119
18
196
16
153
84
100
198
124
15
98
69
168
35
31
187
179
195
114
3
188
107
6
169
83
1
126
156
23
34
156
157
96
10
177
171
74
118
127
24
131
122
66
27
147
146
52
162
194
151
64
180
33
57
79
105
150
115
102
183
74
80
81
98
15
7
0
126
179
5
47
44
42
16
196
55
0
196
26
122
123
20
122
136
30
142
25
87
162
147
156
41
48
97
120
9
154
79
