4076	149	74	2
119
87
174
142
17
22
119
39
41
120
18
2
132
94
165
42
86
156
103
103
57
117
37
55
63
132
61
96
117
157
113
151
94
49
9
115
80
81
29
163
152
161
142
38
173
102
32
49
67
74
55
138
47
4
106
196
34
173
144
35
60
196
77
127
70
180
89
38
51
19
38
34
156
195
85
2
87
190
172
131
67
26
101
15
3
180
173
190
60
32
191
105
29
111
157
78
162
145
106
148
181
130
111
120
10
81
97
17
4
179
139
110
153
7
6
176
40
42
121
58
74
26
118
92
28
24
98
30
199
159
136
58
42
89
132
106
125
80
119
193
138
25
172
77
90
61
93
178
26
42
27
178
168
151
0
32
149
140
146
165
73
127
95
113
110
147
104
3
82
107
83
12
116
53
49
69
122
33
112
9
13
152
158
109
146
58
187
131
181
152
145
190
188
136
171
112
173
110
47
7
69
119
33
79
142
89
70
73
12
127
122
144
13
41
158
196
27
176
17
71
39
182
146
5
27
28
175
114
163
69
29
27
81
80
197
174
53
67
15
133
181
186
46
101
110
199
152
173
175
116
24
2
15
180
73
31
179
143
41
122
125
44
95
10
3
56
171
180
27
85
121
181
41
31
26
122
77
63
135
115
60
170
178
134
73
12
115
175
71
102
59
69
6
15
129
40
79
198
95
70
30
61
80
30
179
145
152
132
157
166
136
186
84
168
44
79
121
92
3
185
84
76
187
47
25
122
174
129
89
140
20
145
80
21
119
138
48
149
53
102
10
78
70
95
20
151
106
155
99
110
69
106
150
30
91
11
68
193
18
186
164
190
192
54
159
11
90
176
44
6
93
94
184
197
109
20
191
5
72
20
108
168
6
85
136
40
96
175
67
104
58
134
188
193
69
12
110
1
93
185
98
161
188
158
179
109
34
72
74
134
130
71
174
180
138
102
79
173
190
77
40
107
113
137
151
177
89
86
98
21
173
11
199
25
142
27
63
20
176
12
193
126
188
144
135
64
99
73
79
113
17
130
32
94
11
192
135
137
142
39
181
178
126
1
190
139
31
97
57
132
20
198
127
151
186
51
138
31
39
187
123
41
45
161
120
181
157
78
112
22
105
156
93
147
91
175
85
170
11
195
20
11
105
57
169
16
15
75
163
156
106
166
136
193
149
128
139
20
90
159
64
43
126
49
132
22
168
2
110
107
190
23
139
140
83
25
91
155
65
29
182
125
79
9
138
92
183
1
53
143
183
111
57
68
73
105
56
166
185
36
181
177
163
199
133
154
31
114
120
164
138
37
56
189
74
157
77
119
126
113
42
74
135
91
159
135
38
130
140
63
180
99
39
161
152
184
107
147
72
41
13
24
88
183
195
96
144
96
36
69
189
196
158
129
6
78
48
109
193
14
140
109
2
91
72
135
71
22
10
66
139
137
94
115
21
166
53
42
60
181
59
35
25
93
141
24
97
20
110
4
118
2
125
67
185
135
196
102
46
148
62
42
51
127
134
40
70
88
65
55
123
88
184
12
143
162
172
188
60
186
189
8
8
137
89
71
164
195
86
114
55
71
36
185
197
133
58
107
95
47
99
162
128
6
28
61
97
45
30
71
9
34
26
197
29
153
22
156
24
147
106
24
175
67
167
122
108
49
37
153
188
0
135
137
31
130
6
129
124
91
14
6
174
90
137
133
31
140
182
70
120
19
182
28
154
100
115
177
156
182
149
102
161
190
50
151
149
72
32
157
28
32
58
134
191
30
134
95
124
71
23
121
128
144
76
33
76
198
108
98
90
169
84
61
154
63
94
48
45
164
63
141
117
119
6
1
79
64
52
117
198
190
4
113
149
141
73
36
9
124
182
48
73
125
22
195
195
93
169
112
188
59
135
84
147
70
116
196
26
62
104
187
66
157
122
154
115
95
96
152
61
179
54
73
197
94
192
131
7
101
102
115
117
152
67
14
97
111
105
156
101
100
134
102
164
71
35
152
180
168
182
26
43
63
134
16
123
144
166
74
68
43
105
182
172
143
168
184
77
134
170
51
163
84
17
122
128
185
125
95
78
62
15
69
153
172
100
169
95
160
132
99
180
2
150
171
126
53
186
182
1
9
10
95
56
44
102
82
34
7
178
164
165
116
190
102
121
190
67
8
195
137
37
155
92
0
169
39
190
197
20
123
3
3
165
130
9
63
184
2
30
37
72
81
108
143
192
16
65
24
199
25
21
15
38
85
153
87
22
22
65
107
91
115
197
95
103
146
66
137
100
23
40
94
74
179
79
10
65
184
115
39
116
1
193
14
98
110
13
92
90
164
162
67
146
99
156
18
52
170
6
135
78
117
115
40
84
70
51
9
189
90
196
79
182
154
34
171
190
153
85
19
176
61
125
90
190
55
29
47
193
181
65
20
66
127
93
109
67
142
123
120
95
168
128
36
186
49
44
161
70
187
21
199
60
30
39
99
59
146
58
28
48
113
95
124
27
2
168
74
49
128
164
116
139
161
91
65
11
66
140
124
134
104
113
93
26
73
51
178
133
113
104
195
183
169
109
195
198
33
25
2
28
118
193
0
79
111
193
83
156
97
181
145
105
51
20
33
14
115
158
100
143
127
66
161
145
16
175
46
22
57
61
187
87
157
102
144
29
158
166
182
75
146
116
67
44
120
52
127
196
97
155
180
86
129
118
50
26
124
47
160
96
197
30
135
62
122
104
56
193
155
14
110
187
186
124
158
58
36
76
155
113
45
126
118
21
66
111
42
198
104
196
61
88
178
97
75
29
119
82
13
129
122
132
15
177
51
17
134
72
171
7
176
192
173
188
62
57
143
120
20
34
96
159
194
17
75
130
115
96
146
192
194
158
94
190
28
7
130
184
56
186
112
99
19
133
75
33
97
62
108
111
94
104
63
22
58
112
45
28
74
148
93
159
147
151
100
158
42
43
124
12
103
75
32
114
88
164
133
143
18
88
187
166
186
46
139
149
113
33
28
29
182
155
174
67
117
126
175
90
21
184
11
178
167
96
166
17
67
25
141
164
29
98
27
171
28
119
175
174
75
199
35
88
65
3
55
111
179
72
20
116
25
81
53
181
109
53
127
124
111
160
9
140
22
16
126
40
122
71
127
152
141
159
174
16
32
47
134
23
105
17
30
145
113
45
28
49
156
165
78
191
2
94
27
50
178
24
120
194
182
10
23
156
10
13
82
19
86
67
37
183
75
92
26
5
146
37
61
19
8
93
16
158
102
21
9
58
108
140
118
149
62
172
51
16
78
197
123
91
185
43
178
180
182
142
11
52
184
14
149
110
165
169
88
61
152
171
150
193
9
137
28
141
163
42
15
16
118
58
68
30
171
27
64
66
21
195
118
194
71
53
7
7
184
132
11
176
123
43
101
50
59
146
141
118
84
86
47
39
149
24
57
190
17
40
162
20
20
118
94
35
75
116
70
41
52
123
60
26
69
113
36
41
88
148
110
68
76
22
55
113
95
61
199
160
31
45
86
198
72
36
64
10
159
161
128
41
181
178
136
105
80
9
6
83
115
155
178
58
158
149
188
147
8
123
34
184
16
78
15
141
140
144
191
173
160
87
7
57
192
84
194
175
129
112
142
52
89
18
94
118
143
39
40
144
53
6
85
154
114
135
105
116
116
15
64
151
50
74
25
128
32
142
127
34
180
24
10
151
77
134
157
82
107
16
120
124
1
139
93
90
135
68
72
127
172
61
127
51
41
103
49
23
161
124
139
148
188
15
5
80
163
131
171
28
93
93
160
132
128
6
181
3
76
137
15
99
41
150
87
6
152
184
187
149
119
97
113
114
102
24
187
75
143
100
126
54
123
120
36
179
191
35
186
187
21
34
76
83
198
5
172
149
141
59
74
155
151
50
21
128
119
55
80
13
174
150
16
141
23
119
177
190
176
61
39
92
197
140
18
36
79
71
60
90
58
195
188
111
124
27
181
82
32
128
184
146
139
165
109
77
6
85
41
176
105
137
161
196
145
122
149
169
89
23
0
114
68
28
116
12
130
7
82
132
40
104
175
44
194
132
114
2
4
126
89
22
62
195
92
21
141
64
81
86
102
170
78
89
198
138
198
55
69
155
146
130
2
129
161
50
183
120
50
112
108
30
94
187
41
142
155
132
5
114
58
64
4
116
2
139
142
169
22
115
186
66
137
128
177
65
162
181
7
141
58
187
115
1
34
19
72
151
2
22
45
4
180
35
79
64
31
75
38
133
48
125
140
178
42
57
98
19
62
75
189
94
166
150
93
76
51
147
175
49
22
61
136
155
3
25
169
27
2
151
27
59
32
63
0
13
26
11
113
11
81
192
189
152
49
111
30
25
139
134
192
98
99
54
43
57
179
24
56
81
22
169
9
182
122
40
152
63
52
168
41
53
23
134
196
126
143
57
58
174
24
184
89
3
140
60
178
4
121
124
0
62
160
15
35
170
114
186
34
53
13
125
79
157
180
36
133
133
157
55
172
6
140
46
85
147
37
5
193
183
151
128
43
85
171
35
166
43
36
9
193
163
32
47
8
7
172
131
60
137
23
158
170
181
165
148
24
84
107
164
68
78
146
40
95
90
108
3
142
77
20
81
114
21
146
32
85
160
148
81
45
174
160
43
78
112
109
124
87
195
58
101
22
189
38
169
7
147
71
169
119
108
166
159
72
182
79
173
173
59
14
58
157
31
77
168
52
121
194
5
173
179
141
51
132
32
183
110
143
154
127
162
149
69
198
135
199
179
50
2
171
76
71
129
159
145
129
130
26
78
199
56
126
2
33
187
26
188
82
4
36
195
152
10
43
58
104
43
83
15
151
131
34
71
91
138
95
95
113
5
114
169
47
11
46
57
137
106
155
27
1
54
89
92
111
165
135
121
120
194
137
31
91
51
71
24
47
89
50
143
32
165
177
24
48
89
186
111
186
114
189
107
73
32
66
151
71
111
139
101
147
77
179
47
138
152
110
195
165
51
138
26
131
77
43
6
93
167
13
54
143
184
146
79
127
47
67
64
14
59
147
90
115
106
8
154
7
69
194
85
163
28
22
39
53
107
76
183
146
32
195
67
173
192
15
3
5
46
161
165
5
31
29
12
85
77
17
109
94
37
193
193
187
159
55
48
43
138
119
176
98
121
25
25
199
150
72
164
161
169
87
16
146
134
163
56
134
120
164
140
100
21
5
179
139
80
3
90
24
61
170
187
163
173
122
93
178
150
64
60
141
109
169
69
153
19
178
145
24
178
92
107
133
130
75
55
5
188
109
168
65
50
87
102
72
48
82
115
81
20
13
33
151
158
148
9
37
91
70
138
144
100
133
53
28
62
135
137
79
166
153
167
105
11
130
124
93
159
37
142
17
19
65
77
49
199
179
0
107
35
131
89
91
188
20
198
190
70
172
189
123
34
83
27
61
149
185
129
62
126
192
171
174
169
169
190
81
172
98
30
14
149
101
73
131
198
91
188
38
150
135
64
87
29
32
183
153
132
102
57
159
39
86
150
3
64
16
143
41
145
94
14
187
62
143
174
174
188
49
1
185
186
84
132
165
35
3
113
56
196
94
16
156
48
3
146
28
54
84
197
119
27
17
133
141
82
30
149
110
141
47
57
18
38
159
23
43
78
40
50
175
113
197
43
81
13
116
52
31
37
39
194
182
198
73
135
137
197
150
136
65
58
3
42
118
70
132
52
164
84
124
153
49
63
55
148
122
64
196
136
13
194
78
3
33
45
114
71
66
146
90
5
1
41
128
78
16
77
6
87
51
145
154
40
114
34
64
185
51
48
183
177
12
97
197
165
110
52
22
154
77
47
176
199
20
102
130
193
53
105
42
132
166
184
38
91
159
5
19
5
32
70
129
4
160
14
104
147
64
88
75
83
86
199
42
50
181
196
93
177
169
68
156
88
80
109
93
56
92
6
165
28
85
64
63
77
148
77
114
25
67
180
164
199
175
181
117
18
79
95
118
96
143
156
176
13
125
141
185
65
76
183
106
2
63
178
116
151
69
106
96
3
10
148
85
26
175
143
68
179
8
124
152
10
27
139
154
41
193
131
136
74
60
30
69
28
16
71
60
95
126
33
86
149
35
85
51
160
80
167
37
42
99
94
72
13
74
22
77
183
135
76
78
153
103
149
36
28
61
131
196
105
140
45
104
196
185
170
57
52
15
186
18
170
19
145
48
43
184
33
70
131
61
195
5
88
162
73
153
176
66
115
158
136
18
132
9
187
8
8
67
171
15
36
24
174
94
98
38
40
32
112
113
153
166
12
147
163
0
94
89
67
12
42
176
169
61
128
174
45
124
138
174
16
108
41
19
124
127
141
93
129
110
151
146
150
22
68
115
176
22
184
111
1
181
60
6
136
8
183
75
96
193
108
61
176
83
197
55
159
154
44
26
26
120
114
76
132
1
158
138
185
0
19
137
110
26
38
90
96
96
115
92
39
107
139
44
111
80
124
103
140
187
157
136
183
7
68
92
17
163
23
123
66
33
3
193
102
16
156
82
22
113
49
173
151
158
43
167
88
190
34
128
29
54
84
155
163
42
195
126
160
8
58
82
128
173
148
116
142
145
24
162
101
62
133
57
162
54
78
171
73
162
171
198
80
119
84
23
35
82
58
158
85
4
171
59
87
49
153
134
89
91
177
172
10
187
91
61
38
111
18
27
163
127
186
157
151
194
57
33
26
46
100
80
164
148
63
162
59
129
128
179
42
88
56
174
9
141
55
37
77
21
107
131
181
26
165
168
112
147
48
188
14
55
166
103
185
66
57
52
7
176
123
118
87
166
187
139
134
16
125
85
197
69
108
23
97
110
126
125
102
190
100
100
192
188
173
24
176
171
54
68
64
34
16
148
91
39
117
175
148
175
24
73
153
113
169
164
131
136
130
134
157
159
58
37
135
119
75
183
118
11
121
31
97
173
137
33
51
105
99
87
112
143
174
132
197
14
167
133
25
92
157
8
154
34
133
172
109
100
133
24
6
158
30
32
56
10
3
1
97
127
176
174
21
155
105
11
110
0
105
87
125
13
180
94
7
59
17
116
111
128
7
158
108
153
114
27
111
15
2
56
147
84
1
112
160
144
103
130
182
140
20
36
131
127
129
150
58
70
51
161
32
174
21
175
76
182
16
52
74
72
178
89
19
70
145
9
77
49
138
173
11
76
67
146
9
55
40
10
94
104
102
16
13
27
194
53
82
66
181
103
14
136
167
41
183
40
4
22
184
27
111
111
144
29
18
188
89
113
199
7
63
163
134
140
170
59
196
172
130
178
20
169
151
140
29
188
130
101
143
122
52
9
10
125
153
36
54
119
135
136
161
113
81
188
152
17
3
105
70
130
145
168
18
77
192
199
39
118
33
83
189
81
158
176
120
147
34
171
194
13
89
120
74
107
72
7
168
91
43
66
115
145
2
177
169
8
199
14
27
66
166
173
147
8
17
171
138
165
15
104
98
84
137
198
181
107
161
41
65
79
71
169
112
183
177
154
64
172
53
125
11
13
23
183
180
98
106
87
151
39
109
29
187
192
147
62
8
67
134
28
167
152
18
98
50
5
74
157
40
23
97
7
149
91
46
53
20
155
93
143
114
172
38
0
33
43
53
19
53
152
21
101
110
195
97
106
115
90
49
160
135
180
13
80
115
80
41
11
16
191
141
24
95
17
120
19
31
83
72
114
153
69
33
153
28
178
24
173
184
145
138
150
169
16
198
45
2
128
67
77
187
75
79
78
113
162
94
84
41
27
139
182
40
192
70
82
114
11
58
142
45
117
130
170
105
174
119
185
62
126
152
39
2
58
31
196
102
115
132
149
99
40
184
132
142
163
144
94
134
17
172
26
70
115
131
10
11
114
101
122
155
127
45
101
104
176
136
38
160
15
182
44
2
188
60
71
63
11
68
23
35
16
114
29
39
159
83
144
44
144
164
185
181
31
124
163
97
10
111
73
180
195
144
140
122
5
67
164
63
108
4
51
22
101
47
169
195
5
61
154
71
109
79
132
144
34
19
77
186
51
96
193
167
11
135
128
30
31
176
22
66
50
86
125
122
171
0
61
104
160
149
115
185
44
35
167
184
155
68
79
47
23
166
185
171
139
78
174
58
100
8
146
164
112
45
152
67
142
41
59
57
189
175
159
140
9
20
45
185
112
37
45
10
82
14
54
77
127
184
49
75
170
110
180
48
19
13
82
174
131
77
63
17
184
120
89
191
48
101
107
14
163
145
27
105
145
84
187
57
58
19
197
132
92
176
127
100
87
130
141
126
53
137
126
109
181
2
159
100
198
187
12
189
81
29
21
128
111
3
149
18
193
43
85
41
7
15
127
98
40
80
95
120
56
145
20
58
15
187
60
191
30
34
77
56
69
27
96
122
16
152
159
70
152
90
95
127
165
138
97
176
169
172
155
95
160
104
84
66
4
6
188
188
77
181
65
164
53
105
70
131
65
23
190
32
75
141
78
177
148
163
25
8
0
56
69
152
138
131
34
42
190
151
35
176
181
25
109
101
147
33
140
104
156
35
53
27
141
161
62
108
112
103
186
7
151
194
112
29
1
109
179
70
26
98
93
23
84
130
4
55
156
121
166
140
143
25
113
197
52
41
187
107
3
25
112
25
162
141
58
181
161
28
83
170
131
44
134
3
69
83
75
174
123
12
57
75
166
100
77
104
114
1
161
186
75
30
120
82
63
109
134
18
22
42
61
114
7
15
98
195
13
121
69
62
190
150
143
154
131
18
174
25
115
197
76
86
139
10
166
190
136
126
32
192
189
91
62
81
56
1
181
120
38
16
23
139
135
100
182
60
124
21
104
108
173
57
64
163
63
33
37
65
107
125
148
91
145
148
17
197
147
157
3
16
166
67
149
105
19
8
32
110
5
49
118
29
34
90
193
131
52
150
82
22
18
180
110
80
103
65
155
40
132
175
184
199
185
167
42
139
142
184
146
171
128
123
36
168
8
34
35
116
77
69
24
19
89
185
90
114
185
30
175
16
14
139
8
143
193
167
178
71
124
111
73
48
67
135
87
81
129
111
122
34
190
68
60
26
38
23
84
182
165
110
2
159
63
125
47
79
188
113
114
31
48
185
87
168
9
17
139
36
121
12
195
80
36
69
105
41
131
106
184
71
142
198
199
90
129
57
1
40
117
191
174
17
47
130
146
7
134
68
131
149
142
