1009	113	40	1
166
108
91
22
73
35
136
197
160
105
43
89
21
117
146
112
31
27
56
75
136
181
29
8
22
71
158
130
33
115
1
132
144
65
56
117
112
48
143
108
81
42
171
77
151
25
1
84
114
63
153
110
194
36
125
120
124
153
57
87
9
121
145
22
177
159
193
85
195
57
173
78
87
52
46
44
35
34
118
52
166
151
104
157
84
90
175
84
47
6
177
40
102
87
199
85
53
9
52
132
88
68
103
23
13
173
87
193
133
134
99
148
95
6
59
77
98
107
86
74
180
107
65
59
67
105
192
190
183
125
124
44
91
117
97
74
94
167
43
170
162
137
13
95
160
39
157
112
166
35
159
11
175
163
68
67
93
156
23
116
197
117
101
3
87
174
182
107
136
71
60
2
30
37
143
186
175
55
26
195
22
63
102
173
12
107
56
180
199
171
98
196
177
22
139
196
120
45
75
127
141
185
168
149
107
168
46
48
118
90
142
98
118
130
46
100
6
64
169
97
21
155
50
82
177
187
58
114
163
109
116
169
74
176
193
183
79
173
22
158
27
163
86
97
161
0
188
171
27
60
153
160
164
182
86
49
39
34
167
139
139
163
52
30
28
178
189
179
54
64
194
159
128
152
100
125
123
37
140
119
70
131
85
156
71
58
96
53
184
85
44
18
52
17
48
2
13
169
39
7
163
102
103
176
122
187
150
40
113
110
65
59
146
59
26
97
131
195
45
91
160
65
63
75
19
165
12
80
138
42
180
78
2
106
112
180
13
193
191
31
6
166
16
28
109
38
107
83
139
195
88
183
11
10
187
74
107
90
27
197
30
88
142
196
112
48
131
144
61
102
83
191
158
26
52
110
65
49
196
198
100
16
14
60
197
60
116
2
177
21
146
4
143
145
178
157
112
12
138
160
46
5
62
18
174
20
59
36
115
48
113
198
89
189
51
159
42
58
183
17
72
81
12
186
176
47
93
117
79
51
121
190
180
131
60
5
185
138
158
178
32
119
14
111
190
54
163
51
30
129
70
2
173
42
39
90
125
71
50
96
40
152
142
185
19
4
186
93
124
111
116
5
2
81
111
45
16
128
1
189
181
69
79
41
99
12
29
64
33
189
157
42
23
47
82
27
86
92
91
148
122
160
87
81
182
171
137
12
34
54
105
160
74
2
140
10
14
196
18
130
90
108
66
64
121
85
44
96
131
119
10
40
72
48
4
81
159
129
79
192
184
52
105
73
107
172
3
25
91
165
59
2
114
74
149
188
105
149
70
14
196
88
85
155
105
11
111
161
99
151
149
22
199
167
155
67
34
126
79
18
125
59
68
140
86
65
187
195
180
35
53
6
191
149
159
187
33
117
195
126
45
0
159
136
67
137
52
75
52
197
116
49
152
66
129
109
42
150
86
1
197
83
149
190
54
32
53
154
77
123
148
100
168
90
89
115
102
121
111
52
30
181
167
27
129
159
45
16
130
124
124
194
137
154
49
138
30
85
65
142
24
96
40
166
130
15
39
187
46
104
185
67
10
2
34
146
52
109
61
58
34
121
144
59
98
163
70
109
131
170
57
74
39
192
113
1
5
156
62
5
199
12
86
156
69
71
139
75
195
136
20
31
94
151
142
46
95
26
47
68
73
105
199
97
165
55
92
160
103
156
176
3
92
39
153
122
43
105
37
186
197
5
95
178
106
3
170
40
73
148
49
154
180
127
121
129
118
106
68
128
50
77
35
90
33
96
79
121
63
164
108
11
91
71
18
71
25
153
1
78
118
60
8
44
128
56
114
181
111
4
94
68
139
9
90
135
179
168
68
134
71
196
116
59
19
178
64
3
17
101
77
98
98
30
184
189
152
104
23
57
187
73
102
73
166
61
129
108
53
5
115
29
166
188
25
196
57
178
190
2
45
130
124
153
96
110
28
2
138
66
162
89
31
118
32
186
191
37
117
95
188
154
169
89
151
82
80
35
183
148
136
47
64
149
33
56
116
185
89
102
184
92
16
32
78
126
199
52
50
100
40
2
179
67
97
111
16
64
163
157
132
195
26
183
191
50
24
169
43
90
26
150
40
128
158
12
108
149
95
3
123
127
24
131
14
45
113
58
147
75
104
20
193
3
71
165
46
5
69
58
112
69
196
190
132
106
151
168
102
175
94
65
13
59
143
108
138
3
27
71
197
79
58
13
100
153
43
157
58
121
196
110
95
86
51
25
41
64
23
48
199
89
102
109
78
161
99
115
74
153
123
193
18
71
61
141
73
104
84
109
189
180
154
32
141
50
130
11
187
