744	102	35	2
154
130
0
89
74
52
79
161
198
99
145
158
84
144
18
184
3
86
25
17
21
158
102
81
90
157
140
184
62
69
50
15
9
29
59
27
95
110
165
127
174
115
15
76
69
131
59
8
117
31
35
89
31
50
191
12
164
114
141
143
12
178
34
87
6
57
156
166
38
131
42
60
28
169
59
153
129
55
115
13
197
59
164
140
148
125
169
81
103
143
78
78
62
106
35
69
59
26
103
15
50
31
105
126
84
178
194
144
155
184
167
27
144
78
26
23
152
9
119
13
69
40
84
114
160
137
26
47
28
148
161
137
71
96
88
128
50
128
145
158
127
34
170
181
17
156
160
61
191
67
134
106
123
81
164
150
167
138
19
136
39
115
140
8
65
128
152
5
145
113
18
198
169
136
113
113
142
137
130
115
166
142
2
189
93
22
104
55
70
138
81
91
150
196
149
33
37
164
167
139
6
24
155
188
70
111
119
193
81
58
180
164
183
31
30
49
118
4
54
40
193
60
73
54
118
97
81
63
166
87
33
188
53
81
94
140
9
146
105
67
103
81
193
52
169
106
70
164
59
181
48
101
53
6
118
171
163
192
178
71
152
150
33
189
146
8
81
44
174
142
115
49
84
108
103
160
29
26
71
41
57
199
116
43
141
74
36
79
49
164
54
28
56
93
156
26
152
161
102
149
90
119
184
168
171
70
193
187
89
148
156
107
105
181
108
109
165
92
25
103
108
9
143
82
193
135
29
71
13
97
139
141
199
80
20
52
154
43
75
42
72
172
178
176
162
27
78
8
169
153
6
5
103
67
138
150
151
105
65
48
51
194
154
135
155
6
68
129
139
48
137
16
110
189
21
146
87
173
77
39
94
29
98
126
183
95
76
147
190
191
91
57
191
10
129
16
194
29
84
123
91
15
175
18
135
116
0
31
59
152
188
6
87
52
23
197
88
31
152
142
155
132
184
30
116
148
139
115
134
152
39
94
110
46
97
10
16
181
184
17
19
110
57
146
192
193
1
16
93
9
137
146
65
77
19
146
136
60
35
21
21
156
57
86
191
31
99
143
116
179
104
13
147
61
127
142
46
137
85
90
4
136
117
19
172
46
49
123
53
198
111
113
27
181
64
87
67
112
186
114
96
115
132
135
30
152
89
39
92
151
70
71
135
96
86
174
41
42
142
75
72
167
26
3
90
166
5
108
22
12
96
41
46
137
146
51
170
83
189
152
158
169
9
194
139
61
74
190
58
174
37
96
124
113
8
96
80
100
6
155
108
144
66
160
156
104
123
28
169
2
86
141
112
48
90
184
179
11
108
120
157
38
170
196
167
122
173
139
104
35
39
110
113
102
172
106
118
77
22
16
72
33
32
99
63
67
172
22
101
39
24
15
110
141
114
188
115
5
164
8
62
118
76
146
192
28
98
179
102
164
116
42
122
197
87
29
46
172
187
118
75
99
1
144
55
104
89
108
197
30
171
28
63
18
47
75
54
52
121
88
106
184
156
45
133
96
127
184
17
16
100
117
122
181
109
22
38
187
90
184
121
1
5
83
198
83
55
158
151
12
83
148
77
118
104
119
11
112
116
23
157
18
27
151
150
152
175
189
23
57
177
156
43
195
46
0
47
100
70
197
71
159
85
123
83
154
148
186
9
160
82
167
149
47
75
8
195
152
139
194
28
31
44
180
