3924	143	89	3
71
16
18
41
164
57
12
137
191
75
25
1
20
106
112
157
72
72
37
162
109
161
68
27
173
11
181
147
127
79
82
65
166
192
60
121
119
87
90
100
195
113
11
70
51
6
139
64
170
198
170
122
20
65
122
191
92
179
135
164
122
43
113
174
84
15
68
191
171
158
89
149
7
193
141
39
5
159
15
181
124
99
143
147
151
76
178
193
68
81
90
162
91
31
58
143
195
104
104
88
70
41
51
94
149
137
163
56
62
65
167
8
177
21
186
32
186
37
39
151
153
184
76
138
54
38
67
137
119
63
162
127
84
94
196
69
9
132
65
196
98
186
40
180
6
22
141
182
58
17
30
11
7
36
175
183
37
12
117
62
54
145
24
33
71
166
9
108
161
158
115
151
118
100
46
199
63
12
126
184
114
188
98
106
65
129
120
14
142
111
167
163
162
176
44
0
29
168
190
0
23
19
141
126
133
100
60
147
112
146
127
139
199
49
96
160
52
59
196
161
148
65
90
180
160
26
92
67
9
46
198
181
0
183
43
4
115
45
118
142
132
37
126
178
116
157
155
113
188
70
157
7
116
38
117
28
20
170
91
124
15
29
149
119
0
103
49
69
61
140
129
106
32
15
166
146
181
3
144
49
45
55
9
25
48
20
49
105
34
44
196
63
44
88
160
26
91
165
43
78
46
21
185
188
40
6
130
61
70
185
66
60
139
24
59
37
38
133
85
94
29
60
69
176
75
92
75
145
85
31
29
2
114
115
177
56
184
108
48
34
155
184
142
197
25
183
118
151
113
133
123
70
34
198
97
100
72
141
177
2
193
72
3
22
5
179
118
26
60
191
171
82
33
143
120
106
76
191
144
34
182
194
71
103
45
166
171
190
80
6
111
0
92
20
177
173
108
88
163
70
31
90
191
51
139
136
187
158
64
156
156
106
24
158
134
179
34
81
185
51
29
84
176
30
178
167
3
11
10
152
53
104
78
161
0
161
158
40
3
12
81
179
109
68
179
77
4
63
117
130
102
70
149
99
9
106
198
110
102
93
115
197
39
68
133
113
113
79
124
114
181
129
106
38
49
11
139
45
140
56
73
133
150
12
172
198
77
182
78
107
84
79
172
19
182
181
32
164
96
65
163
68
93
1
161
43
59
91
21
128
138
184
51
102
85
192
196
18
97
47
148
140
138
91
199
8
189
129
90
48
56
132
71
183
126
97
24
69
135
57
148
162
147
12
95
153
119
22
163
3
80
33
149
60
109
151
195
22
129
130
81
39
29
51
186
34
4
19
12
32
16
128
36
112
123
15
104
90
120
67
116
148
151
16
60
103
31
175
65
57
117
46
175
71
43
42
106
111
77
124
88
96
148
37
106
110
29
79
100
78
196
154
132
42
137
176
183
113
61
142
119
118
102
63
161
35
174
30
82
139
106
111
138
97
30
51
8
80
78
167
93
159
127
56
45
32
139
197
16
38
124
16
64
153
104
58
42
8
114
186
30
145
73
114
52
167
10
39
100
1
113
3
96
123
133
168
182
44
161
186
52
171
86
10
152
118
158
3
48
32
155
75
99
126
198
72
195
183
60
196
194
30
35
30
145
109
114
6
184
64
78
173
87
98
113
135
67
64
20
38
45
97
117
140
4
174
60
36
34
36
48
158
84
74
71
190
163
177
194
23
16
136
174
25
53
145
199
43
30
116
119
47
78
93
149
2
45
36
144
84
87
50
2
2
48
35
34
61
132
4
57
150
131
129
150
49
1
131
22
163
4
53
67
194
110
162
173
88
67
37
134
50
36
181
198
59
106
138
31
32
150
80
139
56
36
135
98
18
56
164
120
131
121
88
171
106
131
115
194
170
49
37
128
100
126
177
56
69
124
38
99
179
110
67
141
56
176
126
125
25
150
17
67
102
58
161
12
133
183
53
128
197
51
7
157
60
153
42
60
13
12
105
1
130
8
31
73
26
137
177
68
192
191
52
97
16
178
116
153
189
183
146
11
28
93
193
167
55
161
133
30
119
77
152
102
81
15
42
108
3
53
85
58
148
119
123
120
149
125
140
190
184
183
183
152
107
132
124
66
169
161
4
19
94
11
174
198
196
0
95
58
158
168
77
44
81
25
152
115
106
143
158
121
72
163
65
1
143
106
79
131
14
15
189
165
158
187
184
68
63
183
163
80
120
28
102
93
163
26
73
141
155
85
69
187
146
70
11
123
76
110
155
118
10
101
115
73
123
96
26
196
189
24
48
32
116
167
4
18
69
54
81
196
98
194
30
75
59
181
177
35
164
121
175
142
80
79
18
83
82
86
8
11
100
71
36
128
71
60
99
78
37
129
173
115
54
91
173
107
29
20
87
187
142
193
101
167
166
147
47
88
7
89
85
37
7
143
137
90
172
152
158
190
46
118
143
86
104
170
21
95
20
55
161
73
187
129
194
158
150
83
92
82
125
54
102
165
105
45
181
76
23
69
74
141
179
130
44
113
102
109
4
164
22
74
164
23
193
149
186
39
182
60
31
198
0
80
190
48
191
133
11
88
149
161
58
144
10
73
137
176
12
31
147
141
86
168
50
187
36
138
168
61
96
114
138
1
60
179
66
49
85
187
103
140
161
23
83
91
101
119
193
150
92
85
33
47
24
182
33
79
118
107
177
93
10
137
51
181
118
156
38
125
40
34
14
98
127
180
105
57
49
24
8
65
181
177
176
158
55
24
148
145
102
76
185
58
62
4
69
96
34
22
125
63
10
8
146
0
172
75
175
6
2
151
162
132
152
17
12
37
25
34
135
163
141
97
19
49
41
89
197
36
179
61
172
188
47
127
129
32
107
160
146
47
132
113
83
11
179
72
123
160
112
71
126
19
9
135
60
133
55
130
173
135
157
45
71
39
53
116
134
184
97
39
142
120
59
154
16
178
42
83
47
124
161
20
190
196
86
121
159
91
132
147
90
179
181
43
145
21
175
114
197
75
129
165
6
108
43
198
187
158
8
37
148
13
65
142
33
193
14
59
194
46
19
130
9
190
198
18
39
57
193
63
170
44
32
37
80
79
144
96
130
41
177
146
16
70
186
46
125
40
104
114
167
19
162
145
109
58
180
198
197
16
142
61
193
129
73
163
29
87
13
150
112
120
50
150
117
180
81
91
109
36
165
49
18
94
68
22
74
61
52
12
126
117
60
145
86
29
0
107
108
5
168
10
97
159
102
110
127
98
178
119
37
121
11
148
184
74
180
187
84
18
41
94
183
37
45
7
166
132
154
154
143
184
179
9
97
34
185
173
180
189
56
119
9
91
54
127
37
187
112
44
176
92
64
26
148
92
30
162
76
130
138
75
170
33
196
182
85
157
136
143
174
168
49
15
133
125
185
103
61
110
186
95
160
81
36
84
176
29
187
183
92
18
44
138
59
15
85
63
39
117
110
65
161
104
80
187
62
125
168
23
35
191
15
54
170
124
17
118
24
61
145
51
58
170
93
84
68
35
107
110
173
12
24
110
50
160
136
127
174
158
72
67
195
49
59
14
56
145
20
198
175
71
177
199
130
13
41
4
177
180
114
168
186
87
121
82
61
13
15
150
3
100
12
63
195
121
122
43
112
180
129
144
19
39
114
66
144
47
179
150
183
148
126
112
90
35
150
73
134
106
15
181
104
59
120
120
37
130
56
137
101
144
58
150
134
194
119
135
113
20
111
135
106
199
123
68
121
162
114
184
64
124
197
16
161
31
33
25
142
8
73
155
68
43
126
22
188
4
180
185
31
176
89
153
150
66
77
166
20
161
25
2
88
159
133
58
138
84
10
55
193
137
25
118
183
16
174
91
82
176
44
93
72
135
94
26
134
112
0
75
93
189
144
91
18
86
92
145
80
38
72
156
131
182
100
78
92
75
104
145
108
27
85
175
79
69
50
30
87
142
23
183
10
112
66
191
57
149
91
7
141
153
6
94
16
22
69
143
45
32
55
141
46
24
177
130
152
175
168
103
45
192
104
22
109
168
195
123
74
49
9
177
159
137
153
57
11
146
122
196
64
11
184
18
195
132
14
107
192
151
44
35
107
105
101
123
108
151
112
2
96
174
145
171
41
51
116
135
194
9
37
59
112
0
70
172
32
194
150
31
17
50
170
69
86
110
75
59
107
75
125
128
32
63
95
120
111
65
75
118
142
141
179
94
90
3
46
199
48
111
182
16
161
52
39
106
17
42
39
106
4
70
180
154
198
136
126
181
117
96
163
41
142
138
64
58
24
113
107
16
120
7
74
154
26
113
143
4
82
25
139
44
60
94
195
99
118
71
172
94
183
132
63
124
28
45
137
138
7
44
153
154
60
197
62
179
26
70
93
153
2
185
12
189
120
134
102
87
43
197
163
111
98
178
131
4
132
1
192
52
68
129
157
122
96
181
38
45
132
181
133
124
176
179
78
160
27
17
152
178
90
25
145
92
128
140
92
36
172
163
193
114
26
36
170
82
79
4
190
45
149
27
92
146
6
14
37
10
144
77
157
33
198
52
120
96
23
47
6
72
158
15
26
73
149
145
133
128
86
182
65
95
71
141
109
22
1
163
125
119
38
157
178
47
44
5
173
57
2
152
163
196
174
8
78
21
97
189
57
191
80
38
61
150
40
101
4
44
132
33
1
83
94
29
186
1
144
53
196
105
21
17
138
181
34
58
33
17
2
2
82
60
130
176
124
88
138
144
134
88
12
34
15
169
61
113
146
57
53
59
9
60
125
128
44
198
59
51
166
139
133
5
117
193
176
1
180
71
155
163
78
79
13
138
89
70
168
188
101
77
152
57
152
88
36
143
71
11
40
148
75
29
20
131
117
20
157
13
15
184
158
0
161
180
131
102
189
22
73
68
199
88
189
3
180
111
32
36
135
121
11
35
2
148
149
118
63
65
102
127
10
55
55
85
66
179
73
113
69
13
94
20
61
127
39
78
67
86
187
145
70
187
49
140
80
11
59
83
14
114
7
44
153
31
123
85
30
129
196
24
78
127
146
184
130
116
196
134
8
153
171
44
171
157
14
154
97
72
10
143
38
61
43
111
160
53
132
107
16
184
119
87
164
159
41
156
75
77
61
110
142
132
19
55
79
163
189
26
9
93
30
108
68
61
191
125
83
85
96
165
84
110
135
25
35
122
32
156
83
37
73
146
75
98
88
24
168
90
19
143
84
175
52
136
3
55
111
25
62
187
82
109
199
175
48
90
159
28
57
12
191
97
138
151
1
49
188
170
130
149
196
14
142
66
182
53
112
189
94
80
85
195
133
81
100
101
149
159
84
49
194
40
105
164
36
177
53
107
125
8
103
184
3
19
123
121
186
137
46
21
185
173
20
192
152
52
87
174
195
196
134
20
5
124
24
138
45
99
91
172
85
24
110
120
53
0
15
162
123
167
1
186
4
117
166
40
196
98
173
110
198
100
136
163
56
44
85
71
175
2
55
42
98
117
128
48
117
100
85
7
117
82
86
49
18
172
25
108
6
38
170
55
73
108
112
48
62
29
78
8
190
161
77
127
143
75
163
68
72
73
43
181
20
168
49
13
40
109
143
195
3
6
72
111
161
39
160
127
108
121
167
72
175
148
193
169
24
197
131
144
74
187
147
184
164
36
100
66
50
44
173
8
142
69
21
153
146
154
110
70
196
181
91
179
38
17
119
121
98
33
123
81
159
111
139
35
154
137
197
28
107
46
151
46
170
199
53
57
103
192
180
103
84
125
70
190
167
66
186
38
111
170
175
18
162
193
85
27
48
125
72
56
88
111
153
66
70
80
123
164
37
118
7
104
182
14
37
36
21
147
176
91
5
84
84
79
160
116
38
108
188
51
176
73
53
42
111
24
43
12
187
77
56
175
107
11
88
98
27
49
69
121
11
19
14
195
77
101
156
197
98
130
145
95
73
67
101
68
149
44
62
175
98
176
35
112
36
180
149
166
140
161
171
31
168
35
136
43
22
15
107
71
5
17
147
197
88
27
93
104
7
153
100
61
99
73
163
189
118
105
153
143
125
185
154
34
132
95
102
96
132
153
65
158
179
92
94
121
96
115
73
154
97
100
111
82
99
37
28
161
61
132
137
183
162
100
71
157
113
26
69
46
82
175
145
120
88
97
167
47
149
113
92
168
126
49
109
50
125
143
185
168
125
50
135
179
77
198
21
53
20
178
191
145
13
190
120
94
63
49
128
82
164
193
11
3
4
44
49
121
77
19
175
71
145
23
153
64
29
35
50
174
97
169
50
45
80
169
146
135
94
147
199
128
105
37
17
42
125
1
79
59
112
198
161
90
159
127
106
56
35
48
144
123
12
124
32
166
64
108
187
12
175
74
55
60
134
67
91
30
191
171
180
180
145
59
21
84
17
157
158
81
197
72
19
41
97
135
23
105
160
155
6
172
120
129
124
131
194
159
93
70
180
143
162
8
117
102
4
41
125
182
65
166
174
31
160
171
155
29
18
0
84
75
183
17
195
85
114
127
30
59
35
108
41
97
31
156
119
43
101
158
149
198
7
10
19
178
91
5
176
4
13
176
65
95
100
127
101
194
142
157
24
53
128
100
26
157
189
122
27
135
178
119
110
57
4
139
199
92
143
108
42
70
53
69
138
195
15
19
90
84
186
73
123
64
121
91
107
6
98
7
150
29
64
119
100
187
149
171
15
49
26
68
119
167
124
132
35
156
92
96
70
158
108
47
180
72
1
12
152
178
161
71
76
97
162
59
115
119
109
88
46
85
125
88
25
69
176
79
25
117
25
115
149
77
71
123
46
58
197
52
133
123
183
71
151
104
14
150
127
186
40
141
64
133
199
197
125
43
44
155
48
50
16
120
123
45
47
114
118
65
153
127
93
109
46
113
197
85
173
61
180
8
186
126
106
108
82
38
79
164
116
53
2
16
197
26
92
34
72
182
87
137
120
144
46
182
12
91
2
124
54
19
149
141
183
54
119
111
107
8
99
109
132
143
78
105
62
21
19
0
166
76
141
22
7
156
66
112
43
63
161
41
83
53
96
44
131
75
116
136
93
39
197
193
80
159
133
35
181
39
30
146
141
80
133
61
82
54
47
17
89
2
94
65
105
198
31
82
3
48
60
93
109
157
73
142
197
39
29
122
134
113
7
93
138
31
82
73
181
18
79
98
9
49
6
95
123
131
64
51
10
169
99
33
47
25
171
150
133
29
146
48
174
33
148
157
160
147
97
54
123
38
31
18
151
198
116
119
22
120
77
107
67
50
182
185
70
101
79
126
190
195
166
83
9
19
199
118
99
18
93
1
128
139
83
84
8
111
196
133
38
56
115
142
76
143
128
111
71
149
56
34
27
39
192
70
19
98
141
91
95
126
74
37
50
104
199
35
190
183
75
22
143
111
78
127
89
180
78
153
62
158
92
110
128
179
113
182
175
155
90
121
96
101
157
110
91
30
135
164
143
137
36
77
100
10
2
59
84
93
99
162
118
156
45
182
185
125
31
189
162
73
170
156
42
73
2
192
7
76
7
163
38
3
100
191
73
29
99
62
106
166
155
63
196
42
72
101
162
80
118
97
104
73
137
168
114
112
155
176
196
59
195
44
190
88
94
22
44
75
149
92
136
3
163
51
20
117
137
48
64
31
128
6
76
55
27
65
187
4
38
121
132
42
198
178
6
43
151
8
7
177
92
8
81
184
87
178
41
8
93
91
110
168
172
158
123
70
107
2
8
115
47
39
91
163
174
130
167
42
98
32
6
10
164
143
9
33
25
16
0
79
6
57
120
142
155
95
88
194
7
192
199
7
193
95
143
50
181
88
94
24
131
91
103
146
96
21
44
186
47
114
77
104
104
72
58
189
3
140
168
56
42
135
92
174
168
19
26
140
17
48
120
65
79
68
84
63
110
110
46
64
5
83
195
132
129
10
136
16
104
122
135
139
63
27
73
179
144
121
64
133
92
93
24
16
81
55
65
34
0
46
67
173
158
167
199
138
180
100
174
93
69
147
161
136
123
32
195
82
39
189
47
88
107
45
25
19
142
48
156
10
195
40
192
54
62
51
101
179
85
9
120
143
126
13
169
19
194
65
7
198
126
137
9
17
178
122
154
77
169
4
47
193
147
177
88
135
34
98
40
62
15
23
179
106
120
99
60
159
9
171
88
157
123
163
114
117
37
193
116
114
46
53
102
51
29
181
158
125
173
24
69
69
64
96
2
98
166
114
21
185
66
74
58
90
137
87
111
192
56
53
180
86
98
18
63
117
83
24
48
114
3
169
0
164
138
121
33
187
28
77
97
68
34
161
153
161
173
199
68
173
87
68
87
85
184
20
12
178
121
158
98
35
185
74
172
0
130
198
60
169
175
184
148
188
92
166
1
86
42
193
141
177
118
88
7
91
180
65
57
183
181
186
6
69
186
174
142
124
92
19
135
112
114
183
9
119
62
131
39
101
117
160
69
111
112
62
106
164
43
156
123
128
18
153
185
138
27
1
177
189
68
131
191
148
26
15
118
198
171
85
109
50
9
168
57
116
3
98
99
36
121
177
150
56
164
191
40
192
135
191
194
31
174
91
30
25
154
19
4
176
62
152
113
129
18
94
188
155
57
159
150
151
121
21
110
147
182
8
118
137
27
13
37
29
6
191
10
27
39
111
74
134
189
7
86
14
85
197
52
137
32
3
176
138
159
74
182
54
165
103
191
27
90
30
86
107
80
51
142
87
92
120
2
191
146
119
128
77
141
9
130
97
162
160
131
95
40
159
195
157
150
25
71
56
152
14
88
190
104
170
102
63
181
40
56
85
139
5
115
90
110
86
133
56
60
171
157
163
31
117
73
179
11
138
138
46
42
122
8
18
25
138
198
40
55
