3800	150	49	3
168
154
176
82
57
166
152
159
44
172
126
45
65
197
32
86
178
27
181
65
73
66
108
148
13
58
185
50
16
99
78
7
124
22
70
180
139
20
124
52
14
38
19
186
85
39
143
132
29
34
136
184
8
147
151
105
71
117
112
6
114
96
63
111
119
164
120
77
169
46
110
133
192
38
149
65
150
67
116
68
90
172
105
95
6
171
184
52
138
112
7
22
163
80
24
123
198
143
130
96
78
113
17
143
94
161
73
167
105
108
122
56
68
13
117
58
20
118
13
41
12
79
177
151
95
102
102
62
4
188
33
72
88
136
49
133
181
90
51
24
23
166
151
143
103
98
88
197
17
110
89
149
144
8
163
173
154
24
115
181
134
15
64
10
153
191
98
156
151
158
182
136
31
61
198
186
24
135
109
91
7
121
192
139
27
61
192
4
87
178
61
171
174
171
100
51
46
98
112
55
11
73
127
43
99
5
123
144
170
104
129
34
84
97
150
72
47
146
69
40
116
118
78
140
50
93
176
37
42
157
39
58
90
174
81
69
1
11
170
162
1
64
135
61
106
12
23
151
178
124
70
164
171
193
147
5
173
144
41
61
179
156
67
58
138
42
9
25
195
193
63
102
105
180
172
7
30
117
104
36
192
191
142
94
33
8
1
193
140
49
91
135
155
12
88
58
30
121
82
133
173
125
142
103
103
127
99
70
3
56
187
76
51
159
193
144
41
38
34
76
74
172
177
47
119
0
51
46
146
119
1
3
77
58
147
122
62
87
105
52
94
97
173
186
33
119
28
16
89
47
28
155
83
189
96
56
99
68
38
27
146
23
153
33
37
108
26
34
26
117
145
166
180
141
26
147
85
148
195
120
187
119
145
178
67
47
67
16
114
28
134
60
147
61
191
161
26
159
47
92
135
48
184
72
78
55
110
58
36
185
169
69
36
74
63
195
103
31
78
170
81
92
127
70
168
63
182
96
32
175
38
147
98
170
178
70
43
106
149
59
128
20
91
196
96
197
129
77
114
152
166
97
92
176
141
36
37
159
3
154
59
193
83
195
158
96
49
116
142
108
100
99
127
95
52
199
170
170
90
49
80
55
183
27
55
5
141
155
31
49
50
147
126
151
178
65
103
53
196
118
98
80
45
30
5
6
177
171
95
7
112
133
117
192
28
90
54
189
97
70
105
11
126
111
166
71
64
128
130
54
117
136
20
195
21
198
20
190
157
36
76
79
46
124
118
63
178
3
196
38
94
25
63
47
107
66
159
20
159
189
50
159
192
118
104
31
49
57
42
147
85
85
50
166
112
115
142
79
180
138
111
115
169
97
22
1
54
72
117
58
20
51
91
52
43
187
49
57
35
35
146
152
28
68
128
80
121
101
177
37
191
107
121
160
36
97
112
63
115
172
4
198
3
118
57
64
103
117
117
182
121
55
0
91
15
20
121
73
159
39
60
180
71
10
62
66
85
142
75
115
141
68
63
122
153
27
121
120
18
110
150
81
13
137
105
109
105
168
152
126
157
92
34
89
142
83
36
115
174
99
99
49
65
186
75
68
96
189
70
111
40
171
129
190
109
134
192
21
167
101
34
146
183
160
55
40
99
2
149
25
101
60
186
15
50
140
20
142
6
193
196
2
164
161
42
65
195
1
169
69
53
136
155
161
121
24
71
36
112
98
142
62
156
190
78
22
84
172
70
118
117
58
48
181
67
58
132
183
45
110
129
18
30
131
62
135
7
192
39
98
49
81
59
88
1
124
10
197
197
135
148
191
130
132
53
163
16
115
36
82
61
130
99
191
182
59
17
64
21
34
122
126
147
169
48
98
6
27
163
86
78
17
155
6
58
116
63
1
0
56
126
160
121
16
107
129
154
76
134
40
119
68
28
131
194
120
152
145
33
38
187
150
126
102
112
125
39
61
26
67
70
116
86
163
52
69
37
52
150
82
146
51
177
18
34
190
153
128
49
127
189
113
104
25
23
66
76
162
31
156
75
4
111
133
16
113
73
132
102
195
117
161
24
110
183
86
183
3
101
70
101
41
181
185
62
66
165
17
78
119
197
84
141
129
158
22
7
197
110
26
1
147
99
133
86
100
85
47
31
189
73
22
24
140
79
81
103
54
165
167
24
90
20
9
36
46
104
162
96
92
30
170
58
152
14
89
190
65
183
150
118
81
161
12
176
195
38
38
161
184
90
199
55
94
34
152
117
158
113
111
87
88
140
184
133
21
47
115
53
57
177
49
121
3
59
4
87
74
134
171
111
133
49
127
15
151
154
133
155
46
148
71
160
7
22
81
63
71
92
61
151
32
167
36
59
158
120
162
122
125
91
20
94
185
198
65
172
42
31
42
42
82
21
159
47
123
167
88
83
2
137
173
15
106
62
50
112
135
127
106
149
168
144
134
104
0
148
138
138
121
31
13
14
29
17
196
127
18
99
114
21
97
185
165
35
148
16
55
132
42
41
39
20
96
75
44
43
197
47
23
28
2
53
90
148
68
20
24
165
103
62
89
82
145
57
50
109
97
2
24
100
138
93
55
59
136
39
147
130
157
108
66
7
56
133
52
71
146
161
40
61
159
124
52
93
110
109
72
82
157
56
0
195
108
93
148
77
67
80
190
50
19
111
184
55
70
50
199
11
125
4
144
75
148
97
157
146
59
72
179
94
28
39
163
70
187
69
28
183
151
106
82
94
172
155
85
31
131
162
80
196
191
115
67
82
108
105
192
197
29
166
7
76
146
1
30
95
61
2
185
173
167
81
130
26
4
133
101
45
64
176
42
55
100
71
151
55
145
32
97
75
168
52
16
130
115
36
101
52
188
63
80
66
104
169
194
74
94
8
195
147
34
24
161
199
177
86
31
110
129
122
5
175
71
133
18
122
68
50
42
88
68
113
125
172
20
78
175
67
8
9
5
86
86
158
2
73
98
44
190
147
175
187
184
182
151
46
8
128
143
129
164
40
18
148
84
149
153
132
68
152
35
123
94
154
63
6
153
87
155
4
138
42
175
87
45
170
3
27
160
194
146
99
188
159
130
163
65
146
137
136
77
181
142
75
57
162
24
92
96
103
159
131
157
86
189
26
160
73
97
87
148
43
48
54
64
137
64
146
136
143
50
44
183
142
155
132
155
132
55
124
110
116
155
77
60
132
54
32
182
110
99
175
1
94
85
164
11
18
55
14
188
111
127
5
53
184
102
107
57
162
0
42
84
83
98
92
195
32
164
190
90
93
157
14
20
40
13
67
122
191
140
67
11
127
84
103
92
38
165
43
85
152
61
82
32
190
121
7
70
86
93
6
32
19
100
48
135
124
181
117
40
11
2
116
168
20
6
46
103
61
50
33
188
60
20
104
77
43
68
16
9
129
52
197
37
83
180
179
31
80
119
88
194
114
134
166
94
199
23
199
43
87
146
25
170
161
47
137
104
118
39
187
120
175
149
135
124
25
1
64
152
22
121
31
107
168
20
100
26
31
133
68
171
18
152
14
91
146
116
183
68
89
69
101
135
162
4
73
42
154
142
93
126
147
54
13
63
98
128
163
169
94
27
154
43
145
25
76
11
172
142
135
198
90
187
34
66
142
94
141
98
193
152
190
124
51
74
96
107
3
181
14
197
26
45
118
176
177
152
24
125
83
121
29
65
124
172
173
132
33
53
113
120
66
98
191
96
18
1
171
90
103
95
170
123
61
119
178
165
133
11
22
143
18
9
14
97
124
101
50
115
149
79
31
97
1
137
74
165
19
96
42
49
83
132
10
119
195
77
60
159
161
180
57
84
62
131
196
147
101
178
87
169
7
111
28
120
75
41
110
22
12
177
161
187
2
158
35
100
106
75
142
169
17
151
78
95
132
137
44
26
155
190
53
67
115
177
93
194
163
133
125
81
191
162
172
188
152
106
137
168
140
62
86
183
1
194
192
21
29
105
99
123
18
102
162
150
61
73
61
146
45
187
139
112
120
182
190
137
145
163
103
94
150
73
150
38
134
151
115
43
112
70
115
145
54
22
50
108
121
51
47
157
22
196
5
104
181
137
109
149
82
6
57
129
76
120
116
57
59
18
157
139
128
52
194
104
148
105
16
74
138
140
73
190
16
143
167
5
112
15
132
141
174
95
124
119
194
151
138
133
109
88
87
34
176
71
10
109
103
180
137
100
133
23
29
1
193
142
4
75
191
188
119
140
113
33
172
106
67
2
134
109
95
165
136
196
189
108
17
156
20
67
176
181
86
55
153
27
133
77
144
142
19
157
138
174
168
49
92
24
141
181
187
101
93
117
186
165
67
141
153
135
133
113
154
19
88
178
24
23
46
74
0
194
123
36
65
136
182
43
0
107
50
189
164
34
171
43
153
169
101
144
32
132
0
75
83
145
137
91
189
73
50
15
24
147
58
111
177
94
79
10
30
0
47
61
31
199
109
164
90
187
9
0
120
135
73
165
14
66
83
199
102
142
5
129
147
84
155
177
60
186
135
115
39
91
87
112
135
97
104
147
144
185
81
177
103
195
18
138
23
84
19
120
78
10
185
75
38
123
107
150
15
74
3
50
9
64
175
52
192
83
71
142
136
109
58
79
152
4
9
55
131
73
37
44
137
47
20
122
28
114
118
18
158
114
198
162
16
170
132
37
125
153
31
54
182
5
15
94
62
47
73
88
173
38
108
21
91
115
33
98
18
55
199
42
181
197
44
32
47
87
8
53
76
48
146
82
53
123
78
179
143
191
175
32
114
96
54
161
127
66
36
182
59
140
196
176
65
47
185
88
171
194
39
145
8
75
38
132
113
180
49
88
102
56
117
76
46
153
13
171
147
159
114
147
100
126
127
18
180
53
98
29
111
6
127
14
29
7
55
17
103
188
157
91
39
103
17
80
84
190
14
96
130
86
190
164
112
145
85
35
11
146
66
124
136
113
66
55
15
199
111
12
107
127
166
167
78
167
102
199
57
74
156
194
64
60
108
175
52
57
146
71
67
10
14
64
90
29
109
128
2
144
156
146
96
121
120
72
86
101
169
38
136
83
165
70
105
4
56
62
60
18
65
122
142
106
152
151
88
39
60
21
66
77
81
167
75
134
94
3
125
12
85
16
54
12
35
105
1
163
15
45
26
192
63
104
49
45
182
194
62
68
123
178
187
170
18
183
199
66
165
194
158
129
94
147
78
129
179
118
180
68
68
42
5
63
32
134
17
64
163
24
161
94
69
27
97
44
44
117
41
73
57
19
77
183
48
9
156
69
177
145
78
115
27
118
55
154
80
151
136
78
76
179
61
26
7
93
8
158
42
197
76
54
150
0
38
186
72
86
126
94
72
94
116
149
89
80
60
95
99
46
12
76
116
56
21
83
173
27
172
4
48
77
29
191
64
15
13
23
81
7
102
14
70
9
56
165
113
50
170
176
180
97
55
77
175
187
5
95
187
137
178
59
43
103
79
54
154
123
62
185
135
40
112
138
189
31
191
16
151
33
58
187
145
59
199
197
105
23
98
33
12
43
84
119
77
192
119
128
81
88
5
172
118
141
121
142
50
90
77
25
111
161
74
114
12
185
134
185
167
192
88
76
30
21
119
34
149
51
104
98
145
163
127
37
19
65
4
94
192
168
110
173
62
85
142
82
97
133
34
180
12
28
42
22
35
35
87
10
60
5
159
46
198
22
182
192
9
33
6
30
53
36
63
182
191
50
1
55
54
149
142
131
156
109
93
153
184
130
89
27
72
58
16
161
107
135
15
103
172
184
147
2
131
146
98
67
118
51
160
21
165
163
101
185
171
176
180
107
64
140
135
184
139
117
38
119
165
129
158
73
73
123
110
6
175
174
140
141
120
189
94
112
11
141
45
138
86
104
148
126
161
7
182
69
116
19
125
67
88
80
71
87
83
78
195
117
197
101
82
194
184
196
80
28
28
182
177
59
96
58
192
79
13
102
123
55
100
88
122
83
56
176
71
143
142
148
87
197
57
145
54
118
50
68
193
156
20
115
69
167
125
162
165
122
1
101
80
1
129
15
137
82
104
173
152
69
174
42
134
129
22
184
69
92
170
16
54
6
198
14
149
155
170
116
94
99
129
33
11
48
62
13
117
107
158
44
135
155
48
28
115
164
161
141
76
144
157
13
58
132
104
100
140
138
114
123
136
54
128
180
174
127
143
197
51
60
108
63
81
128
39
174
195
139
6
36
101
7
150
30
18
108
100
154
8
0
153
187
199
199
131
132
143
90
33
149
166
119
119
188
104
149
31
123
25
18
185
121
94
92
113
104
2
64
110
75
164
50
123
74
125
97
95
51
192
166
87
23
91
49
115
118
121
88
69
39
41
102
141
24
106
67
66
191
21
157
188
99
196
187
45
146
113
34
85
7
31
190
181
71
37
142
67
9
145
85
60
48
137
49
16
78
132
57
190
14
7
55
0
166
188
136
26
56
53
76
148
155
198
151
63
58
177
163
60
169
106
31
72
88
58
31
68
54
74
137
160
42
101
178
111
192
8
108
166
79
70
5
111
131
163
116
162
20
154
106
122
195
130
82
117
107
11
150
109
27
30
56
109
111
131
162
93
190
68
107
86
84
63
175
121
52
145
81
177
89
29
71
185
49
187
106
56
47
174
169
169
67
94
97
111
64
148
11
158
91
76
34
197
3
12
135
79
32
163
83
160
188
157
152
101
73
43
157
180
182
63
28
83
89
37
177
116
114
197
169
142
130
196
172
103
135
74
89
109
149
39
101
44
114
167
88
25
54
93
20
93
12
19
162
158
186
47
179
183
105
97
112
88
25
152
118
32
61
149
177
54
70
160
164
0
86
54
170
42
164
84
101
48
31
149
105
159
64
103
11
165
81
20
131
105
3
197
163
117
33
184
11
32
151
34
91
48
62
31
84
28
103
190
179
120
17
162
51
81
137
11
174
153
189
116
128
109
45
157
48
145
62
56
11
157
116
184
54
104
52
102
136
3
19
54
51
89
14
94
93
186
39
110
183
119
121
178
41
87
17
21
31
144
9
32
13
106
177
112
10
13
68
22
116
146
85
31
144
63
92
116
131
156
16
148
99
19
186
125
195
173
116
137
175
118
157
109
164
34
139
61
155
82
3
99
162
191
95
183
70
143
21
152
90
156
31
137
189
90
172
62
186
97
155
134
97
96
128
186
102
163
76
195
11
43
117
82
95
108
79
137
98
140
165
79
68
182
193
121
65
158
99
164
178
192
169
190
44
185
52
116
53
55
114
78
64
116
13
127
15
46
168
1
112
146
57
69
157
110
120
160
116
190
146
73
135
5
106
166
169
142
165
135
135
147
120
66
62
66
89
13
150
64
94
11
186
93
45
125
123
151
193
50
73
163
142
81
133
158
34
59
46
33
64
69
118
43
98
155
184
176
42
25
144
0
85
179
118
154
149
60
57
15
73
147
157
75
107
89
32
77
86
87
22
48
97
37
39
19
101
93
34
51
183
94
25
88
50
108
152
12
52
69
50
48
139
23
67
17
60
124
140
167
120
63
22
166
100
105
86
46
43
188
129
173
34
57
20
21
47
124
163
152
119
45
148
198
51
82
95
137
6
47
196
160
30
32
185
128
20
149
111
73
33
84
56
180
192
109
7
106
194
70
99
112
9
79
49
119
141
64
142
120
93
14
30
84
107
180
44
89
94
78
190
64
100
41
123
3
124
47
44
61
86
110
173
186
152
112
47
165
101
189
99
64
84
188
100
38
195
89
2
53
157
48
55
15
143
80
63
31
35
42
57
112
15
113
156
161
165
75
128
109
128
165
83
168
48
150
148
179
66
2
191
144
7
150
53
121
174
19
128
179
161
147
0
72
129
129
37
162
199
69
153
139
96
21
137
153
84
47
144
47
84
18
88
159
149
29
6
156
93
135
184
179
73
93
110
81
128
195
115
87
160
2
142
59
107
143
41
169
5
107
149
70
125
79
152
165
46
184
132
26
89
128
157
91
40
29
47
71
153
155
18
198
21
84
83
9
196
16
136
163
175
88
151
4
154
99
19
110
148
4
109
168
84
43
171
64
66
135
31
149
15
181
167
147
9
114
76
104
119
188
97
147
118
31
186
196
150
116
134
94
84
116
123
177
12
34
37
181
154
126
2
89
109
125
181
152
66
62
21
149
16
160
129
29
85
15
74
43
85
181
69
162
121
181
43
91
116
26
47
102
101
102
188
61
81
175
17
35
105
124
153
196
28
190
67
78
81
49
43
13
3
90
187
117
0
66
185
136
56
192
46
103
47
12
145
61
15
128
126
87
37
57
70
192
61
19
139
9
5
180
64
22
4
102
4
3
125
136
193
29
164
6
125
133
131
36
188
175
81
122
48
41
176
57
54
95
193
124
86
19
6
186
183
9
188
63
132
89
83
186
23
14
28
18
145
187
134
161
179
45
52
98
140
84
191
183
47
19
75
27
47
166
0
119
3
83
80
72
16
154
32
5
95
78
12
6
173
61
132
192
120
76
37
157
61
132
61
24
147
105
87
46
147
168
183
8
63
16
34
173
20
154
141
4
181
19
1
16
197
136
40
100
169
192
127
189
168
133
191
95
135
60
137
39
157
