1882	137	91	2
125
3
162
71
30
182
193
94
67
152
152
94
119
107
193
110
7
45
15
91
107
43
112
170
86
56
129
191
68
60
76
58
128
159
104
137
39
77
134
32
92
4
35
197
193
176
23
24
135
183
64
47
74
64
99
1
179
31
105
56
75
99
186
177
81
137
25
184
169
81
68
172
66
126
102
129
33
156
138
133
119
177
190
82
196
37
194
154
70
174
108
57
74
68
17
12
37
4
17
119
0
80
120
76
150
155
29
104
100
115
153
55
36
199
165
128
189
95
176
35
42
114
108
6
165
10
100
183
112
45
188
108
136
61
5
174
87
47
19
132
164
89
109
132
169
148
113
60
65
136
81
14
124
39
150
178
112
97
47
22
22
23
94
185
118
116
119
189
7
189
150
154
199
178
196
87
52
52
62
27
21
126
2
90
127
152
198
75
96
70
87
174
82
127
59
83
172
145
27
21
51
34
57
174
96
82
106
28
167
156
199
41
131
163
86
144
81
105
0
171
63
43
47
98
24
8
126
182
112
40
109
139
183
97
167
51
67
141
105
48
22
120
122
137
185
85
74
110
68
7
8
111
51
69
83
38
6
191
157
77
117
117
7
146
126
175
173
79
133
119
80
133
110
99
41
17
138
182
128
7
84
166
114
131
199
160
72
22
70
39
114
61
111
180
183
110
189
184
63
68
80
76
176
42
67
145
98
115
98
20
199
79
158
9
169
66
151
160
130
111
109
141
26
42
66
129
25
187
63
198
178
95
194
144
103
144
153
143
199
116
189
137
145
139
62
189
43
170
71
89
91
12
70
140
161
152
75
104
0
94
105
40
24
27
46
96
153
13
179
89
197
40
144
35
130
182
8
5
2
133
123
128
90
82
166
97
60
51
76
118
80
162
103
96
38
14
23
54
177
188
70
130
32
98
13
181
126
100
87
173
44
80
56
31
168
115
137
48
85
182
3
133
6
164
69
178
23
74
124
159
123
1
165
55
52
160
66
186
138
113
167
115
27
14
137
27
59
69
98
124
40
15
195
26
165
166
102
107
161
76
62
168
27
160
101
19
13
76
66
136
2
2
166
72
76
141
65
97
102
43
110
193
139
32
175
129
162
142
110
127
135
184
50
3
31
174
82
123
103
187
9
98
80
10
126
163
131
191
182
35
6
186
25
156
49
53
198
190
104
119
139
33
124
90
173
5
40
198
0
154
93
176
67
68
99
141
28
13
4
9
180
54
158
5
150
1
94
132
137
86
195
142
183
85
86
53
89
67
60
165
10
5
109
145
181
177
180
88
3
109
155
111
141
159
99
0
146
171
21
47
133
3
8
53
135
96
23
86
100
127
78
181
189
103
137
160
193
199
153
46
136
101
4
148
70
56
120
159
41
95
36
139
63
90
194
162
166
150
157
193
57
47
19
172
188
189
199
154
69
57
182
155
63
153
83
37
44
63
129
126
70
80
37
156
50
64
78
169
81
66
186
106
164
141
46
182
148
35
113
91
124
123
46
139
3
118
148
95
10
118
195
170
198
163
181
110
170
87
151
12
12
49
51
28
74
151
91
77
185
180
108
62
138
193
109
115
97
144
106
51
3
11
113
46
4
67
0
20
3
13
89
105
26
46
188
69
189
63
79
95
134
36
148
33
59
135
183
54
133
146
139
64
174
113
0
87
54
141
138
52
57
124
9
123
192
182
169
183
51
123
110
119
104
168
101
86
163
121
33
56
58
96
89
41
108
163
187
96
77
124
47
152
152
170
178
175
194
188
102
54
135
198
130
169
195
116
3
194
55
171
63
78
149
191
9
89
74
23
78
125
144
13
99
173
85
81
193
143
155
85
62
48
69
75
73
90
26
99
186
73
145
89
12
83
10
195
56
69
21
32
86
146
97
51
162
94
19
183
89
1
176
45
183
32
89
176
191
149
75
194
46
54
55
71
28
139
172
31
96
57
135
65
174
115
13
11
184
97
101
142
135
40
53
198
20
33
143
136
87
126
87
100
18
70
188
33
188
82
192
80
78
32
6
16
107
21
144
16
0
56
129
100
94
185
37
151
136
16
83
15
5
82
37
93
100
181
148
179
159
29
170
73
150
64
101
168
72
75
125
39
96
8
91
156
74
111
21
154
56
176
170
112
126
83
151
195
126
119
171
34
145
175
197
159
139
171
152
189
130
154
65
44
186
188
61
81
159
62
89
67
137
31
55
25
197
95
153
79
46
32
38
152
199
164
158
61
91
86
44
19
187
116
95
154
156
82
124
25
107
154
180
63
117
7
126
5
135
10
65
144
150
139
111
170
36
105
9
40
57
188
67
38
138
23
124
133
64
44
13
103
191
192
3
26
169
85
83
48
79
30
9
0
147
141
60
164
125
72
73
19
0
51
83
65
184
95
28
11
19
143
139
47
9
115
98
135
97
37
82
150
17
129
197
139
193
90
56
99
157
128
3
11
6
189
183
138
19
198
42
181
105
127
170
53
132
103
20
51
73
115
87
187
2
126
2
38
124
54
39
97
153
98
59
139
37
135
178
188
151
2
68
65
134
40
54
173
21
81
110
41
173
146
79
11
165
154
124
164
184
52
21
139
164
12
108
40
170
173
123
123
119
38
107
27
150
133
107
90
79
147
91
37
104
24
132
18
183
143
31
26
153
138
174
134
18
0
51
134
113
123
123
131
127
30
118
150
101
19
77
34
135
43
105
53
136
47
20
92
19
195
46
20
195
146
167
172
8
5
139
39
150
4
79
73
156
7
143
87
134
22
65
32
152
117
105
130
159
11
98
53
125
74
22
85
169
33
19
3
65
188
98
58
85
109
60
47
169
196
67
153
135
122
10
112
110
131
18
187
155
2
26
105
82
134
195
105
137
138
45
93
177
67
177
41
186
26
61
58
50
17
101
145
2
130
44
182
86
179
54
42
6
38
65
116
133
77
32
197
133
99
155
104
157
141
15
89
153
143
101
46
44
123
130
162
165
188
59
150
187
136
106
59
93
108
185
59
43
122
18
165
59
54
160
198
81
150
22
125
78
199
194
15
179
108
94
97
74
122
43
92
33
71
138
155
45
168
8
184
103
178
164
36
117
136
129
133
191
19
131
113
172
160
16
177
65
195
44
26
110
177
176
197
117
179
49
165
80
86
48
152
165
71
76
63
56
189
144
64
182
23
65
83
145
100
41
9
165
161
169
119
157
68
39
115
27
0
163
102
51
74
7
95
106
71
35
105
48
8
163
82
71
14
126
148
39
96
178
1
176
11
193
63
163
145
146
131
117
2
6
154
161
95
56
138
145
78
192
126
145
95
36
41
120
60
51
114
28
135
80
78
104
54
111
140
156
186
191
41
50
126
60
116
112
42
16
107
119
198
69
36
7
36
65
136
100
126
135
41
18
191
182
181
144
126
32
10
140
196
49
49
163
167
50
80
3
95
41
39
71
197
175
69
6
84
181
26
184
143
76
60
6
154
96
32
93
61
56
182
167
139
52
184
126
25
59
11
61
105
41
131
62
174
41
21
57
146
61
37
95
51
79
8
100
181
58
148
82
161
122
4
176
178
125
160
119
24
180
113
100
142
50
137
6
78
48
97
78
28
195
76
38
39
139
41
136
100
88
166
28
29
195
111
141
143
46
30
80
153
89
125
122
32
146
119
70
135
144
28
119
140
28
131
184
166
85
34
166
82
15
16
14
173
143
92
176
156
5
183
64
127
102
99
69
164
164
71
71
23
93
163
74
143
77
198
130
60
97
199
89
189
41
128
196
86
177
198
167
94
44
157
136
134
22
73
119
173
4
119
151
1
10
193
65
73
113
89
6
5
138
109
159
151
188
8
115
11
94
50
108
96
105
29
190
35
53
64
77
89
191
89
2
146
100
43
153
5
52
48
139
174
53
15
19
141
91
118
6
64
97
99
156
160
191
4
54
97
1
199
107
178
167
91
187
189
150
133
174
137
82
23
34
122
86
122
80
42
98
61
10
33
40
70
43
0
43
180
107
44
108
135
157
45
10
80
110
102
93
18
156
111
63
90
161
189
80
130
171
188
133
80
18
75
53
190
5
173
87
67
57
40
58
175
47
22
3
131
104
1
45
54
7
172
8
157
188
124
112
18
33
149
25
69
186
153
132
0
126
171
89
83
108
74
185
169
68
113
198
146
116
27
65
31
19
187
136
68
38
42
90
87
28
114
72
71
175
7
18
15
98
46
35
98
97
189
19
17
114
193
87
16
159
119
126
182
76
26
58
147
3
123
65
156
