4609	5	19	3
89
45
157
151
151
16
47
152
101
154
22
78
107
27
105
154
163
164
40
65
83
98
125
153
59
169
35
144
138
113
1
7
82
70
51
36
116
33
86
5
65
36
30
16
46
171
62
48
90
38
178
17
120
67
44
157
28
56
162
199
84
14
89
60
76
185
128
185
14
156
35
184
76
25
65
196
187
118
149
140
54
19
174
125
44
144
163
151
191
28
199
73
170
168
124
153
118
185
80
187
49
196
161
115
99
76
93
198
102
168
58
154
98
152
199
55
131
197
13
133
8
24
46
4
104
194
88
74
98
99
22
118
73
87
20
28
34
146
36
74
100
12
66
199
59
0
128
139
17
6
7
114
194
193
179
170
106
170
161
195
93
59
175
46
146
144
184
62
77
127
4
139
192
48
48
198
93
72
30
175
171
88
36
178
82
58
185
32
188
99
114
121
154
28
48
55
33
106
35
165
159
166
167
47
150
111
89
20
35
51
70
13
115
13
192
1
84
168
150
17
3
81
31
167
103
2
179
36
80
187
94
54
165
76
122
184
50
133
167
163
186
118
90
123
95
82
48
180
131
118
93
99
1
104
77
89
117
106
61
146
21
190
31
100
139
52
169
195
32
118
129
33
150
132
31
91
114
51
7
118
180
17
33
64
36
68
127
196
123
16
114
141
67
87
105
43
156
18
96
75
92
30
57
145
194
154
9
145
8
165
169
124
42
12
135
45
47
41
25
106
139
79
70
112
38
66
121
64
45
171
162
198
67
25
155
56
115
68
180
123
29
170
171
168
19
116
188
182
174
163
64
105
2
156
29
73
194
75
34
141
170
107
69
54
135
75
187
168
69
44
76
11
125
64
80
0
120
197
66
127
165
62
87
165
19
114
179
170
188
70
113
177
62
61
124
32
134
184
46
119
51
129
180
110
141
161
13
119
184
106
118
75
105
166
155
192
43
150
123
160
38
71
57
189
166
118
106
64
59
60
96
97
74
141
98
104
87
90
69
170
133
143
156
95
140
143
159
184
174
43
75
71
46
89
118
31
85
81
77
97
74
67
116
32
150
108
145
37
49
176
181
28
84
25
96
143
28
181
80
1
175
150
61
50
159
75
117
81
80
171
175
193
96
97
174
122
146
116
164
32
78
174
128
161
137
76
61
167
76
140
33
5
83
42
151
119
165
54
177
114
187
175
21
146
103
59
82
178
51
134
72
142
34
7
130
189
15
195
41
34
112
193
86
114
70
68
131
64
140
71
158
67
66
186
3
145
165
179
86
109
148
176
178
131
137
121
80
109
3
10
167
174
36
54
4
83
44
7
110
25
121
146
137
170
184
184
61
34
141
198
3
69
50
110
68
131
72
62
77
179
168
63
18
77
60
80
46
116
72
104
76
128
166
43
102
2
138
12
127
160
194
160
79
152
1
115
99
98
90
180
46
166
123
59
176
12
133
163
16
2
126
107
121
104
41
166
95
111
179
186
141
64
51
142
141
50
37
4
67
19
170
118
150
87
104
173
43
150
42
156
15
152
52
11
33
12
85
95
163
22
152
15
27
110
137
90
178
149
161
164
104
83
126
175
193
28
154
102
0
9
102
21
167
2
164
172
192
153
126
19
59
90
45
191
5
174
137
185
17
39
178
24
165
166
121
85
68
72
47
85
51
151
183
75
74
156
162
83
138
123
144
196
45
119
77
37
102
36
192
128
22
179
131
155
56
144
79
91
138
15
48
163
48
5
113
59
151
59
131
44
50
117
7
111
13
41
54
45
12
107
168
193
190
5
33
26
180
148
157
125
24
174
132
111
139
87
22
87
111
58
155
66
38
68
159
176
85
93
185
4
81
32
119
98
76
154
64
152
124
103
109
39
113
72
29
155
56
144
163
149
0
134
6
74
96
101
37
156
100
30
37
14
66
159
144
53
53
29
116
154
53
173
21
37
81
57
120
67
195
166
77
167
134
25
71
15
174
137
4
149
19
0
164
158
68
148
135
128
156
26
136
148
44
82
168
106
141
69
184
188
199
131
175
51
67
193
83
94
106
55
128
145
168
160
122
1
161
138
41
181
126
62
32
145
83
114
106
60
184
25
122
33
18
60
125
147
86
33
38
162
113
130
101
178
159
81
21
90
30
7
88
74
158
4
42
53
7
192
47
62
79
144
34
31
94
140
107
93
120
70
91
8
7
69
55
126
179
63
39
150
79
85
106
42
24
104
160
173
4
153
195
84
133
158
139
130
137
185
101
28
175
98
119
123
64
109
2
175
128
134
29
104
119
121
186
144
49
190
87
133
94
81
75
122
174
16
138
101
37
53
23
27
103
59
101
24
112
22
35
107
170
67
114
61
164
198
36
186
188
99
26
192
193
148
129
116
111
96
115
53
39
77
38
176
170
21
43
130
179
163
93
196
166
65
99
72
89
42
196
195
37
26
54
171
145
157
99
23
131
141
137
45
27
149
140
110
71
66
11
166
13
10
99
160
144
116
164
198
193
143
38
94
73
23
199
153
129
49
76
125
47
192
193
18
165
40
151
161
199
32
89
7
193
37
3
106
139
89
0
11
186
58
158
25
188
198
24
62
7
108
88
123
86
127
39
7
41
156
66
20
160
162
122
98
141
113
145
141
11
170
164
34
78
95
129
95
48
68
142
64
21
82
59
37
108
181
6
184
171
19
57
141
78
76
74
187
107
105
31
55
61
158
67
31
130
153
194
52
99
164
165
128
193
151
50
7
94
198
187
187
119
66
9
167
4
163
165
53
96
155
130
19
92
38
3
39
67
165
189
124
57
50
40
93
37
150
15
46
184
14
193
17
96
5
172
158
78
178
174
60
145
185
183
76
188
80
86
182
11
40
46
131
13
179
132
168
198
172
8
44
148
34
118
129
116
23
64
30
129
165
34
69
16
0
161
80
42
7
144
95
103
187
9
116
107
162
173
144
16
37
144
134
16
85
124
85
197
85
8
99
80
89
132
12
162
140
172
170
74
175
174
119
19
189
122
149
160
195
126
47
175
5
147
80
80
116
103
57
73
59
88
89
191
193
145
164
35
169
52
78
30
100
196
113
18
57
142
153
151
170
108
41
119
128
85
15
199
1
196
146
34
37
52
84
171
97
101
50
135
10
133
136
116
75
54
129
114
98
111
84
85
68
122
187
92
1
114
69
145
82
39
35
85
95
0
56
7
109
3
89
193
76
84
60
88
143
199
117
62
189
75
19
37
28
62
81
162
149
159
72
139
34
20
121
46
84
40
89
120
138
40
70
95
195
99
86
149
100
148
126
105
134
189
112
83
134
58
70
20
24
79
34
16
14
158
184
41
65
97
11
1
43
120
68
148
123
112
42
159
175
73
43
65
40
33
24
180
7
10
182
48
61
197
185
21
9
50
67
154
26
46
98
103
180
70
48
27
56
30
44
123
27
25
93
176
24
164
183
147
34
171
198
168
98
119
79
85
151
139
111
181
91
26
66
173
73
168
93
169
45
121
112
124
4
177
195
3
139
104
89
133
179
81
18
121
73
120
82
156
188
143
103
6
168
195
80
95
159
143
40
147
79
173
90
159
47
76
159
134
186
11
74
117
62
32
85
8
175
13
76
175
157
55
55
104
76
117
78
66
177
66
28
83
42
70
134
31
94
183
117
77
36
0
95
184
128
35
147
175
152
48
99
169
180
66
172
57
172
74
193
129
148
83
150
14
194
177
176
104
167
86
66
132
140
194
34
8
180
47
186
163
63
135
154
22
64
2
42
99
108
31
85
104
194
158
82
24
2
136
172
191
182
60
177
199
5
8
184
148
54
23
67
32
66
188
108
107
154
28
100
147
71
113
87
60
57
73
147
85
167
1
54
119
125
39
119
178
156
27
45
45
27
161
61
170
19
21
151
124
8
19
47
30
27
131
97
97
196
142
181
169
45
7
163
180
106
128
112
161
165
88
94
89
166
118
9
124
135
85
142
124
117
60
62
158
82
33
96
154
80
73
61
111
104
174
69
107
32
46
79
79
99
156
165
52
163
197
30
100
97
113
133
31
53
99
182
136
153
143
105
195
175
192
183
61
84
19
177
168
44
155
137
186
12
137
128
1
46
176
182
101
175
75
159
97
157
76
131
144
4
137
158
16
71
37
78
6
100
80
196
118
152
148
33
36
50
109
153
68
60
172
117
82
163
177
122
167
96
74
39
153
134
148
93
166
196
84
111
61
133
171
112
89
106
44
67
66
122
19
118
186
32
44
192
185
138
61
137
197
42
177
113
185
53
98
80
9
168
146
61
167
123
126
74
158
22
104
117
9
120
103
129
14
110
173
74
100
176
21
0
14
175
63
91
187
91
33
77
131
153
195
93
105
50
183
119
96
6
164
48
107
143
94
120
60
3
107
144
0
128
100
11
126
92
38
25
194
37
172
134
163
42
59
66
125
157
17
121
75
64
171
66
181
156
66
45
73
97
193
150
153
32
110
142
97
36
74
160
92
38
199
1
18
144
37
129
80
73
145
142
156
183
90
111
75
27
185
190
128
126
61
7
11
162
95
149
157
107
33
108
179
116
94
153
62
190
110
141
190
82
193
120
86
72
181
155
56
176
14
102
46
182
128
47
170
107
92
4
91
126
29
0
141
121
134
177
163
159
146
195
51
28
183
197
86
189
127
120
66
63
133
176
150
139
145
27
114
23
56
159
153
55
99
17
84
194
89
47
84
170
148
14
123
11
29
79
79
92
125
117
100
147
2
146
53
91
90
111
135
177
182
138
34
133
94
194
21
195
101
78
93
128
129
147
113
194
49
196
69
193
171
148
193
114
73
55
134
105
127
78
12
174
124
89
187
73
139
167
28
72
37
122
50
111
52
173
155
190
150
95
133
102
164
73
151
189
182
27
149
34
134
109
95
50
77
145
55
1
117
198
77
84
37
94
160
186
194
137
3
43
160
163
58
89
101
161
168
75
126
193
183
121
121
87
130
161
6
20
74
88
58
104
20
92
145
24
107
30
143
75
191
157
4
118
89
61
146
176
97
199
76
103
71
18
140
89
3
151
121
71
73
2
4
20
84
52
13
147
46
37
63
6
113
71
156
107
77
22
78
169
111
4
4
80
26
97
189
118
108
191
20
118
167
99
191
171
171
80
54
35
141
61
181
94
198
127
150
110
35
1
30
0
156
111
146
80
27
131
22
51
42
22
169
182
145
64
161
196
11
179
158
36
157
154
62
65
130
167
165
130
94
185
198
18
13
44
66
195
22
3
139
75
41
0
150
25
34
60
163
192
82
170
27
186
81
94
141
72
33
108
156
29
114
114
81
67
182
199
8
93
144
45
26
171
157
49
46
140
79
132
4
134
130
1
96
57
117
111
39
105
31
169
138
34
4
153
20
38
26
19
153
66
172
109
108
103
106
125
85
36
147
34
46
184
40
4
33
85
54
88
0
176
160
180
24
5
135
121
178
120
15
117
175
14
63
112
168
146
148
127
40
139
122
108
38
18
89
71
42
138
95
165
11
32
96
55
147
178
119
62
152
196
144
145
176
125
4
113
120
24
79
180
81
38
153
117
144
153
119
93
16
100
93
83
29
30
99
79
192
5
89
172
122
15
16
171
87
115
199
100
9
38
22
104
70
26
139
146
15
129
7
115
117
175
155
13
2
173
172
127
34
26
176
72
52
20
61
151
160
36
197
150
7
152
71
62
74
145
196
110
64
85
108
93
191
15
182
79
102
2
177
141
196
37
153
52
121
16
97
144
192
4
1
10
69
9
20
92
65
49
81
69
110
169
76
23
17
48
169
182
180
96
116
27
132
138
15
63
78
86
89
3
17
168
8
52
128
69
75
12
135
44
46
59
190
66
138
133
47
134
136
188
16
52
138
126
6
37
31
2
30
123
113
28
33
106
101
80
19
129
86
171
104
0
189
125
148
164
18
130
157
190
136
87
112
50
88
50
100
122
44
35
167
50
141
159
123
199
4
35
84
153
194
21
40
152
149
165
180
146
79
171
167
66
116
75
134
148
32
83
140
141
66
189
106
136
41
183
122
67
146
0
28
184
75
21
172
55
31
42
153
161
166
132
10
151
176
130
22
137
55
20
16
10
46
164
126
137
65
122
197
27
178
171
2
131
45
129
159
3
137
93
96
188
52
153
9
154
185
34
70
91
145
43
46
166
171
21
125
56
81
146
197
177
73
169
80
21
196
115
21
175
87
156
148
0
155
189
175
69
27
182
32
102
169
146
177
195
38
187
20
169
53
107
167
138
50
60
67
187
60
16
50
63
107
154
42
152
192
181
194
181
57
123
152
55
53
61
181
134
114
34
110
25
8
59
8
43
153
35
190
16
40
67
2
22
156
91
38
145
15
21
198
199
103
116
84
26
56
66
78
164
27
182
88
44
8
84
122
46
99
127
143
185
134
162
17
2
43
100
75
126
132
57
165
77
17
45
198
34
45
139
169
39
70
76
70
5
63
12
19
177
11
94
151
106
8
103
108
198
174
112
22
172
99
85
156
5
68
154
58
20
50
69
88
116
6
175
163
41
178
156
102
30
54
11
77
53
180
119
189
134
73
171
51
183
56
172
48
1
44
8
190
11
97
140
9
104
184
123
108
147
165
83
111
107
135
42
171
25
100
182
18
126
142
73
14
82
142
83
116
175
131
89
83
164
159
132
191
77
191
93
13
64
37
36
19
2
51
143
46
40
117
191
94
10
76
159
114
177
43
174
43
25
72
148
128
74
8
136
102
56
191
144
194
179
140
114
52
185
165
47
1
14
179
144
29
14
60
104
171
113
65
89
132
21
84
42
159
74
89
54
50
142
29
104
182
185
199
50
176
26
33
69
177
8
194
187
116
134
156
96
79
38
102
135
160
78
117
153
141
167
108
96
88
74
68
33
125
165
41
80
178
171
140
141
42
34
182
53
13
14
192
140
192
123
20
61
124
39
71
12
6
54
173
66
170
103
65
192
53
148
80
128
174
55
145
84
31
119
195
73
102
178
179
142
186
188
192
95
117
22
133
103
45
82
122
58
46
75
167
152
88
65
71
77
96
169
148
101
101
148
61
173
130
158
177
109
27
182
150
49
21
70
59
119
103
0
126
106
135
176
83
61
122
97
33
100
188
71
58
44
192
172
8
51
28
30
159
82
13
61
178
47
18
162
149
38
47
27
148
144
57
148
143
44
49
167
116
81
134
84
63
118
115
156
63
88
11
150
104
59
132
180
176
92
151
184
72
19
170
24
90
86
192
10
138
55
87
112
186
0
155
4
133
165
75
183
136
136
144
186
136
99
198
96
28
13
136
99
48
159
20
147
154
160
80
109
173
141
128
120
192
52
70
187
163
15
44
2
101
47
144
15
60
166
29
196
74
30
106
31
152
120
137
31
74
44
70
171
70
175
81
90
194
35
187
197
82
120
97
120
195
160
112
7
31
0
181
173
141
107
39
16
148
169
132
65
164
132
92
63
89
59
174
194
165
167
158
85
32
26
167
198
158
160
34
23
30
126
67
118
35
143
13
186
1
78
130
12
69
53
192
141
25
116
155
22
11
21
115
137
40
11
2
55
114
171
20
52
100
155
11
44
78
120
159
97
90
11
46
36
89
131
133
184
42
30
11
87
8
104
22
28
119
102
141
192
131
125
57
64
14
52
65
99
76
192
176
25
123
93
29
158
12
186
7
22
81
77
131
51
18
30
188
66
160
32
5
108
93
17
6
152
6
59
96
190
7
123
7
54
145
79
27
6
154
133
171
146
153
166
87
110
60
1
23
47
8
60
134
64
116
93
157
193
107
30
93
9
12
111
117
52
151
14
35
79
183
137
83
160
198
164
50
163
66
38
197
79
170
78
3
96
124
67
83
125
7
184
188
121
55
78
95
63
186
28
19
86
30
74
77
84
93
27
41
175
143
57
25
30
154
50
49
31
16
168
109
82
86
198
96
146
108
190
194
99
101
23
44
126
85
84
19
26
122
72
159
29
24
53
31
49
21
173
139
41
142
119
102
18
156
75
22
7
191
9
192
108
109
106
13
148
142
130
115
102
127
150
137
90
10
72
124
42
126
57
135
11
16
102
10
91
70
19
97
124
116
91
119
126
77
114
88
51
119
178
104
108
3
169
35
169
159
148
146
54
186
60
135
41
108
199
149
47
151
170
14
70
142
82
170
5
33
106
169
168
34
46
38
56
151
198
105
135
180
126
199
121
60
74
95
6
4
167
3
196
84
93
145
169
91
56
150
94
102
142
182
199
44
123
10
126
177
47
46
16
101
49
133
191
81
6
76
7
37
194
17
68
24
126
22
120
5
162
117
67
7
154
145
147
1
52
158
83
117
10
135
183
158
83
114
29
195
28
162
87
67
131
193
181
32
156
144
160
130
140
132
89
153
43
103
184
21
47
80
97
21
139
191
152
147
102
113
21
177
112
133
115
10
71
49
194
55
120
132
132
92
74
128
197
70
92
99
123
20
54
163
13
103
180
59
40
56
159
103
20
92
190
128
54
6
43
12
39
145
56
125
65
144
47
20
81
53
193
154
79
98
54
83
171
39
139
199
107
56
82
94
95
66
139
168
53
19
192
182
183
139
31
32
106
106
16
92
186
40
46
191
130
11
75
108
71
8
123
23
100
177
91
132
64
87
10
104
51
44
45
187
48
88
41
105
156
23
145
36
61
147
160
160
149
82
72
34
174
102
41
190
119
77
85
19
189
182
56
117
61
15
157
47
133
181
131
27
114
72
54
144
124
50
34
111
182
149
83
66
178
190
39
168
57
114
77
9
144
147
71
179
190
63
27
191
194
13
48
27
65
140
171
173
125
10
192
120
9
150
182
30
64
19
195
139
46
162
119
113
151
43
181
85
155
71
28
62
107
132
140
197
45
86
115
93
130
55
103
9
89
147
46
140
101
90
153
9
185
162
87
191
100
193
134
40
151
44
116
95
12
151
123
196
80
186
123
30
49
196
186
124
99
46
86
39
59
30
59
79
111
78
112
56
13
153
100
104
175
154
174
40
128
113
146
165
65
163
103
35
36
5
61
93
194
188
140
91
48
108
143
176
75
90
112
198
156
80
69
65
31
174
104
181
197
47
36
148
66
199
139
80
33
30
100
121
67
153
10
108
62
22
88
129
90
146
129
143
103
122
100
198
154
66
60
112
102
20
125
101
199
120
66
9
187
116
148
36
193
33
133
71
43
131
19
110
39
130
152
54
136
49
133
163
61
67
111
70
167
165
18
59
150
27
9
195
157
171
56
178
57
192
57
182
57
188
162
170
23
166
160
95
93
83
149
158
75
188
100
68
181
172
85
162
8
149
84
152
53
22
36
102
6
186
1
175
86
191
19
146
181
170
47
126
17
180
23
153
128
195
49
69
194
104
157
128
51
32
143
174
102
137
125
13
117
99
123
37
76
120
138
58
86
41
111
191
88
191
103
97
73
107
40
37
3
58
75
7
43
113
118
8
107
24
126
170
122
174
9
4
113
34
113
21
110
65
181
182
21
64
121
121
34
79
38
112
44
176
61
83
59
172
44
2
178
193
195
19
80
145
32
168
104
137
62
64
128
28
60
152
86
20
170
102
22
117
183
18
89
190
142
177
8
12
70
160
110
61
72
41
187
134
36
93
124
178
172
142
40
167
50
120
190
134
77
164
34
95
119
191
38
151
178
77
125
135
104
102
123
98
146
91
176
10
176
104
27
64
7
21
107
30
137
42
49
179
87
46
153
26
145
188
160
127
165
131
183
192
6
81
13
139
12
43
139
18
89
43
72
71
156
159
45
5
30
42
155
22
138
89
56
195
178
76
9
155
132
62
9
2
163
67
104
117
130
70
47
160
27
124
119
28
190
136
161
176
141
36
192
91
108
24
115
156
102
43
150
118
2
195
8
35
93
178
64
123
105
151
104
105
58
126
68
178
97
14
68
35
122
52
188
103
192
129
36
186
89
101
140
188
20
166
176
93
110
89
185
41
75
187
139
145
194
85
99
62
138
162
17
90
48
47
75
181
59
198
74
185
22
38
53
90
28
130
139
101
43
68
95
196
134
70
20
84
182
149
183
51
68
187
196
153
101
167
41
122
79
11
55
124
123
178
6
12
16
100
136
159
183
159
166
136
46
36
30
165
116
67
54
182
43
27
187
187
11
162
18
25
146
94
47
49
194
6
108
12
67
103
1
39
128
47
146
175
190
136
150
194
5
121
195
98
91
23
7
6
30
35
178
30
160
48
87
75
48
12
73
72
10
153
170
161
144
38
119
127
65
142
7
86
144
85
130
99
97
43
103
84
132
46
165
22
195
184
179
157
72
122
27
172
8
131
120
153
100
98
121
188
78
68
182
172
112
50
7
182
127
154
20
51
135
16
135
180
1
184
78
125
24
115
124
75
121
164
71
131
47
62
100
17
158
116
