7790	184	24	4
114
114
74
127
158
101
156
106
41
65
54
109
36
122
172
38
35
33
195
19
35
16
127
42
173
59
179
85
101
26
35
115
47
139
97
178
167
92
115
104
187
182
37
162
31
125
49
179
60
107
71
5
127
157
186
158
42
6
153
34
129
183
95
14
115
88
88
5
114
23
120
91
129
191
129
158
121
141
104
157
111
20
5
185
102
120
86
56
101
199
199
64
189
100
63
152
74
189
130
154
91
100
95
13
191
26
53
128
21
103
143
32
64
151
41
146
117
158
93
188
35
68
103
157
46
108
105
21
184
118
107
15
149
188
27
60
81
10
14
1
40
166
168
16
33
55
197
68
136
115
52
133
15
120
61
188
96
140
7
185
105
23
48
168
13
54
114
41
35
131
110
23
117
175
104
128
15
50
127
107
58
2
159
97
44
47
5
97
6
63
158
151
186
93
45
111
38
83
183
147
57
161
132
13
113
14
12
198
31
155
195
164
40
7
131
122
72
117
20
177
125
106
11
4
126
130
140
138
62
82
197
101
80
40
9
111
56
14
38
12
52
22
68
170
158
15
26
53
31
54
134
55
153
40
160
36
16
131
27
172
143
173
106
90
67
60
155
33
70
60
99
111
66
103
30
145
15
46
88
37
43
38
117
191
13
190
10
83
54
13
110
161
5
32
0
47
46
169
118
32
126
27
119
18
45
1
70
21
80
151
171
48
2
17
144
5
6
119
61
37
36
186
48
46
13
112
180
112
181
171
157
87
173
160
134
123
137
26
103
59
60
151
14
72
166
195
0
190
0
144
20
37
36
191
45
158
147
128
34
32
116
190
52
155
182
174
3
52
107
165
69
158
33
57
101
98
93
192
75
45
110
109
197
136
147
129
130
117
19
45
63
149
120
94
24
134
126
169
100
90
13
22
61
11
96
50
139
98
170
124
149
198
117
145
155
122
70
146
18
152
32
35
117
25
43
71
84
54
129
47
148
136
85
65
83
20
56
181
197
115
137
91
80
38
112
104
17
30
0
72
90
145
183
45
48
161
187
165
196
62
34
194
174
12
118
42
81
87
139
135
176
51
62
113
83
96
45
159
29
90
181
149
181
150
163
191
158
41
75
180
189
51
158
118
144
160
188
165
126
175
142
123
190
92
110
106
183
40
85
122
41
144
41
183
183
43
42
183
106
76
183
168
3
176
65
168
28
41
179
46
27
49
148
174
172
163
12
147
162
106
111
164
98
101
56
128
37
50
45
158
135
79
91
110
136
57
150
187
15
59
167
162
94
24
51
163
142
43
171
110
184
59
125
18
12
141
143
30
146
185
147
138
179
31
67
112
115
146
34
196
13
58
141
115
106
96
124
39
56
122
73
56
12
14
76
47
3
155
64
124
114
187
166
15
64
29
100
155
13
40
137
119
130
33
55
190
116
149
54
190
126
66
193
117
2
167
104
48
131
21
89
173
98
125
99
160
132
184
40
163
172
38
14
103
154
110
91
79
47
124
27
147
180
176
144
82
198
27
20
160
176
69
101
79
166
114
61
130
41
139
53
109
27
40
86
8
65
99
180
18
0
159
72
98
93
56
120
9
46
133
189
124
86
8
64
173
185
126
137
184
76
41
182
3
159
130
77
191
195
156
198
156
146
117
8
112
87
117
150
64
43
161
30
31
153
49
182
171
167
133
179
47
193
95
63
115
123
113
86
32
99
39
78
143
105
15
96
97
37
149
79
113
187
147
172
134
108
110
172
125
140
43
134
83
4
192
13
183
44
120
174
30
167
38
62
152
50
91
100
160
122
18
6
113
105
192
27
44
61
193
180
182
29
149
24
22
89
58
50
45
197
131
97
5
153
126
172
188
128
132
151
186
67
49
159
45
154
91
118
134
134
95
4
36
150
190
66
199
36
199
108
159
90
15
122
123
118
91
27
181
136
190
119
2
84
126
94
183
73
152
130
184
61
68
175
42
186
171
35
80
72
76
125
115
144
135
22
153
99
57
182
80
197
198
85
29
57
156
48
133
74
187
115
36
124
171
73
124
5
191
29
165
19
173
123
115
170
63
41
134
58
99
99
130
83
70
32
182
111
136
167
130
42
169
53
137
48
106
22
190
27
86
156
131
39
46
65
45
149
67
30
91
88
31
62
85
119
37
122
58
95
71
81
25
5
37
195
33
53
131
10
36
73
20
190
134
154
178
100
27
148
120
18
175
97
79
153
111
53
20
191
124
0
170
56
80
157
28
89
161
183
155
33
130
11
101
149
161
6
143
182
107
51
153
96
163
129
119
178
194
111
113
61
81
109
136
114
82
97
8
109
52
18
69
128
60
140
190
29
104
32
87
52
72
71
2
133
158
76
149
59
4
195
159
70
196
170
51
131
34
122
31
41
158
9
95
162
22
120
82
28
161
156
15
107
46
67
0
61
114
85
35
90
192
181
18
158
50
82
73
45
70
38
28
185
156
186
43
187
172
148
198
60
173
118
10
150
40
172
142
188
107
90
103
114
177
120
142
67
95
11
68
101
121
24
156
131
74
152
62
63
19
99
68
57
138
130
133
89
108
85
112
133
142
189
155
47
21
160
40
15
198
159
48
0
175
61
10
17
35
182
116
34
181
161
154
193
52
20
173
192
197
99
42
197
183
172
147
6
55
2
187
174
27
67
179
41
195
16
18
39
44
25
193
153
71
91
44
102
38
56
164
159
87
48
9
127
41
57
61
89
66
73
188
109
131
139
39
195
115
46
120
139
64
166
48
102
29
140
100
140
189
1
174
147
158
75
24
104
24
153
3
54
164
193
189
8
114
67
97
164
90
106
161
167
164
55
126
191
196
193
72
0
69
53
193
103
134
77
19
52
145
129
162
120
48
103
28
179
91
151
165
88
140
112
24
111
84
41
159
15
38
173
155
54
104
14
135
62
171
164
111
159
48
83
62
67
90
102
188
49
58
171
23
185
141
77
97
33
122
0
63
18
152
21
89
2
149
146
69
46
169
148
70
156
32
59
147
83
86
123
90
175
76
83
34
117
161
196
40
7
21
112
145
156
175
76
119
199
38
3
87
178
76
8
126
32
110
191
68
140
24
73
153
97
173
187
52
110
92
98
170
149
183
101
107
113
189
190
72
154
7
46
161
103
64
68
59
54
45
34
70
114
59
37
69
58
120
166
199
26
122
58
42
120
156
106
71
166
103
96
88
175
13
199
86
111
153
53
79
131
82
192
101
194
5
154
114
31
66
90
175
68
15
64
76
172
49
37
42
157
98
5
156
161
108
178
19
136
195
78
16
195
168
84
197
191
49
92
13
91
198
89
130
184
119
1
101
85
66
24
103
76
8
145
78
45
167
155
140
92
170
131
178
49
92
36
25
12
59
184
145
3
1
57
122
186
39
88
144
86
170
193
188
166
31
161
68
158
74
198
13
137
138
121
103
106
33
178
7
7
184
97
154
107
71
156
196
87
33
138
17
4
157
170
83
175
106
177
178
9
122
110
185
178
191
100
77
90
76
67
153
28
90
43
148
167
98
15
188
50
82
162
28
19
177
144
73
19
124
171
26
42
91
89
14
3
190
6
103
100
120
60
116
197
38
51
156
18
169
174
158
134
126
92
70
142
47
32
194
31
179
86
90
197
56
57
142
57
161
94
193
93
82
159
19
152
48
77
69
33
30
61
141
89
18
21
178
26
173
44
49
29
153
179
101
61
46
4
54
190
53
5
184
81
174
65
52
87
108
91
139
167
21
192
79
126
152
40
36
82
111
145
35
123
84
168
104
55
144
180
121
96
174
1
103
147
63
102
25
88
14
4
115
145
43
75
78
18
173
42
193
115
184
130
149
44
71
161
182
126
59
142
141
178
33
189
122
24
137
41
103
198
50
97
40
115
52
1
191
111
182
86
19
49
45
85
136
140
62
192
75
127
42
182
52
64
0
190
93
84
193
56
170
29
125
16
30
97
123
152
13
10
29
73
25
152
82
5
171
31
188
28
171
86
10
112
195
86
129
55
93
122
155
78
21
113
169
13
114
54
36
162
29
144
79
29
132
179
185
117
105
42
151
38
106
118
126
72
110
104
22
197
141
103
42
70
134
47
91
82
150
134
156
117
156
140
89
1
50
70
153
99
157
71
50
188
21
196
131
34
176
114
21
187
18
183
18
110
191
65
24
126
72
79
23
171
132
26
109
158
54
23
148
153
44
180
185
90
119
44
189
58
174
137
32
37
118
109
121
0
189
117
146
98
148
155
56
121
17
102
49
18
4
152
150
77
66
156
176
130
53
130
15
124
5
192
141
48
15
142
88
121
107
174
55
116
108
127
124
115
185
85
135
57
192
46
20
185
98
27
131
51
2
113
93
147
78
3
102
175
120
6
62
14
143
32
129
72
62
118
150
69
70
121
5
62
127
52
42
138
58
109
14
14
122
117
20
77
64
190
169
183
142
0
132
17
75
103
166
105
61
21
3
115
5
176
54
61
116
47
179
164
92
134
13
161
49
116
64
76
46
93
144
99
83
57
65
79
36
48
80
11
69
136
86
57
130
188
29
51
67
107
75
139
61
59
12
168
59
136
76
77
43
36
137
71
69
52
167
164
14
189
165
130
115
186
132
155
17
3
64
43
33
195
103
59
192
134
119
134
149
77
60
188
108
64
71
112
136
55
186
91
4
180
127
68
42
112
1
21
189
161
66
106
65
52
163
72
27
133
90
167
162
121
149
54
13
68
54
58
134
43
7
178
68
56
124
82
134
62
23
98
147
136
183
195
7
114
122
109
80
67
153
7
87
118
179
29
121
147
65
199
101
103
161
44
104
117
118
114
92
87
37
144
175
13
186
58
64
128
169
160
156
164
192
100
6
80
17
157
198
59
30
37
96
37
149
140
149
23
3
87
95
96
5
41
133
13
185
36
6
91
99
107
27
4
75
47
13
125
116
156
14
88
176
176
59
18
127
23
47
50
182
150
91
117
43
178
105
114
47
140
183
87
13
108
97
48
39
166
72
86
31
157
30
4
75
155
19
193
194
66
73
11
75
122
44
97
68
55
190
178
192
174
95
199
2
29
153
66
14
172
17
50
95
108
17
172
115
42
139
136
106
159
152
101
125
55
63
41
68
92
65
56
72
31
152
128
191
179
144
80
181
78
174
3
143
180
133
21
156
65
103
152
140
91
16
147
130
34
47
176
126
21
54
57
195
139
112
22
23
194
82
157
41
47
26
6
148
83
148
106
18
54
100
128
20
138
109
131
133
39
16
188
183
102
152
151
45
116
98
20
199
22
99
93
156
132
9
23
154
187
11
103
104
58
85
90
101
16
35
64
178
168
86
94
138
43
109
24
154
9
83
103
10
115
6
60
99
167
0
81
68
145
54
104
165
91
142
147
36
89
149
151
133
195
6
61
3
0
127
86
110
3
166
115
125
13
57
54
99
79
122
97
62
89
113
161
18
92
43
190
12
113
49
34
122
12
123
75
88
96
11
151
165
128
71
43
20
135
30
104
70
173
155
162
117
119
79
46
132
170
25
104
154
115
88
95
173
86
106
21
82
161
117
102
187
156
178
148
58
15
193
149
74
72
168
58
140
47
85
180
183
152
83
109
73
157
25
176
34
157
69
71
184
181
48
55
68
161
19
26
123
104
8
120
161
81
187
27
161
117
183
102
79
179
141
104
142
153
167
11
53
22
82
12
59
138
106
166
4
198
175
72
148
45
110
183
25
166
106
129
13
61
9
56
144
149
115
126
132
149
149
179
162
116
84
9
66
146
181
56
47
76
177
99
185
35
14
53
148
154
17
193
190
123
30
190
166
61
66
91
40
131
24
60
189
172
96
41
183
114
62
31
81
161
110
30
141
103
13
151
64
186
90
63
192
42
92
164
173
53
5
194
5
120
28
179
178
153
169
25
126
102
177
17
15
177
65
6
93
67
102
175
151
9
187
183
134
184
85
102
74
33
65
48
64
8
61
26
69
119
51
53
124
2
97
25
91
167
6
183
164
172
31
67
55
108
87
132
197
87
70
25
191
125
88
97
37
87
30
151
2
179
178
41
148
34
27
123
26
167
177
13
103
38
146
125
187
78
35
98
8
164
74
23
105
142
96
40
95
105
84
197
77
144
123
128
83
26
171
139
65
198
22
131
137
13
108
91
183
147
90
191
156
116
31
6
69
72
140
90
34
74
131
176
35
107
96
70
93
189
13
134
154
151
10
102
159
116
137
160
126
72
72
109
156
81
159
33
117
149
9
115
107
110
111
44
142
199
184
169
77
1
133
198
34
150
96
177
180
145
157
113
102
8
153
89
149
176
31
44
135
195
113
30
14
152
60
149
155
176
84
19
168
104
38
57
118
168
13
121
157
167
91
104
122
176
113
54
170
13
171
4
45
174
74
40
70
94
165
184
31
27
50
145
65
40
189
66
160
48
35
138
149
73
25
131
182
11
149
57
48
52
198
91
188
33
40
133
56
178
71
15
172
27
165
118
36
131
22
61
134
91
128
120
137
93
17
180
142
133
48
158
98
120
158
71
73
152
197
168
15
42
118
176
15
109
33
95
71
6
125
94
90
4
72
158
29
77
120
161
142
163
71
104
69
47
133
146
183
32
135
182
175
8
134
14
53
108
99
152
163
125
13
25
122
8
109
152
124
126
105
93
122
24
93
100
53
188
152
10
177
44
177
3
14
89
66
165
0
100
21
188
71
140
156
3
73
105
37
156
74
172
49
52
5
1
54
70
93
18
74
90
125
105
32
18
5
17
111
185
150
162
102
112
108
159
52
191
82
54
99
4
140
107
125
18
117
121
174
113
193
190
81
86
117
74
199
40
107
76
33
55
9
9
95
112
153
146
58
152
91
112
43
125
46
175
182
68
70
44
65
50
95
77
79
35
71
35
106
64
186
142
180
185
95
14
134
151
127
81
9
116
174
182
170
10
83
140
27
77
186
31
20
125
96
145
65
3
54
73
109
48
166
11
188
13
90
108
134
154
77
39
103
198
193
169
187
136
71
38
103
72
86
166
194
173
186
111
163
76
5
8
36
98
180
63
140
78
16
199
107
109
149
98
174
67
167
151
74
163
104
48
125
91
70
147
112
71
73
187
56
121
26
26
36
154
95
5
57
40
28
188
17
67
51
4
67
197
108
115
91
22
151
40
90
185
150
12
120
95
176
49
110
86
64
93
104
189
84
75
95
111
1
198
37
153
12
171
170
42
148
186
3
54
59
152
18
183
42
149
56
136
20
189
111
87
131
197
53
31
71
3
74
135
117
42
194
27
76
25
86
172
2
31
141
111
149
94
16
199
6
153
180
63
80
106
80
24
87
45
77
4
171
2
53
93
75
107
29
12
102
59
68
185
92
79
30
156
116
164
146
7
79
132
54
72
145
22
93
30
32
57
54
15
116
197
118
35
7
142
120
65
190
61
89
52
5
77
160
18
169
15
42
153
119
35
100
78
10
36
49
11
113
13
92
132
119
38
127
47
60
46
105
158
17
51
22
50
153
29
177
141
35
123
45
27
11
193
49
62
56
151
81
61
120
79
153
25
112
178
37
172
0
103
91
62
195
105
178
13
116
196
156
120
84
52
135
184
48
186
105
36
158
92
145
119
160
16
99
40
186
141
51
102
22
94
67
54
39
83
168
162
50
29
142
80
192
22
19
124
184
19
177
131
161
64
53
197
181
190
85
142
106
83
167
129
170
134
12
97
74
189
91
190
183
149
185
24
164
29
94
68
88
112
12
56
109
157
97
164
99
28
83
38
67
39
19
178
40
187
98
13
167
34
168
180
191
111
91
150
35
69
29
138
189
163
38
118
77
192
0
134
95
87
122
61
186
15
164
19
28
122
153
171
83
104
107
192
94
39
112
156
50
153
97
92
33
74
68
11
157
29
15
121
51
186
29
55
130
54
118
98
98
126
94
178
105
89
95
78
128
18
98
94
197
87
177
61
186
49
16
72
154
176
154
143
124
178
8
47
176
159
116
122
174
68
44
28
158
147
121
194
34
155
151
1
103
185
191
81
138
99
120
124
32
172
109
46
142
33
112
34
111
39
195
111
76
135
103
46
181
88
158
73
158
31
82
113
109
157
177
148
167
20
176
49
18
47
164
25
37
158
199
156
76
147
144
29
192
188
59
4
27
157
192
125
89
89
16
130
146
69
25
194
44
41
26
68
101
84
82
164
21
163
91
129
74
69
116
160
102
6
117
177
67
70
99
196
55
5
107
103
186
182
123
95
148
29
116
120
108
126
52
28
75
132
16
20
38
130
30
117
66
17
184
121
34
183
85
73
92
48
161
117
147
172
61
16
29
165
105
154
60
19
142
67
145
93
184
73
124
158
56
95
184
138
96
90
108
164
152
80
141
21
198
7
86
11
73
64
170
148
38
6
152
125
171
127
44
19
169
142
135
21
8
113
157
4
18
22
188
57
89
117
44
193
124
122
74
95
20
187
158
38
118
184
69
129
105
123
169
66
22
109
43
171
80
9
131
140
137
114
118
185
52
165
198
7
17
146
160
76
42
37
151
48
13
115
182
123
130
115
162
44
180
10
141
52
60
91
87
133
73
177
199
122
92
154
88
84
144
99
15
141
143
170
48
77
39
180
120
167
139
51
52
64
54
19
185
67
162
73
157
107
15
80
43
14
87
162
68
106
5
32
128
96
166
118
117
178
136
38
174
145
128
159
124
15
128
57
2
30
76
112
98
27
61
147
165
195
23
88
152
88
109
150
154
143
45
46
57
74
69
54
133
93
148
59
180
135
182
187
29
143
143
109
184
152
73
117
82
11
177
128
30
175
179
128
15
80
126
20
186
9
25
64
96
111
45
172
178
147
109
11
133
75
135
195
61
167
47
20
133
11
97
150
100
198
123
107
19
13
45
22
163
12
137
71
116
58
77
45
96
24
31
14
159
87
72
190
67
195
105
73
163
71
34
158
172
182
2
91
91
115
16
79
16
158
88
160
21
188
121
34
156
17
147
24
94
61
38
138
7
16
125
35
39
11
81
13
100
21
163
11
123
142
161
35
29
172
18
87
174
143
28
47
41
123
122
140
31
162
188
139
118
67
166
12
102
123
42
86
63
166
106
48
46
42
13
71
166
89
195
159
99
17
156
88
130
49
74
95
93
154
55
109
162
151
144
64
123
171
177
172
0
166
27
70
40
123
112
93
167
25
79
77
1
156
43
177
5
32
150
85
29
177
187
5
65
145
8
85
99
151
178
141
181
128
187
177
150
61
70
107
172
73
75
5
100
189
166
151
29
2
130
81
18
195
195
46
198
172
105
5
33
194
152
92
121
17
117
12
188
180
179
108
17
4
66
26
63
48
193
157
165
190
195
104
121
195
181
187
44
117
47
92
66
162
9
142
111
156
197
139
45
195
90
163
75
63
25
121
103
97
168
22
147
37
59
37
13
71
123
114
153
158
71
24
2
33
190
21
61
85
7
116
102
160
184
103
92
181
122
6
159
36
182
112
146
101
73
101
19
137
186
191
136
86
156
179
11
45
54
167
166
33
120
1
186
158
113
113
81
67
11
36
116
37
144
71
54
170
86
164
103
151
101
188
52
46
26
81
196
160
12
54
54
155
59
198
14
144
32
126
126
155
104
96
89
104
170
37
75
95
72
62
76
99
10
166
83
20
5
168
31
159
3
72
41
159
92
89
109
99
11
75
63
20
163
174
99
32
120
167
173
112
186
62
70
146
187
34
48
172
18
65
9
46
144
16
59
178
104
108
196
163
68
130
49
63
66
49
29
187
37
114
183
26
72
81
66
48
13
147
151
33
92
187
21
65
47
195
160
168
90
131
102
100
48
17
190
11
104
150
148
115
142
57
111
112
38
50
76
74
196
165
75
15
47
72
31
116
164
163
36
84
142
91
104
178
131
11
163
89
113
73
131
198
47
56
128
54
57
126
103
57
76
68
66
51
95
133
148
195
170
181
67
66
40
40
182
137
104
93
157
191
58
85
95
22
132
155
126
153
172
9
104
132
80
100
7
16
73
118
176
106
46
134
169
86
101
22
10
125
140
65
86
48
110
175
76
48
81
198
125
188
124
102
154
70
125
113
62
171
136
158
30
44
116
33
90
45
24
24
107
10
147
108
92
25
17
138
173
48
89
45
58
132
91
74
146
43
55
40
91
198
185
50
171
191
80
26
58
139
101
123
67
19
89
99
105
125
96
171
190
138
169
165
135
68
199
73
171
126
82
124
34
56
54
165
90
85
54
101
109
139
113
107
71
166
50
129
155
169
69
190
36
26
29
113
193
185
147
87
138
53
10
9
87
163
133
85
104
115
145
78
71
17
47
187
10
77
33
18
140
128
78
7
27
60
161
141
180
94
188
55
186
138
66
67
62
115
97
123
56
126
102
106
92
1
155
152
88
70
28
194
26
198
39
193
198
148
49
149
116
175
141
125
16
154
15
150
107
180
175
86
47
144
193
107
16
176
17
13
198
195
20
157
31
56
74
33
161
109
72
157
101
137
58
119
23
42
69
110
42
27
170
192
137
38
190
111
192
98
70
16
24
1
176
24
81
65
189
34
82
69
43
25
140
55
167
183
68
4
95
136
47
164
126
86
33
172
160
33
54
178
21
10
105
140
163
37
131
126
75
57
42
14
38
142
155
181
65
57
163
53
123
30
31
137
191
195
51
158
101
61
7
60
130
194
190
32
96
18
40
154
193
66
80
157
5
14
39
80
43
171
71
73
123
150
100
185
82
36
84
199
23
79
160
173
178
106
10
17
76
82
198
17
114
1
13
167
75
127
37
180
65
159
172
195
108
107
59
21
33
133
184
133
146
36
51
192
168
191
162
171
195
97
136
0
106
97
184
126
197
140
55
195
127
65
23
145
10
177
0
67
107
146
26
115
28
70
157
145
192
116
33
169
185
99
25
170
101
110
42
135
119
25
58
100
162
151
156
182
152
45
40
190
97
38
30
44
55
19
35
5
134
159
92
1
41
12
31
179
7
126
10
198
149
178
3
120
173
195
150
181
124
89
77
187
169
69
1
46
129
78
151
167
151
97
150
29
184
17
165
160
29
3
114
22
115
68
100
61
92
1
162
4
144
107
68
134
118
37
183
83
107
163
23
156
182
129
52
107
90
69
103
157
162
130
62
173
44
26
155
7
28
54
11
149
113
173
114
33
148
64
91
120
188
14
37
31
135
25
90
197
171
35
25
117
123
102
187
142
109
151
50
168
152
78
142
101
122
157
49
162
128
155
2
89
103
139
31
101
47
78
179
136
167
57
199
92
123
20
181
164
130
177
15
7
196
125
78
113
193
150
127
37
108
153
63
34
143
119
159
17
136
179
35
152
33
51
117
71
14
48
7
5
87
195
53
109
108
142
48
179
168
69
22
12
31
199
119
15
169
37
107
199
64
37
183
194
158
59
39
65
72
141
29
83
103
177
183
8
133
62
175
40
196
12
156
158
130
57
61
196
177
184
102
52
43
40
91
79
154
22
81
110
77
160
196
28
135
24
99
164
146
17
16
91
57
41
115
116
91
26
190
85
107
126
163
59
59
31
26
190
33
41
151
107
106
69
72
18
131
58
60
67
23
26
78
162
35
22
65
84
149
135
189
117
162
50
16
16
86
7
169
82
22
79
157
91
130
135
36
42
143
93
13
132
57
158
30
192
29
33
144
34
132
12
175
178
171
33
120
160
7
116
195
159
151
196
39
155
138
123
125
72
159
28
68
176
195
16
83
1
172
133
54
97
116
36
168
78
58
69
79
158
195
121
68
144
118
156
33
166
140
125
182
120
198
195
172
21
105
157
34
136
20
102
190
197
154
84
163
119
195
36
64
15
37
35
66
67
0
11
104
8
118
144
19
182
65
182
1
119
183
169
119
66
113
1
43
43
73
24
140
199
81
64
9
182
121
198
134
26
40
117
54
182
148
57
26
165
164
121
7
41
2
80
173
60
6
120
75
118
102
131
72
179
194
103
181
32
115
189
199
170
52
175
80
196
160
36
181
83
187
105
113
159
109
157
152
152
57
185
49
178
19
146
67
127
120
76
152
144
16
181
126
183
78
92
74
132
48
196
176
114
1
80
149
70
44
45
77
59
156
134
169
156
62
48
160
55
56
180
126
194
35
170
74
54
59
136
129
172
31
158
0
144
108
28
190
129
28
171
176
9
147
93
47
63
171
131
92
31
37
49
51
11
88
103
149
105
6
103
103
112
41
77
56
47
62
136
112
172
7
84
132
142
52
50
30
104
52
173
90
35
37
40
131
190
11
193
115
188
133
69
17
3
155
95
53
52
3
88
15
140
180
52
126
166
65
143
84
130
7
90
70
166
58
190
74
24
145
60
137
149
82
22
188
161
144
5
50
172
97
9
15
44
164
54
137
181
24
177
196
26
143
111
166
198
169
94
108
180
157
115
43
71
178
15
66
135
132
134
148
89
98
165
60
145
157
32
10
118
147
189
98
107
96
88
59
102
46
148
13
198
131
43
12
102
17
98
73
0
60
156
135
104
116
81
27
6
145
19
188
39
86
85
98
17
183
89
36
113
172
180
25
99
0
47
136
197
131
29
155
113
114
100
54
132
49
66
94
120
87
46
92
42
199
55
168
49
23
69
66
92
121
82
116
150
47
53
52
98
43
19
62
84
12
2
150
171
173
83
122
162
96
179
181
53
96
174
168
30
180
17
140
116
151
83
187
92
28
134
4
23
134
136
108
16
198
105
90
104
166
192
131
8
122
6
148
50
102
199
6
5
82
144
124
139
147
73
184
120
51
193
67
49
72
112
155
15
194
190
86
135
158
109
101
183
8
189
61
30
29
52
190
192
158
151
38
78
120
114
184
94
41
152
166
12
141
152
174
157
174
116
119
155
178
47
165
26
198
34
122
21
137
154
125
166
195
10
103
49
92
17
63
35
121
8
40
188
177
194
32
126
77
88
161
49
94
88
173
85
137
57
42
59
93
134
29
65
69
197
90
104
137
90
106
147
7
157
157
133
111
76
119
135
100
30
167
174
126
14
106
77
148
152
111
44
70
179
67
45
113
195
164
102
132
57
123
96
72
114
35
27
76
145
118
124
134
41
14
20
13
180
1
182
75
89
93
180
192
93
99
38
18
185
9
137
97
147
103
96
150
60
35
122
4
181
48
119
175
111
89
64
0
110
28
90
34
48
41
167
15
72
90
17
108
154
156
44
84
10
123
119
32
46
156
174
43
68
139
183
75
97
149
142
131
152
96
48
142
163
135
64
167
184
178
162
44
51
106
170
80
196
81
136
39
157
152
50
132
171
122
29
78
142
14
18
66
30
34
1
194
196
82
13
123
34
120
124
172
56
78
176
42
164
111
103
1
181
83
12
68
52
113
23
141
80
30
168
193
20
156
35
27
39
135
72
72
72
145
115
82
196
124
35
46
54
143
185
81
65
90
78
95
13
196
129
179
188
188
68
19
71
76
18
35
186
1
15
178
32
15
75
10
84
162
29
128
86
71
193
99
198
16
149
137
161
79
182
165
37
178
137
69
146
28
72
104
126
141
52
149
77
167
161
22
132
121
35
131
80
49
43
139
88
58
134
102
12
166
186
46
120
84
93
139
9
98
180
13
26
94
196
124
19
94
185
172
7
160
169
5
145
195
164
46
27
68
19
121
154
165
57
50
49
143
10
129
40
113
199
55
160
153
115
181
134
174
150
31
66
104
3
136
36
39
63
15
130
105
97
119
111
128
104
181
11
39
86
18
139
36
151
112
197
17
125
114
75
173
4
27
9
96
101
105
188
107
169
186
137
189
148
76
64
147
11
195
3
87
19
171
198
121
192
110
85
27
22
183
156
5
136
189
127
105
123
35
31
170
165
84
174
142
55
140
7
58
197
9
77
76
38
96
86
27
196
29
75
146
42
26
103
116
125
112
25
130
104
172
96
104
48
136
115
93
144
66
138
33
186
98
164
121
139
13
30
37
26
135
116
171
29
189
119
117
159
48
75
37
50
94
28
152
85
98
76
120
106
44
12
92
95
27
197
10
134
54
17
85
51
82
67
81
18
38
152
3
139
82
0
190
99
198
85
8
96
95
15
51
184
36
41
103
135
14
180
117
107
94
5
102
21
9
198
25
39
118
54
108
148
145
93
186
113
160
1
123
78
49
78
145
144
182
197
182
142
177
140
11
14
130
126
44
180
32
150
135
14
60
77
155
119
89
6
109
70
159
122
37
2
119
174
95
68
96
21
61
9
128
186
123
115
142
22
59
35
132
186
190
140
123
10
91
167
110
134
154
7
144
110
162
24
146
162
64
33
132
131
193
187
21
97
22
133
190
170
94
62
112
44
154
22
38
143
18
105
53
18
21
48
119
24
173
189
143
39
81
148
192
85
60
65
86
119
91
106
5
127
11
74
24
89
65
174
194
58
99
39
129
182
67
125
48
109
172
165
3
144
13
127
54
198
91
102
134
38
156
156
113
80
13
178
113
68
84
185
67
62
74
48
166
157
40
162
87
135
18
123
89
187
121
95
98
50
75
31
1
58
77
1
196
1
184
26
118
10
65
91
36
143
91
77
177
124
55
75
55
115
83
187
198
114
81
8
2
117
174
87
100
72
35
195
43
22
24
175
99
31
76
72
59
9
50
85
92
198
125
99
6
46
131
89
117
105
176
53
64
83
98
34
106
164
137
55
137
59
113
36
68
127
136
3
34
161
66
33
133
185
69
128
46
11
6
130
82
181
170
180
121
25
65
181
191
26
108
17
188
188
199
126
62
133
66
74
94
57
41
103
40
79
124
29
19
14
105
18
49
66
52
96
41
25
136
139
176
189
104
117
38
158
135
112
84
109
37
64
163
175
154
146
119
76
93
173
115
35
158
196
55
12
2
148
140
121
180
128
183
82
24
119
12
124
91
63
18
61
6
0
100
150
9
191
88
85
181
85
152
190
138
140
46
190
31
134
45
68
47
9
114
44
64
115
65
178
144
134
156
111
32
199
31
26
106
169
14
6
143
26
199
100
41
174
5
141
191
120
177
134
103
74
61
177
13
108
3
148
114
17
87
24
176
50
182
15
122
125
142
43
144
70
196
71
79
136
117
141
31
111
68
92
199
165
154
186
51
80
196
198
13
77
110
27
2
147
6
26
155
46
179
151
91
174
131
21
1
195
68
177
131
167
162
192
10
1
151
118
149
193
81
4
54
85
102
29
88
87
90
165
178
88
177
15
93
158
112
153
129
109
13
22
14
84
151
24
166
71
7
151
96
117
6
107
119
53
17
50
161
130
88
190
179
160
4
198
154
153
38
159
124
161
180
199
189
2
126
198
182
45
15
58
95
198
103
109
69
178
181
29
119
128
106
136
130
153
17
129
133
125
186
3
158
76
101
137
35
189
132
0
197
14
154
130
55
97
55
104
92
56
21
107
142
13
165
151
51
40
186
28
178
13
16
10
68
33
117
40
117
113
189
41
9
167
52
132
43
130
44
31
177
121
198
32
92
101
141
159
171
160
110
146
150
85
19
142
128
52
159
120
102
58
197
150
117
123
105
20
184
110
151
174
22
20
66
143
34
51
157
172
164
77
126
144
157
24
65
29
40
138
24
148
27
163
127
145
61
39
5
166
185
110
23
145
177
82
183
125
78
157
107
27
187
20
128
58
114
27
156
194
190
70
106
65
64
90
40
127
117
174
173
21
83
121
199
85
172
49
57
29
52
77
41
134
149
104
119
132
154
19
129
161
144
125
123
42
23
57
188
149
80
36
12
77
178
122
106
164
173
85
26
149
119
48
28
147
124
30
167
193
120
194
43
38
184
42
119
124
191
61
199
70
84
174
63
68
1
5
5
68
118
0
8
23
188
107
127
29
150
153
69
197
73
125
152
165
148
58
128
67
106
163
133
134
76
56
169
12
44
165
116
152
157
73
94
7
190
120
88
16
165
149
75
174
16
40
34
83
6
48
148
90
148
117
89
17
76
100
54
2
0
32
91
44
84
41
81
42
162
28
161
112
95
95
16
70
74
23
6
131
196
80
14
6
122
152
120
123
32
32
10
81
49
128
109
124
161
190
60
116
147
115
79
17
62
34
173
57
66
126
72
0
89
79
10
187
88
152
6
33
68
152
33
174
98
18
128
141
55
196
11
73
6
17
166
72
0
19
80
5
165
112
20
32
152
48
165
116
41
145
79
45
140
22
48
53
39
123
6
105
25
181
42
180
126
82
105
8
95
141
108
172
54
11
77
166
79
151
122
86
146
78
150
149
44
121
194
193
198
93
123
30
189
80
5
146
120
193
126
117
25
116
149
162
178
194
64
119
185
113
77
69
150
21
168
4
177
58
180
31
192
77
37
39
14
182
17
22
104
12
119
91
184
37
103
69
124
120
97
77
114
170
66
188
74
33
194
70
189
119
192
58
51
119
126
24
56
37
161
126
152
77
57
14
146
116
103
191
161
58
180
182
189
180
62
160
33
109
69
7
5
156
52
120
27
38
163
173
111
153
186
35
71
74
0
186
66
83
136
92
109
61
21
108
64
13
60
149
152
70
72
92
85
68
68
179
123
88
96
42
126
37
38
20
167
165
151
196
180
48
31
74
11
139
127
133
102
121
137
174
98
153
29
23
185
83
138
63
24
104
41
4
163
149
147
83
181
123
155
70
131
111
158
106
88
65
7
12
75
139
39
136
44
192
193
166
38
54
84
26
173
121
34
181
177
182
189
85
148
56
136
182
141
115
123
195
191
187
129
46
187
47
156
111
193
176
120
188
102
144
77
5
119
145
158
123
148
115
46
133
40
57
138
127
125
128
2
39
148
181
169
197
106
178
155
38
38
125
150
61
54
45
25
183
2
178
18
49
168
136
164
64
54
7
45
61
39
163
125
155
148
195
66
94
132
103
65
90
86
43
159
69
195
90
133
90
153
153
186
43
97
42
130
178
178
1
164
108
119
191
122
187
19
192
129
150
77
115
24
39
174
110
46
1
31
67
52
35
48
186
9
117
163
12
20
63
39
186
188
177
9
88
92
58
100
186
82
144
161
121
62
48
26
25
96
11
104
58
58
150
172
105
85
76
82
139
159
90
66
150
105
6
81
11
183
77
156
179
177
48
140
165
63
58
117
10
185
33
112
94
76
14
169
82
128
34
178
66
46
175
134
144
159
49
35
188
120
111
30
177
50
146
50
180
37
9
139
99
5
77
93
64
20
32
18
73
135
117
16
6
45
28
64
110
138
101
11
109
26
102
143
118
160
98
111
177
110
144
153
138
127
61
57
110
192
39
155
58
22
40
38
66
97
115
139
58
77
78
53
133
185
187
90
87
160
157
119
185
93
12
107
89
148
13
114
75
44
64
1
161
112
15
65
26
188
57
116
129
197
104
53
165
169
53
60
73
198
173
199
191
127
192
132
173
56
191
66
68
34
31
88
33
58
14
197
107
44
33
31
64
70
183
151
91
39
46
81
174
118
160
73
159
62
65
57
131
95
160
191
108
168
56
107
152
144
178
126
32
85
184
167
169
164
16
151
66
14
139
12
51
11
81
66
150
104
67
5
13
148
13
180
120
25
70
191
168
86
61
17
5
89
18
136
