2486	152	7	0
135
142
24
34
158
141
83
102
14
91
33
151
100
116
3
87
94
75
138
36
192
4
165
156
97
136
157
36
140
3
48
133
170
117
137
20
45
75
9
76
112
121
71
25
66
159
51
180
193
5
128
86
171
156
87
11
55
67
152
125
194
82
44
154
166
79
158
163
181
51
199
161
75
199
129
70
65
0
19
54
78
140
156
48
40
81
179
92
184
89
26
171
44
67
58
86
141
56
10
148
25
112
41
179
163
90
27
82
86
101
153
160
137
69
96
29
132
101
140
140
24
85
30
121
141
112
96
189
149
141
97
186
157
184
35
157
188
85
34
64
180
184
151
56
78
91
43
138
74
61
39
45
12
108
72
68
33
7
128
123
168
146
15
34
38
126
137
67
10
172
160
116
88
190
58
34
97
99
174
10
47
85
72
141
46
121
12
183
173
154
127
148
20
9
97
32
136
30
110
81
82
92
19
196
62
36
126
80
46
184
103
147
22
169
91
167
99
152
71
72
157
30
41
100
12
25
57
40
54
147
87
43
6
112
47
194
8
36
199
96
9
182
185
38
44
189
75
46
111
158
92
128
92
71
1
96
51
187
94
21
181
186
0
134
155
76
94
98
37
43
104
28
62
138
120
178
173
69
166
153
191
198
103
166
15
73
13
115
151
61
161
124
160
160
69
197
190
69
38
178
71
141
135
170
178
15
97
41
140
133
22
121
5
173
181
196
17
40
71
9
147
147
184
184
156
199
153
139
185
15
90
188
122
21
174
77
111
58
191
152
173
17
15
107
70
110
176
135
159
32
60
46
99
39
150
198
84
12
169
22
137
189
47
52
19
97
9
193
26
110
102
90
149
4
87
196
31
29
183
50
44
116
87
118
18
128
47
122
141
67
65
122
131
11
136
16
62
156
6
146
176
143
50
156
40
132
136
198
90
103
19
147
77
114
46
181
22
135
128
167
186
56
69
89
25
101
137
130
118
105
55
61
43
178
56
98
153
107
40
159
45
87
2
187
30
60
107
88
58
2
156
42
184
151
81
184
145
120
14
158
144
198
177
180
152
74
131
79
173
118
72
138
82
50
87
49
65
0
51
169
26
165
191
39
155
84
96
52
109
24
124
50
15
5
168
53
196
52
143
72
23
177
143
67
71
75
94
15
181
40
122
78
90
10
21
2
158
106
135
168
11
39
69
47
64
19
192
91
113
3
169
137
148
121
112
119
150
119
163
66
140
65
115
122
158
96
147
158
69
143
130
87
53
76
0
164
78
60
52
194
156
11
92
78
159
152
22
112
5
73
83
189
58
31
4
57
10
192
84
167
69
165
181
56
41
96
38
83
62
93
34
70
42
17
140
178
53
67
118
20
54
197
1
133
36
78
79
96
18
24
180
43
26
154
75
76
138
17
13
97
115
16
60
52
198
64
149
169
193
101
132
62
55
56
57
158
94
138
1
81
74
52
32
36
47
192
113
144
19
179
24
138
10
161
118
46
35
5
84
185
56
36
4
18
91
165
56
107
139
39
93
162
174
199
10
86
72
92
3
121
162
137
99
25
190
158
110
130
87
59
140
132
157
187
57
148
117
104
105
81
16
121
9
30
2
165
105
7
34
98
13
89
138
39
3
195
76
154
62
179
148
135
17
6
173
45
80
112
139
86
88
28
160
44
143
128
58
131
78
113
57
182
43
150
134
153
106
147
31
104
164
141
0
35
112
85
107
64
101
26
96
131
122
199
48
147
196
15
98
12
159
192
88
164
152
43
12
92
39
174
140
30
114
148
78
150
187
91
148
86
164
71
176
9
177
111
195
164
124
68
62
92
175
18
44
112
97
60
143
92
43
96
103
30
52
68
9
9
9
148
116
60
8
98
151
199
139
24
158
137
43
148
131
16
74
161
56
182
2
78
35
68
52
5
179
110
144
2
183
34
3
173
54
126
47
127
33
134
148
125
76
31
100
20
43
99
116
41
81
89
63
147
172
56
173
136
101
128
40
112
155
157
199
26
118
57
91
194
41
36
102
83
122
194
196
14
163
154
10
167
50
7
131
145
126
61
2
166
104
1
57
44
193
69
120
7
50
87
129
95
101
36
63
62
147
134
55
0
104
88
31
31
192
194
164
171
101
78
143
186
48
173
127
41
12
62
26
39
139
92
156
170
160
27
66
137
12
175
129
13
84
114
32
29
143
120
124
172
157
159
97
41
26
152
6
99
154
125
193
15
199
62
10
144
166
108
124
193
48
185
117
122
172
122
119
148
26
155
55
67
34
69
59
159
162
102
25
151
46
189
58
139
58
16
77
59
83
100
104
154
28
192
33
65
93
79
138
121
173
152
155
65
80
139
146
31
75
59
125
111
108
146
88
38
159
14
50
145
163
14
82
15
68
48
191
127
161
91
116
48
13
163
130
75
43
86
80
151
74
50
198
137
144
97
63
117
3
67
85
53
42
94
30
141
107
12
188
25
6
18
18
188
110
128
194
102
119
1
35
184
26
137
168
103
70
70
4
179
73
180
193
163
61
49
73
71
197
66
3
90
62
88
167
114
99
3
45
92
160
17
166
57
176
58
110
143
98
35
138
189
158
158
12
72
150
66
181
99
87
132
186
62
31
186
151
53
88
16
39
123
82
193
70
180
95
3
174
148
176
135
21
63
125
187
144
30
138
70
144
35
5
16
67
73
35
99
174
66
18
66
150
62
193
173
62
133
164
134
90
146
12
195
2
133
19
128
122
75
37
48
62
179
138
56
27
199
136
48
137
69
53
87
60
66
122
26
114
42
51
128
127
38
90
21
187
10
172
185
109
65
35
85
122
96
123
25
150
149
136
148
98
114
108
161
94
57
103
139
6
197
159
85
144
186
167
17
150
147
83
42
111
102
65
159
56
14
107
87
111
117
1
196
176
140
156
198
96
48
125
61
55
195
180
89
187
44
125
185
143
171
116
79
18
165
105
53
164
177
143
190
3
37
118
3
124
192
8
16
182
92
185
194
144
151
71
152
66
127
193
115
136
159
172
28
27
11
128
56
138
4
10
186
175
72
67
53
20
49
133
28
35
152
101
169
85
142
171
46
42
63
175
179
39
27
111
44
182
162
147
6
191
188
81
167
20
146
187
47
91
92
142
46
196
184
78
44
18
11
54
23
111
0
107
28
183
67
104
53
143
48
148
163
174
60
111
192
137
71
4
20
125
117
128
131
29
128
41
175
172
12
161
174
156
134
162
106
181
98
107
193
177
79
33
114
76
17
193
123
33
139
89
25
79
23
102
44
34
196
168
110
94
67
138
33
175
6
22
154
99
68
141
174
137
45
196
183
147
119
194
51
127
163
94
41
140
135
141
40
95
193
185
150
28
4
37
10
186
186
188
119
119
63
90
94
43
117
155
39
97
25
15
91
88
106
175
128
64
161
97
66
159
113
166
91
83
21
61
111
18
72
57
174
165
173
29
198
11
187
64
29
82
172
11
56
48
43
120
83
63
160
132
62
167
26
53
184
102
112
159
162
170
107
167
146
79
155
51
26
92
180
137
21
152
140
59
102
138
92
20
13
94
137
13
143
155
7
152
169
49
33
30
152
192
87
12
176
19
116
79
62
92
170
64
196
153
197
27
162
180
73
169
83
24
32
38
51
111
124
189
138
16
85
191
181
70
24
98
10
68
45
134
126
21
91
59
158
80
138
126
78
128
100
74
120
49
169
43
156
54
45
15
104
40
176
165
133
49
131
55
183
127
90
75
158
60
146
172
109
177
159
89
95
75
98
107
193
62
175
154
167
157
87
121
15
44
142
53
148
117
58
61
48
174
14
51
154
4
51
185
175
9
66
23
8
56
48
33
104
97
62
172
9
16
188
121
170
136
114
2
22
149
123
82
171
135
182
185
38
139
154
109
192
107
173
164
191
173
153
150
148
73
44
71
188
139
90
26
173
121
49
161
15
143
161
80
84
62
22
50
133
179
11
116
115
51
37
101
95
52
41
79
190
95
35
71
133
90
108
39
52
146
182
6
10
189
192
125
22
173
81
194
125
97
194
89
172
181
29
118
35
34
148
8
4
73
15
95
184
152
94
6
13
39
7
68
117
52
156
140
85
138
140
148
128
160
68
42
40
174
186
58
97
3
158
181
34
98
173
164
88
106
68
74
33
180
181
39
98
184
49
80
46
168
90
36
83
110
188
2
74
113
24
78
67
75
99
98
67
70
193
1
59
164
98
47
30
134
159
76
46
172
100
119
108
27
105
175
162
53
166
125
199
123
42
93
190
53
96
156
83
145
191
99
36
66
61
73
55
136
39
111
150
69
23
196
27
136
19
105
105
138
14
175
66
102
69
92
103
70
56
101
103
40
82
173
6
199
23
108
33
118
98
43
84
55
192
35
24
162
172
85
172
97
56
172
55
8
100
127
0
114
135
178
74
46
63
140
175
17
126
180
175
29
35
20
13
166
114
176
70
21
106
112
111
118
104
120
11
196
149
16
166
125
81
192
152
144
114
188
9
82
37
53
53
127
55
39
197
46
121
7
2
22
46
133
150
196
27
191
169
15
122
142
181
186
50
41
22
40
6
159
25
55
0
19
112
2
122
120
88
154
49
91
15
0
135
64
157
153
3
141
198
43
39
99
24
143
110
42
112
60
48
180
35
131
59
26
92
34
176
114
97
64
95
66
146
159
111
95
175
87
190
46
109
6
138
83
173
190
106
80
40
103
35
5
3
36
115
78
123
50
92
98
126
153
69
159
62
55
51
115
114
42
31
94
66
12
156
139
7
172
120
165
172
86
125
54
109
140
122
43
163
21
42
123
114
196
1
150
159
173
175
75
176
56
42
25
162
15
20
159
57
116
150
199
48
36
119
20
173
144
22
157
24
42
112
10
32
132
158
179
10
155
86
48
95
91
28
11
104
125
196
154
65
108
111
136
71
101
88
67
127
99
146
104
61
66
8
82
173
4
80
138
114
136
93
65
193
72
63
184
161
169
105
168
137
182
23
190
69
149
178
190
47
131
114
184
142
115
167
32
22
65
91
143
155
149
103
160
59
67
193
5
112
8
199
199
54
159
130
67
15
169
18
74
56
186
66
10
80
192
16
72
109
95
3
167
122
160
73
153
105
80
156
188
73
4
193
40
20
155
29
117
72
171
83
122
112
117
78
40
110
29
128
125
63
106
109
36
59
172
151
25
23
83
190
58
65
195
76
169
31
21
194
15
101
58
123
123
25
72
147
191
53
31
195
99
152
45
20
195
97
197
181
123
33
7
34
67
155
169
155
126
27
130
71
68
185
7
3
80
57
95
36
139
95
145
60
7
52
181
131
24
120
64
174
140
83
25
77
196
4
96
195
50
156
70
47
162
64
0
194
190
58
141
76
1
99
143
0
45
167
198
104
87
196
24
166
192
80
189
65
199
167
110
144
10
86
141
150
12
111
24
130
40
129
7
129
43
75
181
19
48
76
180
151
85
58
57
51
130
94
70
180
114
176
190
182
33
13
115
184
6
129
179
184
91
122
17
54
79
139
56
152
140
33
75
138
68
94
71
95
167
111
194
144
183
100
156
80
36
180
3
74
124
171
94
79
138
169
31
32
7
127
35
132
62
81
126
126
169
27
7
183
58
81
