8575	49	85	3
78
105
49
101
83
65
42
8
171
93
32
75
195
198
61
79
170
131
102
98
109
17
119
82
37
124
63
60
155
57
171
151
147
170
102
114
38
156
174
63
105
145
58
187
11
77
87
10
76
175
194
124
49
86
176
38
197
69
137
38
9
101
10
71
59
13
10
108
28
120
44
101
147
44
164
140
112
130
117
107
139
175
158
43
139
198
29
59
130
31
147
19
149
112
168
28
186
191
183
31
138
161
34
14
30
146
152
59
150
145
43
195
115
103
94
86
38
77
67
165
138
111
155
17
13
136
71
172
84
91
43
78
140
67
50
103
68
168
189
171
63
78
164
55
145
116
103
23
23
94
142
137
128
48
189
161
66
87
139
130
5
85
34
126
149
25
25
155
187
17
12
26
82
157
141
76
103
105
188
163
33
159
2
82
0
150
179
106
51
27
82
42
169
186
182
139
121
169
74
165
77
105
163
49
129
26
194
133
66
26
145
93
41
146
90
12
86
14
3
30
114
6
142
89
76
5
13
8
101
109
107
115
176
117
21
55
33
161
183
165
198
100
51
18
122
109
20
195
70
75
104
58
43
181
36
169
171
187
74
42
165
123
190
144
22
9
94
78
141
30
71
66
31
131
76
62
193
74
194
91
4
177
79
178
27
109
144
176
80
47
98
28
68
37
80
193
197
95
35
75
41
68
152
32
153
153
163
44
154
198
81
152
101
189
147
161
29
184
158
104
136
61
87
44
135
24
45
120
128
46
95
145
139
57
172
17
161
53
73
129
103
85
20
191
35
123
176
155
86
131
18
175
151
34
183
3
1
184
56
59
186
103
150
14
124
167
184
50
25
104
131
121
199
115
41
194
19
157
154
166
162
129
55
136
122
153
14
24
158
41
191
132
97
56
92
147
74
196
151
112
142
136
70
183
100
188
90
79
121
130
150
148
76
104
146
136
99
87
110
157
188
31
60
121
80
196
14
111
177
26
119
14
29
72
102
152
42
180
52
145
25
107
135
50
96
131
191
153
47
103
109
135
149
102
188
29
74
24
167
180
188
78
58
40
184
133
37
152
6
23
115
52
176
30
33
83
11
13
65
17
187
182
190
65
165
193
162
157
125
39
19
183
168
36
45
154
196
122
1
2
20
128
114
149
120
151
40
12
49
188
14
194
97
70
174
104
65
46
12
123
116
70
87
91
49
160
36
0
30
84
21
35
87
93
7
38
134
40
73
89
29
82
192
34
63
102
15
72
52
39
172
44
11
64
102
157
130
126
178
79
40
126
133
199
28
160
92
37
31
120
71
158
171
13
60
196
55
127
111
109
3
138
175
13
182
138
164
89
151
113
53
121
80
28
102
177
166
39
118
60
173
88
150
142
41
135
77
4
127
7
49
58
137
41
137
25
113
54
37
170
157
143
71
124
184
59
99
142
146
148
0
73
13
6
91
173
32
125
1
63
177
10
82
92
99
33
53
124
176
11
166
125
23
139
77
195
86
126
112
73
147
20
112
7
84
182
89
33
95
75
122
135
139
75
165
182
85
78
153
122
143
186
82
22
82
136
130
58
165
146
105
96
14
11
192
27
4
67
44
84
15
157
69
26
144
182
142
181
26
28
199
151
162
129
101
176
10
187
140
165
88
34
11
21
54
133
173
31
11
97
192
42
15
15
150
43
43
136
9
181
150
63
60
152
21
132
196
192
106
9
101
65
125
122
17
164
80
46
123
65
195
148
98
9
73
68
193
14
114
60
131
113
127
3
179
168
36
38
106
50
151
36
26
184
95
47
87
194
135
114
14
187
106
185
133
195
113
82
49
55
72
143
119
78
62
156
106
138
107
171
139
129
84
185
47
120
97
60
42
51
8
172
57
59
163
20
149
132
4
124
83
18
112
107
65
80
97
182
19
100
166
167
195
42
181
36
71
180
89
62
5
131
175
170
153
4
41
176
62
50
181
117
171
163
80
135
13
114
60
180
27
193
185
80
87
41
88
89
64
96
122
56
156
173
142
103
10
114
122
57
173
95
33
90
149
191
139
37
8
137
186
164
14
62
80
55
186
25
150
124
124
184
184
31
171
174
164
78
48
2
137
12
181
175
116
64
101
153
29
169
21
25
96
56
40
53
24
162
56
151
22
120
144
72
103
69
111
185
147
44
86
78
161
164
115
88
161
41
14
141
42
119
0
165
49
5
196
196
43
60
70
23
89
35
64
77
58
57
27
179
96
174
97
188
192
133
73
123
180
90
69
79
54
28
14
146
10
87
135
141
94
10
174
124
102
128
103
105
151
148
139
80
94
158
134
15
1
28
13
111
114
119
46
3
52
164
146
60
22
75
29
142
13
111
159
115
199
98
42
194
177
76
27
92
161
129
158
98
152
125
187
126
15
44
109
109
106
161
152
126
2
35
106
114
45
63
146
192
152
46
77
123
116
149
136
178
70
131
168
180
185
162
61
53
30
13
61
114
83
114
164
69
66
59
185
157
40
135
133
62
150
113
28
136
116
18
101
78
169
119
110
174
8
33
9
48
68
61
139
92
163
24
43
53
25
57
16
172
148
147
146
2
4
197
123
165
157
167
31
150
109
155
46
117
9
94
66
18
124
114
67
145
39
185
0
145
3
192
81
193
11
133
160
63
143
23
21
159
195
121
120
172
111
178
50
118
79
100
172
48
179
94
145
68
81
97
56
78
85
124
145
162
154
156
56
170
123
115
183
144
43
139
110
93
154
87
166
172
104
175
20
181
100
55
1
113
126
50
61
175
131
144
19
154
54
97
176
159
139
29
117
158
183
66
180
132
59
136
40
98
8
28
141
167
188
87
190
157
82
35
165
186
168
177
85
165
162
10
139
58
83
48
123
76
108
112
199
70
165
87
18
142
129
102
195
143
54
83
45
194
57
93
147
48
0
164
153
95
25
90
69
174
185
122
157
126
6
12
90
111
69
42
169
140
48
58
154
60
151
135
114
102
199
134
139
88
8
67
164
84
185
70
139
0
110
30
14
64
65
103
65
114
127
115
9
134
81
91
39
8
90
192
129
187
81
66
162
156
44
51
154
104
180
57
96
187
72
31
11
70
26
64
176
100
78
143
126
89
192
61
37
160
108
39
181
31
169
140
51
57
135
96
118
48
160
120
144
148
139
99
192
141
147
0
76
41
158
90
35
34
113
77
193
15
113
59
91
125
52
88
114
50
126
174
45
183
136
166
183
103
98
28
96
96
25
29
104
12
148
24
141
44
136
78
13
138
84
135
143
122
103
43
100
61
124
121
36
81
143
103
106
128
82
39
177
90
89
2
176
178
156
109
32
179
66
76
7
85
65
55
93
56
44
152
60
3
150
109
52
90
67
0
164
90
134
48
101
41
13
196
56
199
145
156
32
35
81
100
186
188
85
166
65
37
112
11
190
163
167
174
4
70
183
180
177
65
155
35
145
112
42
30
173
6
31
187
129
168
122
194
91
90
44
106
102
19
96
9
30
95
188
191
111
9
47
176
70
131
68
76
169
92
77
93
178
116
139
69
166
127
25
121
92
155
17
149
65
24
54
165
129
132
1
46
184
120
143
143
102
162
78
127
80
63
144
12
35
157
121
197
12
98
99
117
107
61
169
76
86
119
96
108
42
5
113
173
180
61
18
5
77
147
101
184
92
39
17
127
125
68
76
120
87
183
82
155
148
58
103
20
17
68
32
185
93
23
40
25
127
94
142
95
87
41
76
2
15
151
42
3
3
86
105
139
67
161
188
102
33
39
160
111
78
164
100
48
103
70
139
7
140
150
46
192
137
57
159
195
30
162
129
155
89
190
43
0
51
44
3
50
176
47
191
66
112
65
158
198
186
6
93
57
121
41
126
141
14
55
195
166
60
54
145
100
163
90
39
196
108
36
165
180
140
63
97
185
36
169
100
87
44
42
195
76
80
148
186
65
34
126
20
6
175
127
109
73
174
68
112
67
27
158
124
191
130
179
89
112
86
151
137
77
177
166
25
60
198
17
62
88
178
59
189
56
81
39
123
190
133
8
99
33
97
76
158
184
180
182
164
178
129
119
8
175
115
136
186
92
62
110
150
159
49
66
194
112
47
132
62
48
140
3
139
177
5
132
13
194
144
61
141
109
107
53
151
150
0
26
131
162
190
22
87
170
187
38
105
2
133
144
81
187
16
17
141
41
153
81
191
177
33
36
129
147
190
197
57
192
76
56
135
169
184
4
91
11
92
100
131
106
182
185
74
81
156
150
133
52
130
55
126
162
140
118
100
106
127
43
122
160
161
56
83
188
113
15
87
168
65
56
142
100
24
82
188
56
52
197
14
37
84
90
104
192
28
72
176
76
106
20
101
51
61
164
178
33
125
184
7
21
37
181
30
188
197
23
59
172
172
11
20
178
75
158
104
176
45
134
12
119
146
115
160
116
99
120
81
18
151
20
111
61
84
56
78
158
74
157
75
24
57
163
148
149
187
88
98
197
107
67
2
173
109
148
102
160
71
90
123
20
181
40
52
76
35
141
155
133
163
62
95
144
94
146
194
51
7
114
137
20
115
156
87
67
141
3
115
26
38
76
125
156
121
62
136
63
140
191
33
39
51
72
181
80
191
148
49
184
92
82
115
56
72
20
118
85
39
188
51
6
43
18
26
76
136
60
152
185
14
131
34
22
191
149
8
150
129
93
61
0
86
131
187
85
46
169
139
167
94
99
50
57
10
130
87
161
174
101
88
110
58
196
173
32
11
35
132
11
70
16
3
47
48
25
109
168
186
181
131
44
152
181
68
182
15
22
23
111
118
54
101
171
30
144
4
143
179
134
21
165
93
154
103
9
192
17
141
36
118
108
34
50
111
140
45
162
87
66
103
41
30
137
97
124
92
137
67
168
147
40
71
175
127
14
92
26
88
61
7
157
72
35
123
188
176
86
65
56
189
83
131
133
152
131
2
139
187
187
15
191
126
38
62
62
74
81
55
110
173
107
135
184
116
126
19
181
167
190
172
156
181
85
86
14
120
81
146
6
60
171
100
176
113
189
95
165
25
15
139
32
123
37
145
32
12
153
197
179
23
128
170
67
52
44
4
127
36
158
183
49
157
117
117
143
96
159
4
89
112
107
141
182
181
97
105
26
166
63
78
48
198
73
71
120
141
51
26
14
135
126
35
103
65
109
54
120
151
114
66
108
3
42
136
74
113
114
115
1
165
53
33
17
30
75
0
120
124
103
12
165
68
5
116
188
76
198
140
191
18
121
181
109
95
144
81
177
137
100
179
146
174
102
147
154
28
12
31
198
93
100
189
129
40
191
68
53
3
5
155
167
180
161
185
94
79
184
116
159
65
4
21
112
172
63
16
15
147
150
121
14
101
149
170
158
54
129
105
133
153
109
190
86
18
92
163
163
167
79
44
185
15
100
93
23
35
108
91
140
177
191
2
133
47
175
190
104
108
29
142
81
170
195
122
14
56
87
165
16
148
49
157
97
86
114
103
36
23
73
160
149
56
178
199
198
127
165
134
35
4
153
86
52
26
123
170
44
42
111
140
82
185
17
132
83
17
137
167
162
5
161
188
190
173
180
162
86
74
148
61
131
107
136
143
130
30
112
43
125
131
127
173
165
114
156
133
181
53
197
114
134
136
65
115
107
76
191
176
88
67
56
24
188
117
118
140
32
145
48
96
19
24
187
26
115
60
94
171
34
30
138
50
83
180
20
144
183
24
9
38
41
30
133
106
26
198
79
33
73
55
196
46
91
189
159
48
186
25
10
90
166
135
28
116
69
133
87
167
56
103
132
54
187
95
22
80
104
1
31
153
106
165
115
136
185
174
143
124
134
191
189
199
156
85
120
165
17
136
174
45
136
67
22
54
61
11
191
141
12
60
195
58
70
174
135
155
81
39
104
8
170
26
67
70
58
13
32
95
146
48
20
166
172
9
194
88
32
5
54
110
144
33
54
23
161
198
13
163
78
67
52
42
170
76
23
146
194
136
50
119
173
145
142
197
161
157
28
130
59
57
109
175
153
156
35
156
8
121
104
179
174
111
57
140
19
11
38
64
193
93
129
122
197
192
16
199
137
90
49
102
95
163
89
131
164
3
72
141
38
28
197
111
107
71
194
188
152
82
36
91
19
191
177
98
110
88
141
103
41
189
27
42
178
120
77
70
27
88
89
54
80
74
24
196
3
31
115
36
158
6
28
56
140
73
38
45
93
173
90
2
189
147
56
56
95
43
126
29
195
153
8
11
161
39
132
102
128
154
168
18
168
161
163
66
24
64
108
85
29
131
19
123
120
21
139
118
43
105
0
12
176
183
2
88
149
176
182
72
0
45
38
57
194
49
68
14
43
176
0
176
115
87
139
151
32
106
120
31
25
164
14
190
102
145
60
121
73
64
50
134
165
76
183
149
73
66
196
55
193
140
125
120
122
140
87
138
48
68
3
158
70
106
53
127
144
74
81
82
56
139
67
61
60
115
41
145
193
46
119
146
118
42
55
3
31
118
107
150
35
25
176
177
197
86
137
21
188
173
197
79
175
173
54
81
65
38
135
35
36
179
121
147
173
148
178
172
36
57
34
26
183
139
83
51
122
21
157
81
133
63
132
189
9
155
55
5
72
72
45
158
56
124
141
173
12
183
138
110
144
98
177
104
102
190
177
24
186
138
22
161
30
52
74
62
195
104
1
150
53
38
31
150
161
54
112
20
125
142
27
199
92
100
84
4
133
120
189
84
168
73
16
137
36
79
139
199
111
64
129
159
51
28
129
62
34
59
13
101
70
103
42
162
198
92
166
163
193
99
83
51
0
30
110
36
52
62
44
172
108
184
186
157
56
54
136
140
63
177
193
132
121
116
121
155
186
124
132
129
124
84
159
24
103
38
13
63
176
59
32
1
27
138
186
115
102
15
118
195
20
115
32
84
179
130
174
93
147
170
82
41
131
31
197
169
161
107
137
30
37
115
155
123
67
21
147
118
75
69
73
95
119
22
110
9
104
149
100
126
29
122
35
112
10
192
9
153
177
196
181
67
71
186
89
172
189
186
129
98
65
18
156
20
193
189
110
161
52
1
47
177
141
174
100
81
84
194
24
124
83
186
70
117
186
11
182
162
7
63
73
146
189
170
195
6
64
148
5
77
179
89
59
106
62
180
160
192
127
82
132
182
3
187
16
86
146
147
126
7
132
158
159
18
60
35
106
169
95
119
190
139
1
186
69
181
156
71
53
35
166
92
67
3
86
82
174
74
138
190
6
120
97
150
87
7
16
167
62
17
115
75
126
23
89
136
71
14
36
3
13
91
68
196
32
56
96
131
125
190
16
136
176
82
185
112
28
196
62
140
73
186
175
19
25
20
49
183
199
65
26
29
20
119
127
182
31
55
4
179
16
22
14
165
66
183
25
114
131
103
18
108
33
73
152
51
82
183
83
51
128
194
96
136
151
144
73
45
93
181
14
164
165
101
130
104
159
69
68
15
15
137
63
163
113
80
161
7
166
100
13
71
174
13
37
8
42
117
175
14
132
174
114
77
14
112
110
135
11
110
166
147
166
152
51
119
125
172
54
60
105
109
65
152
37
6
34
65
41
136
21
53
130
30
77
31
63
66
79
20
74
16
20
171
57
24
129
138
129
137
76
53
166
65
12
34
177
153
21
112
143
197
63
78
129
49
179
80
109
103
18
11
129
62
97
122
87
148
100
97
73
155
110
167
146
162
138
105
135
194
2
24
1
57
145
108
55
28
175
43
188
156
105
2
106
91
113
44
138
129
25
144
66
71
80
44
97
172
15
136
194
69
3
46
66
55
175
149
159
177
141
124
192
13
193
195
179
109
41
101
47
154
141
131
23
135
39
186
14
148
135
148
117
15
30
12
23
164
53
27
86
125
162
103
36
117
149
11
39
183
109
178
153
124
66
189
19
144
167
108
70
30
166
121
110
186
103
144
124
4
79
75
94
125
97
1
5
81
195
126
138
189
152
166
149
194
5
107
156
47
162
167
189
13
120
51
121
27
129
21
52
170
64
176
181
83
142
37
182
133
30
96
32
18
150
29
175
65
154
73
117
142
127
150
86
37
120
110
88
118
104
112
156
35
142
143
197
173
166
144
28
131
185
44
62
28
195
108
99
180
69
67
163
163
103
133
190
27
60
173
24
88
81
139
176
162
11
69
44
101
188
84
139
58
106
64
166
150
132
62
140
136
146
93
96
32
64
48
81
195
190
77
190
123
39
68
148
35
172
140
5
57
189
127
30
172
91
158
158
36
45
183
54
120
197
138
42
115
189
179
10
112
4
186
165
21
103
103
131
124
190
104
124
75
156
117
187
109
90
106
145
186
33
11
135
49
137
135
107
46
147
115
190
175
56
128
33
24
180
166
25
30
99
39
174
177
22
144
163
130
185
26
163
92
140
175
73
167
44
0
145
87
173
11
65
59
167
162
6
145
27
159
116
88
0
99
85
69
21
46
5
15
45
192
104
158
51
110
161
125
192
57
175
128
144
80
86
1
29
45
32
93
198
117
198
115
25
193
63
125
56
170
83
167
162
113
100
12
113
28
186
151
35
157
114
159
55
149
146
172
134
29
187
110
180
13
27
78
161
93
95
84
73
120
26
142
100
17
4
74
162
62
57
154
151
145
20
39
191
166
152
193
198
86
28
42
134
169
17
130
158
99
17
165
92
53
85
105
95
140
34
172
27
87
50
74
89
81
83
123
138
39
102
19
81
76
61
196
146
103
42
22
83
54
65
6
117
12
41
12
190
22
156
62
135
99
168
58
189
185
145
17
63
36
101
127
122
162
20
39
28
74
50
20
75
155
83
130
81
177
42
106
199
58
189
148
11
46
16
87
23
45
148
156
71
50
156
137
95
77
68
33
71
127
79
192
100
70
163
156
163
25
83
152
141
61
137
154
58
85
53
36
195
136
135
176
168
20
181
4
131
113
153
69
63
137
171
71
176
59
102
178
176
166
65
73
3
131
44
4
32
75
53
126
197
47
102
113
126
143
173
116
177
186
0
126
41
44
162
77
20
22
183
55
43
70
56
90
31
111
195
143
178
196
42
136
65
174
22
186
84
21
151
22
110
3
131
178
72
44
2
109
29
34
66
175
1
165
67
6
139
39
16
165
68
133
88
167
98
177
65
17
70
4
153
38
126
26
48
140
16
166
53
3
45
44
75
102
61
149
191
82
108
157
185
147
16
96
141
126
142
99
197
81
33
16
180
143
126
73
130
104
62
157
23
108
41
56
70
168
171
172
96
81
142
78
33
30
76
124
3
130
63
50
52
134
168
131
55
69
176
165
45
9
93
53
133
132
172
129
39
17
152
93
49
184
69
13
60
48
20
186
86
6
147
144
60
84
143
91
196
174
177
65
133
149
90
59
3
54
92
109
3
85
135
109
127
130
157
40
46
166
115
144
147
63
132
162
184
87
75
195
136
35
156
75
86
39
104
113
125
103
108
174
44
192
157
78
5
92
58
1
67
21
197
121
70
145
183
19
61
179
47
63
46
58
151
149
172
91
60
13
174
42
72
177
24
102
29
111
17
146
175
37
120
103
183
193
75
63
192
145
117
148
72
4
43
39
189
180
44
101
49
75
91
108
187
138
138
59
51
193
85
103
66
144
175
2
164
172
109
157
99
182
62
166
121
101
27
141
145
163
89
17
131
197
191
160
83
28
78
51
92
25
125
79
158
110
126
144
104
63
73
144
116
191
186
190
175
30
25
145
97
104
119
51
135
169
72
107
162
125
33
18
187
20
102
23
54
106
40
143
184
21
106
84
71
119
111
158
101
12
130
79
7
77
50
23
80
83
183
152
13
39
45
116
37
189
44
27
47
25
57
89
112
122
109
132
31
188
112
99
95
114
50
145
9
127
126
49
26
77
131
188
48
71
152
22
165
41
187
54
182
79
6
52
3
99
46
181
74
32
82
153
58
188
188
182
121
58
127
69
146
45
126
90
159
193
180
26
199
82
94
157
21
8
145
74
85
171
161
106
122
16
167
44
33
54
94
104
148
122
170
159
52
78
197
143
38
96
87
37
144
126
194
131
105
40
0
129
106
102
73
127
165
96
12
17
80
69
41
43
78
98
97
196
115
116
139
111
25
33
196
163
131
97
170
5
174
114
197
68
71
56
123
66
29
12
54
122
156
35
180
100
163
176
10
38
43
28
45
109
172
16
24
57
173
29
107
174
128
51
158
174
32
62
58
100
7
127
32
124
81
167
64
119
39
62
40
18
24
65
119
53
74
193
13
89
121
56
121
43
2
87
142
77
55
51
11
52
32
142
102
4
169
162
148
7
85
0
103
164
55
183
13
116
73
168
161
129
148
101
24
111
74
162
194
52
59
132
170
92
34
61
20
20
147
154
10
72
123
84
116
9
92
186
58
22
140
16
30
19
121
65
75
199
147
111
92
183
93
147
50
184
121
32
166
42
16
34
15
39
147
196
9
195
34
151
3
118
102
102
74
93
60
190
175
198
112
123
97
74
27
126
1
109
155
91
49
128
22
110
63
32
107
5
140
111
141
153
115
113
68
158
96
33
82
50
183
185
71
138
110
161
9
56
152
62
147
121
47
108
25
19
165
126
157
115
39
178
169
92
127
146
154
84
12
141
174
112
144
20
58
16
78
135
73
46
118
184
189
127
134
144
195
28
94
158
127
186
184
110
147
69
51
142
197
91
51
27
60
37
174
106
118
161
53
146
154
26
29
175
76
169
177
170
139
13
46
131
139
13
146
33
175
143
82
168
103
1
167
25
1
4
12
87
175
40
95
181
61
34
65
134
198
11
140
172
90
98
48
74
6
154
178
69
96
158
177
85
116
128
78
81
80
113
127
160
161
74
56
28
32
73
184
177
69
32
51
196
134
120
73
94
84
35
50
136
122
94
124
80
162
45
67
145
62
16
99
9
144
19
125
59
191
124
36
93
190
197
163
85
187
90
84
20
137
164
23
12
50
140
118
102
188
3
18
4
110
78
147
69
0
23
8
39
85
118
73
22
198
199
142
162
19
44
55
127
120
35
102
167
147
139
156
130
6
152
111
125
125
62
181
112
197
113
151
162
70
75
157
15
183
143
154
137
37
147
172
148
127
18
90
147
129
143
26
145
171
14
46
122
62
44
58
8
18
127
109
177
87
143
154
69
158
180
162
141
90
2
31
79
193
55
31
38
57
173
195
134
17
98
131
86
45
164
9
46
53
51
126
112
131
95
76
11
135
160
178
154
8
53
109
51
65
140
41
179
62
55
76
46
66
80
107
45
23
43
116
57
64
66
14
11
6
102
169
134
61
32
142
20
99
128
106
116
45
149
181
101
61
171
25
29
59
115
65
91
135
188
55
26
33
111
34
166
133
48
131
185
22
88
122
70
30
8
154
39
127
168
109
186
137
5
157
118
112
16
73
27
41
115
168
8
186
176
28
46
179
162
38
121
21
76
179
166
77
64
168
56
76
95
95
109
6
167
29
62
174
20
87
187
66
165
105
100
128
135
114
189
109
103
55
105
5
120
171
87
101
156
56
186
32
119
149
82
121
151
140
0
70
112
159
118
142
37
134
141
31
57
63
184
190
75
98
62
68
71
40
85
137
48
112
66
63
52
13
93
78
145
40
16
15
99
53
192
80
47
116
37
19
89
55
124
83
122
123
147
180
142
37
92
69
193
122
35
165
50
178
57
143
79
91
147
36
128
142
141
124
80
63
56
160
45
62
27
127
105
29
5
58
81
174
40
22
74
163
185
78
36
193
44
115
143
33
29
121
162
12
97
150
106
155
155
138
191
1
194
6
75
37
152
114
91
15
37
71
24
62
74
110
143
68
9
195
68
63
145
41
54
5
120
147
27
19
121
117
148
34
6
181
20
23
39
129
74
197
47
181
101
32
143
137
151
169
140
29
34
1
44
130
8
68
182
127
111
20
39
108
0
15
105
135
56
38
94
176
72
42
138
19
135
37
7
154
96
98
121
76
110
43
25
54
171
189
88
21
192
114
185
77
191
50
9
80
188
23
106
62
146
36
74
86
42
24
147
47
101
61
68
53
147
128
149
171
92
29
144
121
108
152
194
122
116
153
152
45
27
69
111
150
36
118
180
25
136
87
162
74
28
133
57
171
157
109
3
99
0
6
27
55
14
179
199
32
20
56
44
66
113
21
96
124
113
76
50
40
47
51
142
72
191
159
44
83
64
133
48
11
25
182
141
76
171
142
139
68
155
17
15
97
107
67
193
131
70
98
129
64
2
35
35
45
51
45
26
32
113
61
168
135
179
167
170
172
61
167
98
16
37
89
79
144
84
35
144
105
199
84
37
68
21
129
158
118
107
140
21
46
27
73
46
59
172
167
87
178
50
151
178
177
70
141
191
59
88
56
198
120
56
183
171
120
189
105
170
189
45
161
138
162
3
45
54
51
86
121
198
146
141
149
60
123
17
168
194
197
147
15
42
134
157
93
181
49
181
57
156
62
51
47
61
71
11
12
21
155
158
194
180
41
3
155
79
178
187
21
150
2
50
195
109
53
81
36
0
35
9
147
184
143
58
170
154
42
193
11
143
110
96
108
174
122
79
94
196
42
168
35
182
199
32
49
62
42
34
31
193
32
85
195
1
171
94
70
182
86
48
149
143
186
55
21
118
57
21
137
66
14
172
91
6
55
58
5
70
153
74
162
82
159
110
31
115
110
162
191
123
31
181
15
169
81
121
15
169
139
9
81
147
116
186
18
82
111
90
58
44
198
109
138
129
145
191
176
68
99
84
154
46
154
26
109
34
1
168
104
196
155
32
10
19
174
127
109
45
170
190
157
178
45
193
177
168
84
132
45
29
32
62
161
188
58
197
154
46
156
153
19
169
78
125
64
199
146
119
110
61
68
1
50
44
153
48
29
157
180
138
32
52
127
21
106
47
4
50
147
88
63
128
156
158
63
148
78
98
194
38
11
13
146
120
52
191
32
183
72
74
131
68
110
189
173
140
64
108
11
19
84
189
46
24
112
70
3
90
113
89
67
64
87
113
199
93
65
199
149
50
120
141
32
134
59
155
198
97
71
112
91
46
64
72
125
118
113
116
53
97
180
8
145
48
182
29
80
22
42
39
139
85
72
80
148
180
114
187
78
86
3
45
153
94
84
22
144
22
5
110
89
127
36
170
144
107
69
117
88
14
46
43
136
35
133
49
165
171
56
160
177
96
25
105
96
16
92
170
163
92
71
70
76
48
189
163
76
69
30
93
60
162
191
64
102
178
1
131
15
46
145
135
3
115
59
54
181
174
107
137
74
124
50
154
137
142
162
72
9
178
23
169
174
173
97
10
162
172
186
113
108
33
112
140
160
50
167
74
19
6
78
6
129
161
77
157
132
111
24
13
75
197
26
125
141
147
162
108
48
5
74
57
123
49
146
33
76
75
32
144
158
75
57
54
91
193
113
187
18
39
131
101
29
180
93
157
34
96
52
11
108
123
167
198
117
137
130
69
50
24
34
115
91
186
87
61
158
5
43
199
135
96
126
189
69
137
163
150
115
33
163
114
58
96
52
164
64
197
29
74
144
38
169
193
174
182
125
166
4
84
56
71
181
24
54
24
37
16
25
18
52
1
92
165
54
18
117
150
80
57
127
196
56
193
185
157
57
3
183
69
90
25
115
22
186
82
39
99
187
143
17
102
112
44
195
2
12
66
191
10
80
90
60
40
96
36
191
138
74
77
80
127
196
167
47
176
106
90
124
137
105
48
65
46
83
7
188
67
143
63
68
187
12
155
47
42
138
196
77
182
61
121
37
24
166
123
3
81
96
45
66
103
68
177
75
151
42
13
186
148
141
60
122
173
113
160
85
85
107
117
145
124
109
178
138
67
84
105
80
5
192
6
5
136
112
188
77
163
104
42
50
18
72
180
147
164
34
174
121
38
175
51
70
96
94
12
138
85
10
149
27
152
63
17
128
193
49
13
130
23
73
74
112
24
189
132
37
124
43
72
144
96
74
122
96
142
141
140
82
9
196
50
129
46
144
10
120
198
139
130
110
160
90
186
95
83
129
64
99
105
89
138
62
47
0
21
139
34
109
164
182
59
6
37
180
139
16
30
41
74
154
77
30
96
103
173
92
150
38
59
42
143
15
128
86
121
29
154
164
24
106
162
193
105
19
154
18
83
18
136
6
137
106
187
76
140
42
47
114
54
97
27
164
178
58
23
157
87
28
114
5
187
97
2
152
140
105
133
94
82
186
196
196
128
54
128
94
153
98
92
55
127
102
106
7
174
149
2
87
136
59
180
36
57
14
174
158
131
50
34
196
108
45
135
38
107
52
184
63
137
104
81
125
12
193
189
165
7
181
37
176
125
116
171
164
93
123
12
184
15
76
12
121
189
110
188
66
125
38
166
147
154
106
137
0
98
22
0
100
186
189
60
3
149
45
82
129
92
111
112
18
143
113
8
119
169
154
111
57
26
90
111
78
127
187
136
53
28
80
198
119
73
161
116
92
114
128
182
87
88
35
44
24
69
198
170
132
85
132
132
66
7
82
95
52
155
64
27
32
102
133
77
66
73
182
128
57
160
58
179
131
142
77
126
101
157
191
190
18
11
112
176
55
16
67
154
177
76
140
5
20
101
71
191
106
54
167
124
116
20
63
165
47
18
112
17
62
124
16
175
79
144
179
22
77
72
105
4
18
68
84
58
159
133
196
32
185
157
16
141
73
169
59
159
33
104
57
41
150
21
165
43
190
80
81
122
143
196
40
24
154
81
83
46
146
129
142
142
189
144
46
174
46
44
146
46
76
20
3
83
170
69
122
84
108
80
196
185
83
183
76
99
69
46
189
78
92
150
26
196
121
116
125
115
141
73
136
62
196
3
171
138
126
72
18
6
51
2
66
86
18
190
161
105
127
191
103
5
55
79
188
197
17
22
111
49
122
59
177
163
13
7
108
162
165
73
139
159
145
156
31
165
115
188
66
166
12
15
164
168
176
57
48
150
153
0
35
98
51
142
120
1
163
117
90
127
68
181
111
121
0
168
118
194
80
158
77
61
56
12
169
9
162
24
18
154
125
0
178
12
146
56
155
179
50
121
34
142
111
191
164
170
94
131
59
122
126
191
4
131
40
193
185
38
58
6
118
127
114
192
50
3
115
146
52
70
143
104
159
114
114
91
100
179
46
122
3
64
144
124
45
60
167
162
0
170
4
186
0
111
50
54
23
97
123
18
193
6
53
148
54
23
16
39
36
35
140
23
193
40
51
145
146
140
176
195
131
146
147
190
188
167
83
196
187
172
118
164
76
79
8
11
146
58
133
188
80
181
45
136
9
174
83
25
56
111
73
112
5
152
148
62
109
123
16
64
149
183
0
187
170
84
172
95
79
198
151
49
4
188
75
104
168
191
156
112
147
144
46
173
91
106
163
119
1
79
149
76
174
15
196
12
15
146
93
62
146
39
184
103
4
101
156
162
121
30
49
171
71
148
41
142
120
147
91
37
106
87
22
6
124
166
127
10
183
45
95
26
111
25
132
53
68
156
27
44
41
32
126
126
128
7
199
191
104
88
1
3
141
174
183
169
59
122
133
146
14
1
119
1
56
161
113
116
128
77
99
33
83
63
105
76
74
5
85
172
184
172
57
22
14
9
149
176
109
15
185
80
104
18
40
117
171
82
161
11
67
195
107
52
196
129
140
114
49
73
62
161
36
3
78
81
2
100
131
193
185
183
8
71
120
11
77
100
52
184
184
36
59
147
44
155
199
81
171
179
177
128
94
146
46
161
109
56
75
74
125
55
80
16
53
107
116
97
12
168
86
16
76
35
58
145
19
169
64
140
84
155
157
38
73
19
52
67
114
145
101
9
103
38
32
189
61
193
63
104
17
31
181
156
167
21
86
169
133
114
76
77
73
48
155
111
19
177
162
196
80
173
38
139
61
97
181
195
76
92
100
92
94
180
197
10
117
22
17
190
125
89
166
120
190
67
149
191
168
198
163
176
148
195
137
109
139
6
162
108
22
129
152
65
104
51
28
174
124
89
40
22
94
44
51
9
169
147
176
145
21
111
179
124
58
60
2
10
133
192
115
94
158
164
39
18
20
95
3
26
166
170
191
35
135
142
142
109
196
34
128
74
93
80
23
43
157
23
20
8
184
115
125
68
1
24
182
140
45
86
72
180
183
62
58
58
105
75
3
198
19
100
154
22
19
6
18
49
186
14
181
41
151
59
179
123
186
34
87
59
135
99
14
184
76
177
45
46
49
127
175
123
92
78
96
89
53
83
96
130
181
109
7
42
22
124
193
118
38
125
119
162
110
154
82
56
1
6
68
85
164
166
157
117
193
75
6
159
79
52
62
43
129
121
103
159
161
138
76
49
73
101
33
47
150
31
15
130
130
82
163
153
164
116
105
170
6
56
34
27
67
54
47
183
123
21
57
92
76
57
143
120
22
0
11
172
132
78
98
41
154
40
69
79
135
125
176
13
160
193
39
186
38
139
80
106
198
38
129
196
188
13
79
80
91
87
16
46
170
115
134
105
110
149
128
59
96
77
110
170
35
161
177
64
77
73
68
176
63
40
187
140
115
106
103
140
169
57
11
169
118
66
47
7
137
156
150
152
195
168
134
30
123
76
123
33
51
2
40
46
186
150
59
144
167
76
164
136
191
23
2
152
139
143
34
70
73
114
61
116
165
195
60
131
3
39
162
56
180
116
183
23
163
84
117
4
187
24
113
25
103
104
111
8
53
110
10
90
167
10
199
89
104
120
181
152
184
174
3
2
156
105
197
71
77
119
117
107
163
32
146
41
165
142
16
54
128
187
19
151
42
65
161
124
34
12
68
150
6
68
176
163
71
39
127
3
61
155
30
83
195
57
60
158
119
197
39
131
0
98
2
50
116
154
183
32
173
147
197
3
0
54
150
79
42
72
192
142
198
27
54
190
119
71
194
36
191
2
65
110
106
103
195
54
66
50
173
67
127
138
165
170
107
199
185
17
143
122
61
36
61
140
7
1
148
119
96
13
97
16
66
137
129
174
16
176
183
117
191
55
163
75
135
167
178
139
197
167
36
88
9
137
6
137
198
7
4
67
43
135
115
60
30
34
160
11
32
26
129
86
161
89
190
155
80
151
58
112
6
171
4
70
120
90
45
135
56
134
29
184
159
133
175
90
129
131
29
83
36
170
105
145
190
13
130
159
139
52
55
184
16
90
147
151
95
130
21
169
183
64
194
11
78
172
25
5
14
48
91
184
26
187
182
195
84
63
181
161
188
4
157
31
63
95
157
25
17
134
131
124
120
186
63
198
63
167
39
194
67
127
87
103
150
122
114
120
141
194
41
14
120
43
119
74
30
48
79
15
107
88
26
43
15
136
81
142
67
170
163
12
66
90
107
53
130
129
138
131
7
131
60
43
74
139
105
100
19
199
187
13
160
118
119
19
192
77
2
96
136
113
129
7
17
166
45
68
29
126
153
121
124
150
105
18
47
98
153
186
160
185
151
7
92
19
182
16
86
119
192
110
130
120
55
160
50
39
184
113
176
173
172
149
105
63
4
193
42
164
185
79
178
98
118
17
20
148
130
117
135
56
77
174
155
188
103
35
171
105
71
121
185
80
119
20
138
113
106
66
48
115
198
168
14
181
84
79
67
83
8
102
174
85
63
67
98
33
173
99
142
8
49
110
52
29
189
153
91
106
117
115
60
117
147
49
86
120
29
141
190
190
12
16
182
57
57
152
192
145
166
37
0
95
199
14
116
167
107
9
104
108
155
47
74
149
13
157
167
93
93
183
120
136
113
47
156
18
192
115
147
26
78
197
77
83
110
123
29
35
53
39
141
124
126
17
143
95
56
72
45
41
176
177
173
78
60
54
21
138
174
111
23
15
57
173
89
0
51
91
171
195
174
32
174
93
164
175
78
72
159
0
59
16
155
23
66
155
1
9
155
134
128
71
39
12
98
132
23
97
16
16
28
5
27
15
158
77
17
180
179
43
7
126
103
13
145
37
10
139
155
190
171
66
107
121
7
197
102
60
77
116
75
56
153
45
8
137
19
150
111
83
155
100
196
40
68
197
22
159
74
50
31
166
169
89
106
96
27
63
112
113
102
147
55
54
168
77
136
185
167
181
91
82
34
176
97
42
93
36
142
89
101
69
145
167
161
177
137
176
72
181
30
192
77
187
176
29
188
179
112
68
168
38
82
92
194
81
131
111
168
38
13
95
48
79
100
21
47
188
164
20
26
116
97
52
32
31
147
179
58
138
68
174
152
12
151
101
194
85
62
12
87
151
168
13
197
196
13
179
6
135
199
26
164
63
104
18
41
117
138
147
101
174
63
66
116
172
29
25
187
56
93
4
135
170
153
48
131
25
176
78
140
157
95
61
138
57
133
6
181
55
67
1
113
100
166
140
32
90
114
100
59
36
29
100
69
140
94
26
11
17
0
153
172
172
15
97
105
185
5
99
144
66
33
40
171
111
157
162
184
50
178
90
165
151
58
31
35
177
194
160
99
88
194
177
1
126
90
114
52
72
27
118
30
138
0
46
79
51
15
141
16
168
119
111
198
196
127
82
62
141
105
151
23
98
25
34
128
168
118
148
71
132
36
50
131
115
52
62
79
109
41
115
156
151
159
183
185
88
49
169
34
12
175
97
114
140
83
103
166
182
70
99
39
88
148
44
155
136
57
124
73
159
46
8
56
125
84
94
27
14
156
23
74
129
192
163
16
33
138
52
133
172
15
59
79
48
95
119
34
6
155
84
137
159
147
39
111
36
92
96
127
90
83
104
132
81
169
138
118
37
82
134
122
77
51
184
84
105
72
119
68
185
199
2
82
89
156
29
31
184
122
153
137
120
35
41
59
56
188
0
71
12
176
33
65
142
88
126
81
54
187
162
28
133
176
50
152
39
141
93
42
175
194
37
14
60
47
190
98
193
63
139
120
3
80
72
70
51
0
137
51
115
190
2
112
46
121
144
80
39
81
68
69
147
80
160
41
75
189
170
23
98
77
21
60
13
134
127
84
8
73
110
133
85
179
99
130
191
33
112
45
149
29
101
13
177
89
14
191
72
31
169
68
13
138
60
127
166
69
83
161
168
182
47
187
199
31
66
135
69
57
166
92
27
140
61
12
117
80
195
83
160
73
136
118
31
195
43
166
43
90
160
136
185
43
113
10
197
197
106
187
100
126
190
184
119
35
64
135
187
184
84
58
77
104
19
1
92
130
197
140
15
8
89
196
13
77
136
125
131
42
176
67
119
189
44
149
60
94
161
114
15
23
107
158
77
136
109
25
199
181
176
173
150
12
83
131
193
110
8
0
14
186
152
145
92
168
36
176
14
185
100
121
36
