87
106
80
38
75
164
84
98
143
110
0
0
141
156
41
151
0
53
29
71
68
92
26
90
177
111
151
114
42
86
39
155
35
51
149
181
0
124
71
33
120
0
197
29
197
207
0
95
180
0
95
155
0
23
139
45
194
43
0
122
0
26
170
35
130
128
156
83
53
62
87
61
49
139
31
189
0
102
0
0
43
88
0
98
138
189
180
70
72
37
195
195
148
183
118
167
59
0
0
132
146
87
26
65
123
169
128
101
47
121
70
27
25
92
57
167
105
149
82
147
176
206
0
118
23
169
64
26
31
124
0
80
50
186
134
0
185
183
0
0
26
0
44
53
0
138
138
39
124
152
184
110
117
143
36
0
103
53
59
112
117
61
179
162
69
0
111
100
159
96
0
65
177
182
181
109
183
138
105
0
177
196
178
107
187
197
130
66
130
0
0
23
197
169
113
150
84
31
0
98
47
49
0
97
0
105
101
195
158
38
0
44
170
36
61
88
127
93
134
67
146
125
0
49
75
0
196
104
134
169
126
66
64
129
166
169
66
184
104
30
102
135
187
129
202
0
171
0
149
92
155
26
116
89
138
67
158
142
66
175
0
181
184
77
180
48
0
158
179
46
195
76
26
120
0
185
44
146
179
124
0
78
140
122
183
0
98
40
205
0
29
69
0
72
61
113
0
90
64
0
45
0
0
134
183
46
0
99
61
152
134
68
157
192
71
32
79
113
103
173
169
170
170
51
189
125
160
187
126
116
0
141
130
0
166
115
65
41
198
56
98
58
189
0
210
0
62
94
136
25
150
30
75
91
0
30
42
89
37
52
141
79
177
142
0
109
111
85
51
145
185
181
161
61
82
101
171
198
166
130
146
127
154
142
62
173
138
91
75
135
81
179
60
0
101
0
128
0
183
120
170
86
192
92
0
115
194
69
141
36
58
174
75
70
143
90
25
37
98
0
115
132
129
0
0
0
91
47
0
80
130
50
49
37
71
0
90
179
47
48
72
41
23
80
89
0
0
126
118
40
52
0
118
155
27
198
46
123
71
42
166
175
92
133
92
90
121
201
0
134
140
89
160
120
74
139
150
136
180
117
117
0
186
55
95
184
138
125
0
28
73
169
187
81
90
197
137
41
188
36
150
34
69
62
34
183
85
147
25
209
0
124
159
51
190
196
60
48
174
139
139
101
142
80
119
0
79
103
97
46
90
62
158
177
0
80
73
28
0
125
57
55
0
159
68
43
176
56
32
126
42
0
194
147
145
113
61
80
151
55
171
164
64
137
87
156
172
168
0
49
109
51
52
178
103
73
83
198
75
158
79
118
163
115
134
133
0
0
86
0
0
73
144
147
0
95
54
0
212
0
65
76
114
163
61
54
95
183
24
157
0
34
125
29
146
194
73
87
85
133
168
156
185
176
23
160
75
198
92
31
148
113
193
118
0
136
96
167
73
0
128
192
175
128
118
39
192
189
195
0
149
48
121
131
99
137
94
0
104
33
105
0
167
46
119
179
187
38
0
73
188
30
199
95
120
85
182
71
58
0
109
70
131
46
194
117
97
0
181
26
189
195
125
179
150
70
46
199
111
57
59
41
97
54
48
49
186
147
81
185
146
0
54
25
173
187
0
87
93
144
197
87
30
163
39
74
61
77
146
102
159
37
44
114
202
0
36
0
146
88
60
0
128
196
79
169
117
68
189
132
45
142
101
108
0
34
186
89
112
199
49
108
0
174
87
177
185
0
34
131
28
103
96
84
55
155
44
41
168
155
183
49
165
55
0
49
163
60
0
0
148
127
156
164
198
89
72
152
142
151
171
193
164
36
84
78
48
121
0
167
162
134
56
161
135
27
39
0
63
153
171
121
116
169
131
0
0
105
83
150
176
149
0
196
110
147
83
113
0
117
156
0
39
144
126
121
145
178
77
0
111
144
223
0
0
123
141
190
160
145
68
64
0
50
0
38
157
0
81
156
161
97
86
73
170
125
131
124
134
126
28
80
191
64
72
163
80
63
73
64
93
143
176
0
83
133
196
116
110
48
194
24
137
122
113
109
56
169
85
198
170
60
27
52
187
172
196
88
173
82
47
0
46
127
112
166
92
123
222
0
0
181
126
0
164
52
171
158
109
0
102
100
85
0
0
114
182
73
214
0
0
167
94
47
136
195
27
49
179
125
0
116
78
117
111
0
197
178
105
145
133
86
156
33
198
0
199
45
157
161
148
0
175
91
191
197
30
145
157
158
43
99
64
190
215
0
184
45
103
105
46
144
92
192
162
26
155
49
140
63
0
185
191
138
165
90
185
146
201
0
144
167
88
133
131
0
84
107
69
187
129
36
79
197
0
185
27
186
100
85
149
86
173
0
95
73
171
103
41
98
194
119
89
123
143
74
148
90
108
0
50
128
92
72
47
156
149
189
101
117
185
103
0
171
129
67
161
33
61
95
139
129
183
184
167
0
73
0
51
182
0
106
161
199
102
65
155
178
80
72
27
0
133
76
189
45
0
140
39
140
120
46
90
147
81
122
134
69
48
119
185
189
136
184
111
41
0
0
30
53
58
46
89
190
52
102
87
0
157
117
191
65
30
31
123
131
99
194
0
77
146
199
157
0
23
57
137
116
157
46
0
33
142
43
162
36
187
193
159
182
129
0
44
0
37
95
73
119
155
122
146
189
49
0
137
136
188
24
33
26
49
195
0
49
185
84
36
66
0
178
91
123
160
104
89
138
113
41
136
57
27
183
174
156
63
134
179
121
67
129
93
187
116
67
125
114
79
147
98
117
166
61
164
38
166
137
195
176
100
107
94
79
72
54
98
0
145
197
35
155
64
112
119
186
161
159
166
57
116
110
0
41
186
125
45
130
139
115
63
165
164
135
28
27
69
44
0
160
145
196
38
168
31
182
0
180
93
136
123
72
60
128
154
196
78
103
42
45
140
200
0
132
0
161
178
0
24
87
60
111
162
46
39
117
59
115
0
36
43
145
0
52
146
161
0
163
188
0
88
113
36
119
105
74
129
94
86
104
43
58
0
0
176
40
155
54
113
162
191
0
63
135
32
193
187
66
114
169
179
72
99
124
161
129
167
81
133
130
154
129
187
165
177
24
183
198
37
86
29
66
24
159
157
134
64
131
27
89
168
98
148
0
174
205
0
139
0
113
86
41
70
185
172
61
156
154
135
0
66
99
42
124
154
164
0
65
59
198
54
194
0
115
102
56
69
98
85
182
0
148
80
38
193
148
74
111
134
174
178
84
149
56
38
116
90
171
177
173
157
54
33
0
44
111
178
182
158
219
0
65
81
177
133
62
29
38
112
142
106
144
66
0
51
152
75
102
94
183
54
158
35
102
164
82
146
99
109
94
194
97
0
40
0
121
67
149
94
146
27
182
67
51
90
137
71
65
150
127
153
194
93
144
33
124
143
39
49
98
188
51
0
36
107
0
32
194
165
119
0
166
127
99
95
83
108
61
110
37
107
153
183
158
91
104
0
62
0
162
123
0
74
195
65
78
27
54
161
72
40
118
137
164
88
49
161
85
119
101
148
126
0
162
43
169
179
68
163
110
129
24
29
170
115
0
171
82
66
29
107
30
30
64
124
129
89
61
188
132
23
176
0
154
34
133
83
191
153
55
89
0
112
126
155
84
188
217
0
0
0
65
34
128
93
41
35
121
0
89
150
196
96
0
91
138
28
190
98
179
178
51
123
99
159
54
89
160
151
91
106
183
95
124
50
91
32
69
172
25
31
195
90
178
136
58
124
54
153
0
68
145
77
0
154
29
40
190
172
60
122
97
45
128
201
0
86
190
0
191
59
85
0
90
0
193
0
128
179
82
81
195
157
190
50
93
121
188
159
169
126
44
105
133
114
60
44
152
0
97
68
176
0
188
63
78
32
118
45
139
0
105
155
0
33
181
106
99
40
0
114
100
181
113
0
50
195
77
69
80
71
77
116
32
73
168
184
152
217
0
0
0
150
129
166
80
164
75
29
0
38
25
147
169
67
61
31
189
164
136
79
36
180
33
144
135
90
0
155
155
0
56
0
113
145
53
81
100
186
51
115
93
179
98
0
0
164
0
96
161
82
49
84
85
77
154
93
132
149
64
194
190
95
125
142
29
179
144
122
30
31
153
38
97
184
113
87
0
24
60
43
148
97
172
50
93
127
131
102
76
35
117
81
34
171
79
128
90
103
56
92
34
39
58
182
106
145
109
168
84
54
193
62
87
92
109
194
154
166
105
80
0
0
124
102
0
45
83
126
0
138
167
69
156
23
177
185
164
0
181
92
46
165
0
196
200
0
120
115
199
158
191
149
195
156
82
123
83
33
196
133
82
143
162
127
161
177
147
130
137
164
126
163
47
143
184
73
84
143
40
32
0
147
129
82
67
167
60
173
75
0
127
40
85
0
0
143
187
186
51
198
135
112
165
52
0
186
27
130
37
144
91
132
33
137
52
60
61
35
100
96
129
72
151
136
81
170
196
176
88
166
140
0
114
174
52
178
159
89
101
57
0
197
180
172
78
101
27
103
166
109
183
184
107
114
32
49
23
143
147
136
123
65
142
83
98
0
96
186
197
63
130
191
0
0
70
60
196
25
26
47
0
73
25
64
123
174
47
87
166
134
182
185
192
114
0
102
151
62
188
0
0
122
71
191
49
61
190
80
182
168
0
188
76
58
94
117
68
192
119
126
40
148
89
72
67
128
0
106
48
183
119
165
188
149
160
125
153
0
120
131
183
77
59
159
193
108
98
51
178
76
100
155
106
207
0
0
0
46
159
69
70
132
178
0
92
196
25
0
170
167
169
90
117
159
0
51
181
60
176
110
137
191
157
0
143
154
0
184
140
101
154
162
44
168
145
116
127
194
163
138
145
87
123
177
147
93
173
155
139
174
118
186
189
107
160
69
124
165
121
176
82
95
108
0
175
120
154
97
177
165
53
90
57
59
35
196
118
186
122
147
0
93
175
162
115
165
142
74
165
181
147
38
198
57
162
27
139
32
47
53
47
80
155
61
167
160
44
23
96
88
175
0
128
93
150
171
71
0
149
0
77
0
89
74
0
85
48
31
156
35
150
124
68
119
41
63
175
138
124
29
71
172
51
44
170
0
73
0
57
92
37
87
106
161
111
52
120
113
196
173
157
141
193
50
155
150
50
148
92
66
0
139
126
86
0
180
199
107
74
72
186
161
103
184
173
181
58
75
158
103
114
90
133
0
141
53
0
177
146
145
155
178
141
125
144
130
165
166
174
151
0
43
172
99
75
33
157
71
156
49
195
109
63
176
169
120
158
130
117
76
101
193
136
105
70
0
147
125
140
107
121
151
113
151
75
47
92
32
116
108
178
152
183
0
182
46
28
34
40
164
81
0
96
0
78
101
94
100
131
124
176
97
73
156
143
136
142
0
110
49
70
175
183
84
94
101
76
157
0
26
191
77
114
122
151
195
66
65
24
0
154
53
0
0
77
105
68
178
105
71
126
87
65
157
121
195
165
56
148
131
56
30
95
177
94
125
29
117
128
57
159
74
65
0
37
61
183
197
131
33
72
105
159
94
63
57
107
191
140
0
163
178
33
66
196
62
0
0
0
26
43
114
48
188
0
113
23
64
0
98
58
96
108
198
47
0
116
0
0
118
153
62
52
25
151
41
137
96
139
79
71
118
96
184
39
136
33
157
206
0
80
136
0
28
25
72
173
119
172
0
158
122
23
98
187
49
181
96
76
101
60
161
0
174
107
94
24
60
121
146
186
181
142
72
92
105
27
125
122
73
0
30
191
31
103
0
181
0
32
194
127
139
92
97
166
125
71
57
110
188
117
44
133
41
163
26
152
75
118
153
0
38
59
180
56
67
211
0
29
193
188
68
136
105
156
0
165
175
137
52
127
76
162
143
104
177
42
77
122
54
23
165
45
112
146
0
0
28
0
176
56
68
0
161
25
105
194
180
187
81
69
124
158
80
48
0
0
81
120
117
31
173
80
98
0
194
79
45
51
83
42
56
184
90
109
158
159
121
80
123
141
93
70
188
166
123
35
111
63
101
129
199
43
149
39
28
109
162
95
63
100
192
146
115
76
34
171
134
198
42
100
0
70
57
33
137
93
91
47
225
0
0
49
167
194
186
39
167
146
171
130
56
116
179
150
0
174
116
193
134
26
32
0
58
83
73
90
95
93
170
84
28
159
173
0
136
88
167
36
196
179
106
93
163
121
183
41
154
186
180
108
57
87
63
28
81
151
159
156
51
0
124
70
112
88
171
91
103
187
0
50
71
95
90
76
52
110
66
190
0
108
151
40
100
73
33
54
137
118
205
0
155
188
63
60
0
74
0
119
151
177
141
134
188
191
167
106
33
167
150
105
70
0
88
144
47
0
86
160
132
133
187
141
130
66
77
44
80
125
0
73
173
68
79
0
127
153
125
100
155
151
23
83
0
80
0
193
105
35
170
148
88
191
143
44
169
186
148
178
155
125
128
134
60
149
150
172
132
144
65
69
132
0
131
129
172
43
29
134
42
156
73
183
0
104
163
109
141
111
54
195
107
64
170
73
89
154
179
23
167
81
54
139
116
56
76
128
156
143
41
199
0
73
102
55
148
0
70
0
130
95
47
53
148
91
105
119
31
141
129
23
76
31
104
63
99
48
119
122
53
0
27
119
144
88
198
109
138
82
80
84
128
0
101
59
50
114
136
36
123
35
109
168
79
159
91
0
32
128
128
177
172
0
31
195
36
147
29
190
70
179
0
186
69
198
0
74
81
114
91
35
136
136
32
30
140
116
180
0
87
52
174
0
95
106
66
59
188
199
111
100
0
49
51
65
56
0
0
68
78
46
54
113
75
105
57
101
0
154
42
0
77
184
171
59
51
167
0
164
123
72
119
114
141
107
111
0
0
25
180
102
139
160
0
98
120
128
171
195
132
126
181
39
85
136
102
133
122
0
154
145
46
90
75
117
57
117
170
149
29
191
161
109
69
35
173
49
98
194
73
96
23
147
150
134
196
0
142
197
153
23
160
152
177
0
160
0
164
66
113
82
137
158
85
172
193
181
58
51
189
82
0
35
203
0
180
123
0
51
64
72
66
152
102
0
118
131
0
152
132
55
151
72
169
27
101
87
57
146
118
52
196
0
196
128
88
66
59
184
126
103
151
176
162
31
154
137
0
45
77
24
140
199
72
187
178
170
93
58
66
185
127
167
97
25
176
113
109
171
55
26
57
151
25
35
150
81
126
174
100
147
60
168
0
167
113
57
126
0
154
0
97
115
193
0
161
134
140
0
73
38
53
103
122
86
72
76
96
185
197
55
177
0
57
198
0
107
0
0
141
94
93
57
48
54
157
142
58
147
180
51
140
0
48
189
109
121
65
127
110
180
42
68
72
154
0
148
132
93
80
177
135
115
76
100
133
166
204
0
122
50
118
0
41
56
60
142
24
188
39
48
98
101
115
0
28
137
0
49
52
178
86
27
178
41
35
0
135
0
85
167
162
48
90
90
71
31
30
191
140
180
128
27
34
33
86
0
0
106
194
125
159
172
0
183
42
134
94
192
197
114
87
187
81
129
55
153
34
199
25
91
128
169
0
165
160
139
167
0
0
136
26
28
179
88
93
153
50
156
57
0
41
94
141
195
64
25
132
85
104
77
80
0
120
0
0
96
138
127
108
193
202
0
157
74
139
192
141
148
142
161
119
108
145
159
172
97
138
0
134
90
107
124
130
183
130
168
84
74
101
0
45
169
37
34
0
132
67
92
25
181
147
108
0
33
59
120
0
214
0
94
185
142
0
161
89
102
0
39
156
86
134
47
108
0
0
136
148
28
112
127
44
56
109
43
72
0
186
174
34
160
161
147
0
80
180
120
0
169
46
102
137
128
193
206
0
51
0
106
191
0
28
189
106
0
103
185
81
170
185
175
0
138
151
95
41
145
58
162
78
164
190
152
0
164
47
192
147
119
60
0
69
151
0
129
0
74
190
125
39
71
190
159
146
171
74
29
126
139
54
55
157
34
180
27
85
47
92
37
109
129
0
84
50
97
156
180
152
178
133
123
196
132
116
90
94
38
55
139
102
0
27
82
97
72
197
49
140
59
158
0
133
35
145
125
120
0
112
148
0
27
161
151
66
0
39
106
162
40
162
163
78
147
135
77
184
0
125
39
89
190
130
57
79
43
108
122
193
31
196
152
179
95
0
189
86
142
187
138
35
44
46
99
98
0
77
150
176
115
31
145
167
163
76
104
103
177
42
64
154
86
80
0
174
35
158
136
163
192
0
38
163
0
167
149
186
95
176
129
156
176
55
91
43
94
197
78
42
186
0
0
154
121
101
138
59
73
141
0
87
57
189
195
33
165
98
126
179
179
54
193
165
132
194
98
0
83
89
198
34
89
146
175
197
187
97
56
135
0
0
0
32
27
188
44
111
114
131
74
73
136
82
66
47
177
0
71
172
0
44
144
0
0
163
64
31
104
166
186
0
110
131
47
88
101
76
85
160
145
101
53
96
90
144
65
182
45
72
25
130
140
146
142
159
181
127
170
172
122
0
34
120
182
70
170
188
67
145
139
178
30
157
35
139
93
164
105
23
80
123
187
141
104
71
49
0
48
0
33
135
27
62
199
35
186
138
183
175
168
0
105
161
221
0
160
159
157
194
46
173
123
56
168
122
134
119
112
85
130
74
49
197
146
147
56
0
161
130
170
119
116
75
28
39
166
181
79
0
157
0
109
165
170
140
70
101
58
118
0
65
0
153
95
0
163
159
58
163
53
66
55
102
54
175
31
26
29
0
86
66
174
92
42
90
0
90
31
162
0
176
119
0
59
148
43
137
164
168
160
88
83
183
59
0
149
40
39
142
146
0
0
191
0
184
127
55
83
47
177
36
172
161
100
89
142
54
149
40
0
24
90
72
52
0
79
67
196
130
167
181
51
82
0
0
171
118
115
122
173
38
102
0
187
118
32
36
114
0
161
105
200
0
106
0
164
95
153
74
136
0
67
85
173
111
171
92
99
0
135
63
66
180
171
138
71
161
90
81
62
33
153
89
123
0
88
34
63
120
0
0
138
137
80
33
193
77
133
169
100
0
66
0
23
92
84
158
38
23
191
85
92
129
50
157
0
0
188
180
51
97
80
90
105
135
25
85
148
185
26
154
81
148
108
60
128
32
0
151
115
108
36
0
114
98
109
0
40
195
116
81
93
56
77
124
169
109
186
78
162
143
70
189
130
82
194
0
0
69
82
26
135
0
175
95
180
45
175
186
143
23
187
109
161
197
175
178
45
80
112
135
126
138
53
81
0
71
143
133
157
141
119
154
0
172
114
118
143
107
0
149
178
140
157
181
130
153
155
39
77
0
95
36
37
126
35
76
53
164
0
36
185
47
167
70
95
38
96
82
39
159
152
43
164
125
167
76
166
99
157
65
72
78
154
81
99
64
156
121
38
105
165
0
96
168
48
159
172
152
85
193
167
118
121
183
26
110
82
0
118
165
33
42
152
128
173
66
0
0
99
134
164
0
126
186
191
180
84
197
0
44
100
44
0
39
100
23
126
147
49
176
89
99
115
158
197
192
180
29
74
69
203
0
0
92
174
57
138
86
57
115
0
80
185
23
114
97
131
149
165
39
97
69
65
50
71
43
149
0
0
123
28
88
183
124
73
98
59
193
0
67
81
117
0
126
113
68
125
54
178
0
100
160
48
113
75
77
145
51
42
78
89
186
116
72
188
116
134
94
44
0
130
62
105
27
44
0
167
197
112
178
145
134
118
140
0
64
194
49
133
43
194
68
101
61
111
89
31
109
41
139
0
69
56
97
0
189
0
44
87
75
112
114
39
104
55
174
37
79
107
162
118
79
119
143
0
88
193
185
53
26
117
129
91
0
89
152
73
164
119
132
158
76
168
90
131
114
115
150
0
57
90
147
130
91
52
125
63
0
78
0
162
136
47
168
151
0
130
183
38
0
135
79
194
0
69
141
103
102
158
156
0
74
58
104
139
90
140
0
54
119
128
104
166
0
0
52
75
28
35
0
145
100
182
111
0
84
123
111
71
113
138
0
56
191
32
180
0
170
119
145
125
35
85
24
81
55
128
51
104
0
131
196
165
188
188
0
153
81
0
29
40
0
90
82
144
155
80
113
135
37
142
0
79
0
129
160
0
24
169
160
111
88
0
170
57
187
95
0
122
46
56
51
56
107
115
183
52
82
117
116
83
183
42
65
43
40
152
28
147
25
61
0
0
75
150
0
32
131
47
39
101
142
24
188
72
194
163
24
94
128
76
78
0
0
156
79
162
161
86
0
23
127
54
155
60
0
182
34
104
193
71
109
126
145
72
93
164
64
174
42
68
34
105
124
166
68
68
0
106
196
0
134
106
150
171
0
153
63
129
108
155
81
160
110
170
185
45
137
74
169
152
47
162
123
119
81
63
134
44
90
151
115
85
130
191
66
112
176
0
125
56
53
126
110
88
90
0
52
123
149
172
79
0
28
179
111
131
38
66
0
35
143
108
67
0
39
147
174
74
45
40
177
46
144
141
198
171
0
89
38
53
187
0
195
98
141
131
171
144
112
83
38
53
88
37
135
174
153
195
184
62
26
68
0
184
153
76
83
162
187
197
0
139
0
32
156
146
63
140
0
0
130
93
132
32
155
87
165
65
53
145
34
38
80
28
87
138
126
119
86
0
191
193
75
144
125
106
0
0
54
0
191
153
65
54
85
118
195
189
164
187
151
162
0
88
169
0
0
63
0
186
171
0
107
37
87
136
183
39
27
139
81
136
57
123
192
104
30
197
60
107
103
183
180
0
95
0
180
126
139
52
69
161
133
167
178
59
66
210
0
0
0
0
187
110
153
167
36
43
0
120
178
78
154
42
120
0
85
152
137
59
117
188
153
112
193
48
64
64
175
139
81
33
173
153
44
0
134
0
89
26
183
92
49
97
65
79
67
0
154
85
80
118
73
0
57
0
95
155
170
71
26
85
32
0
180
189
0
184
33
117
114
90
96
123
46
0
161
83
37
75
116
108
149
26
197
0
180
69
195
100
154
196
119
120
122
160
194
98
0
172
199
126
75
44
168
150
0
89
37
90
54
30
38
159
196
101
0
84
195
187
176
44
0
164
58
199
93
114
50
64
136
24
45
74
0
100
68
115
0
86
145
135
197
163
0
60
113
110
177
75
41
114
28
192
129
0
0
0
97
76
0
89
178
175
158
113
176
150
176
106
56
139
121
119
77
154
54
38
54
0
85
114
165
0
41
88
0
75
180
172
0
82
36
138
165
0
38
92
107
150
55
146
180
0
50
92
0
0
123
146
165
199
34
69
112
134
36
45
120
50
67
90
61
183
141
181
172
0
42
43
30
111
54
26
73
150
31
49
0
122
139
0
84
118
165
175
178
100
48
185
192
59
136
100
47
29
129
103
191
144
93
93
39
47
186
183
152
76
164
103
103
180
143
0
169
191
169
215
0
178
179
91
118
131
95
63
128
88
67
29
80
37
51
108
95
40
135
0
175
50
158
104
0
125
63
146
49
181
66
130
132
148
159
143
52
0
52
31
141
100
169
162
39
0
88
173
172
87
79
0
187
141
88
123
74
97
162
0
34
0
109
115
29
167
0
193
111
190
155
39
65
189
181
65
180
160
177
131
170
193
105
29
121
57
190
183
175
76
145
191
53
104
141
44
105
107
109
177
0
25
169
181
0
31
92
57
126
39
185
120
0
72
108
106
36
0
157
170
203
0
174
173
186
86
46
48
107
145
190
80
85
130
57
193
168
54
33
83
199
57
84
89
167
161
70
55
158
25
118
0
31
198
133
56
90
106
80
0
151
82
55
0
137
0
32
115
144
0
146
28
101
35
63
113
71
40
123
160
172
0
146
35
177
198
32
117
63
102
116
44
170
76
139
192
47
113
32
158
85
146
145
105
27
61
0
38
111
145
161
146
0
74
106
138
157
164
44
134
174
153
33
140
160
145
78
173
159
133
92
0
99
47
155
196
45
100
122
84
154
0
162
175
63
132
0
0
62
69
45
105
188
67
0
111
124
94
71
40
37
128
0
158
161
121
180
107
143
116
50
161
144
168
35
173
62
186
0
71
89
110
79
41
123
93
99
41
91
199
137
53
175
150
160
66
167
0
55
177
104
0
106
151
121
63
24
127
155
172
137
46
113
81
159
0
113
192
120
152
0
40
121
121
47
34
138
184
138
189
34
170
35
62
189
178
91
100
0
145
65
74
26
191
147
107
29
64
88
208
0
0
112
69
140
70
139
128
58
58
110
102
95
99
85
104
71
144
130
109
204
0
27
45
162
111
194
96
161
24
158
182
0
127
110
130
67
106
94
149
160
0
150
0
195
173
0
114
0
163
145
46
46
126
191
193
199
65
131
196
69
140
157
0
102
121
63
123
173
80
171
44
189
92
81
26
41
97
109
34
90
69
0
180
138
72
24
169
173
171
139
0
111
186
59
168
0
110
54
155
164
36
104
189
0
0
88
134
151
190
107
146
130
26
153
68
137
0
129
65
62
102
81
32
89
133
50
69
23
58
128
152
78
122
40
129
137
155
0
171
47
160
0
42
41
159
0
55
0
114
160
45
88
64
0
0
153
65
92
0
120
35
57
92
157
127
183
152
36
142
155
114
0
27
31
29
148
55
131
106
69
0
112
42
166
174
197
144
112
26
80
136
110
99
81
0
109
45
88
0
94
72
57
71
144
91
118
64
134
163
80
32
152
137
0
140
77
42
82
35
77
108
117
62
109
110
101
77
180
42
113
72
98
179
61
158
145
157
116
53
171
132
119
23
35
71
75
54
55
116
0
0
51
132
158
0
193
34
113
177
156
182
0
73
133
208
0
166
180
143
30
35
184
78
57
149
137
191
189
116
90
54
155
64
61
172
27
157
159
104
132
189
64
0
48
193
153
130
153
0
134
35
160
99
47
95
125
141
0
158
97
107
98
77
160
91
58
0
27
175
130
143
129
109
170
45
78
51
92
111
169
42
187
87
23
76
158
48
197
162
122
162
162
78
105
188
139
193
176
137
185
91
54
33
178
0
168
187
139
116
145
156
188
53
191
43
0
23
169
37
0
161
36
46
180
73
146
0
47
166
161
61
0
82
0
107
131
137
167
138
131
111
181
78
42
41
209
0
119
98
122
161
130
47
138
94
123
169
73
77
25
62
128
0
182
101
138
169
151
101
36
88
98
145
130
48
32
169
187
158
26
40
143
32
151
78
119
126
27
170
65
35
0
109
180
149
158
77
58
198
167
140
75
104
156
45
198
160
41
51
123
38
88
158
60
73
73
27
161
99
0
150
98
64
69
151
87
152
44
46
188
47
92
188
0
30
116
0
77
167
132
0
194
178
191
114
0
79
92
52
0
175
49
0
0
188
95
47
92
0
196
36
186
31
125
71
119
54
129
149
0
188
175
25
115
117
105
130
0
143
99
151
39
88
105
0
0
0
127
187
214
0
26
76
90
156
67
115
195
156
156
136
0
193
185
0
148
147
68
108
100
132
146
157
76
177
142
143
78
163
184
157
29
58
162
33
47
63
125
154
112
0
0
189
149
51
131
195
63
136
82
183
117
114
0
122
124
174
76
0
111
87
63
98
149
0
0
104
38
71
157
81
101
91
120
129
29
86
143
0
177
0
65
110
202
0
75
177
165
107
73
132
162
0
71
46
34
64
136
110
0
30
55
124
171
196
112
104
58
189
196
142
0
151
148
52
62
183
172
149
73
100
73
127
142
0
149
158
141
78
96
0
87
169
184
208
0
0
119
142
0
109
111
184
193
98
123
0
80
0
198
44
141
142
193
187
198
98
77
180
154
162
119
69
0
171
43
130
0
100
42
140
161
137
68
97
119
164
67
0
107
185
28
148
0
59
150
26
65
168
58
157
59
124
0
88
77
129
149
124
0
67
187
114
0
118
130
172
0
81
148
67
157
121
0
0
0
153
164
35
24
137
112
132
173
169
61
42
29
49
0
175
31
0
151
81
136
56
162
30
116
69
94
167
150
185
64
0
175
139
88
192
128
129
132
71
116
108
83
61
104
177
47
0
190
156
203
0
44
0
131
82
91
156
121
176
0
68
66
112
138
197
100
85
60
35
186
193
59
52
164
149
39
122
147
74
0
134
73
121
154
0
31
46
101
162
24
172
174
96
123
45
0
132
54
30
168
196
74
0
40
45
82
95
46
0
127
23
29
30
95
32
114
225
0
0
0
60
45
0
37
106
163
138
95
42
32
208
0
138
0
97
37
108
178
38
190
195
126
0
25
40
191
98
138
54
49
130
205
0
90
96
83
190
65
182
25
45
112
87
163
0
92
199
31
37
0
111
181
187
75
51
146
152
119
74
116
123
151
130
194
197
0
173
84
120
159
91
67
0
198
0
29
47
32
140
65
105
150
0
130
125
0
207
0
130
129
52
69
149
113
98
142
27
205
0
133
107
121
143
185
182
175
0
123
115
157
0
145
167
168
107
0
38
96
62
0
147
51
133
55
0
155
183
42
154
164
0
97
67
132
116
23
89
0
156
36
25
100
51
185
194
24
33
131
153
130
0
66
37
47
58
0
70
56
189
0
189
0
168
108
158
76
168
185
145
96
84
86
46
60
29
94
118
55
159
135
40
177
51
35
94
147
106
52
70
132
128
125
79
161
66
147
182
116
149
50
76
69
29
164
149
174
78
116
128
183
83
191
0
67
0
54
115
0
62
30
194
60
68
148
175
176
60
49
167
97
88
95
172
134
170
166
0
149
58
102
187
158
96
196
96
83
94
158
122
135
145
41
167
148
36
155
178
31
43
0
199
86
133
84
99
65
79
77
219
0
77
186
34
119
106
60
144
0
64
120
173
160
150
124
41
103
90
0
124
146
134
74
192
183
144
132
71
33
127
0
156
44
114
90
180
173
86
133
31
40
0
152
63
112
121
176
44
162
61
125
0
53
30
182
102
74
197
189
67
117
0
38
86
84
127
51
122
110
95
52
148
99
95
194
173
0
167
155
83
96
28
135
197
44
77
185
95
88
153
0
139
0
161
134
71
178
110
57
137
133
50
84
117
118
172
161
172
157
171
130
0
190
56
160
180
83
104
127
181
127
37
69
106
0
24
101
0
57
157
103
77
111
0
66
61
115
93
51
112
194
82
83
151
199
70
125
187
111
187
45
180
131
39
60
160
58
153
0
37
83
0
130
27
188
52
96
49
142
174
92
0
117
87
41
115
0
40
56
189
170
0
85
145
152
76
188
53
63
135
198
65
179
118
110
190
128
0
60
36
207
0
59
62
124
182
29
77
157
0
0
69
121
157
125
104
40
54
84
0
49
103
70
197
71
65
175
130
172
131
81
36
105
40
153
121
194
68
27
143
147
0
155
193
97
126
134
0
186
27
114
86
60
191
91
163
52
187
193
131
133
89
39
0
96
169
162
125
43
180
103
190
160
36
151
0
28
182
107
27
152
181
113
59
108
180
176
152
191
96
127
117
147
200
0
157
86
178
0
112
147
155
70
182
199
146
169
83
159
57
81
175
174
113
80
177
173
162
130
87
195
180
158
197
100
148
161
119
38
70
40
29
86
148
157
0
145
160
90
0
159
156
143
62
0
35
74
104
0
0
43
170
0
178
135
0
51
45
0
130
0
147
158
160
161
155
74
55
147
164
161
89
134
66
95
40
125
111
84
142
0
141
73
182
88
112
183
67
164
86
83
163
134
83
181
85
30
149
88
170
0
192
52
129
177
0
87
29
37
81
66
97
63
28
31
37
185
25
0
213
0
186
124
76
110
139
43
96
66
85
91
0
54
82
54
108
37
176
138
127
202
0
192
63
60
189
0
98
0
144
83
70
124
84
26
53
184
42
0
45
137
0
190
76
0
0
162
30
181
25
196
27
138
128
0
113
118
30
61
144
173
0
162
27
148
160
177
89
105
188
31
113
143
137
62
73
190
51
133
147
197
93
106
109
88
146
107
107
33
154
184
0
72
0
170
173
61
137
142
37
188
188
110
107
0
0
122
0
50
44
186
168
56
160
71
121
26
140
128
75
0
66
155
65
0
111
151
97
52
163
196
117
70
164
114
92
0
198
96
0
109
113
135
79
196
174
31
114
141
127
93
88
27
51
71
154
180
34
84
66
45
43
55
141
27
144
112
89
156
82
173
148
36
159
100
0
196
180
70
109
148
64
181
147
49
32
115
112
0
128
134
115
112
0
188
184
54
111
0
85
118
77
31
174
195
0
180
152
123
182
145
41
0
72
0
0
96
0
0
173
0
45
49
122
144
0
209
0
115
139
42
147
44
26
92
0
84
29
37
153
159
54
155
191
168
85
170
34
0
199
91
152
102
157
57
122
117
91
129
169
90
0
118
120
24
61
121
148
37
62
37
125
147
83
112
36
0
134
0
28
123
0
72
24
149
77
0
120
174
160
41
23
54
166
115
183
104
83
81
112
106
175
119
25
131
70
165
176
198
33
126
191
37
103
154
0
177
93
103
43
0
186
0
105
179
90
62
76
38
168
172
61
55
86
169
103
42
157
37
167
0
43
109
123
94
0
174
54
167
157
165
170
95
75
98
162
155
145
198
0
72
70
173
79
198
173
136
0
0
52
28
184
179
0
73
154
57
122
0
69
195
0
0
135
70
33
194
23
89
184
134
176
48
59
57
0
190
154
31
198
178
223
0
0
0
159
92
114
154
190
109
0
47
187
92
160
192
36
136
52
122
107
186
167
180
148
0
200
0
127
125
198
146
151
24
30
25
47
35
62
65
158
140
136
137
0
92
92
151
144
135
124
169
46
141
37
190
193
85
199
59
138
0
81
178
152
0
60
189
114
137
114
80
108
0
75
125
156
141
116
152
26
51
100
99
62
0
188
36
41
47
35
89
68
137
131
78
96
0
196
0
0
108
186
45
179
94
0
30
107
27
109
192
165
64
0
43
148
125
0
33
152
76
88
175
68
78
177
138
199
73
153
95
173
110
154
163
113
0
26
97
177
194
164
98
166
107
123
126
47
86
98
121
0
94
185
112
141
175
165
34
198
159
0
164
133
100
63
125
155
183
48
0
0
78
195
161
0
103
66
151
177
64
72
103
166
0
0
169
75
159
141
98
64
178
116
42
39
98
140
177
104
0
155
75
121
178
64
179
144
40
49
115
80
155
96
177
42
110
186
173
129
193
84
167
50
67
162
93
71
179
77
58
36
39
151
50
172
35
62
98
48
187
179
133
54
116
183
80
0
0
65
54
0
106
126
147
55
88
37
40
161
133
78
100
171
31
46
155
134
54
0
60
159
163
117
130
81
167
159
75
0
24
109
120
169
110
74
0
35
92
154
96
57
178
46
0
110
87
196
194
194
68
118
170
0
116
212
0
0
31
158
136
111
64
0
30
67
192
36
163
118
0
125
160
42
95
154
0
82
148
157
50
53
1313280