266
0
0
0
264
0
0
0
315
0
0
190
262
0
126
177
0
0
175
141
257
0
170
137
0
158
0
145
0
0
238
0
0
0
217
0
174
0
305
0
0
0
0
113
0
177
0
137
296
0
0
0
182
142
0
0
140
0
100
88
109
166
0
315
0
0
0
333
0
0
0
167
107
93
182
0
110
222
0
151
128
0
115
222
0
0
195
0
156
142
0
181
0
258
0
0
104
117
210
0
214
0
186
118
103
142
110
0
349
0
0
0
0
210
0
150
206
0
174
0
175
92
177
165
0
226
0
256
0
0
126
168
238
0
165
104
85
85
174
0
149
0
90
96
230
0
117
213
0
105
242
0
254
0
123
262
0
224
0
165
0
156
148
221
0
149
184
0
146
102
145
349
0
0
0
146
0
150
0
230
0
152
256
0
133
176
0
0
144
195
154
231
0
0
171
0
197
137
216
0
0
86
175
128
126
0
152
105
159
122
141
0
378
0
0
0
0
220
0
141
140
84
338
0
0
0
189
0
133
166
0
159
0
111
181
0
0
159
125
203
0
0
97
128
116
195
192
144
93
280
0
0
0
0
122
113
140
191
0
0
0
133
237
0
0
119
248
0
229
0
97
137
131
140
117
174
133
177
0
272
0
0
0
189
0
150
186
115
97
202
0
0
170
0
245
0
167
0
125
140
195
0
137
195
0
0
96
141
168
191
0
139
175
202
0
160
0
141
224
0
0
114
0
263
0
0
142
185
0
138
296
0
0
0
106
0
181
194
147
88
199
0
198
186
125
193
0
179
160
162
284
0
0
160
311
0
0
97
104
187
189
124
0
198
0
112
186
137
188
256
0
0
100
260
0
0
171
120
0
120
181
0
191
343
0
0
0
0
209
0
149
212
0
174
189
128
236
0
0
143
0
101
88
247
0
156
304
0
0
190
106
0
96
172
0
152
159
0
225
0
0
194
0
183
0
0
91
149
0
164
0
142
103
126
113
196
135
261
0
173
0
348
0
0
0
0
268
0
0
132
227
0
0
172
172
90
212
0
142
130
128
153
0
173
193
193
0
129
216
0
154
200
0
285
0
0
0
0
385
0
0
0
0
222
0
0
183
93
251
0
0
0
148
182
129
226
0
0
212
0
0
0
260
0
0
0
134
85
157
140
95
189
0
175
0
0
162
117
164
178
0
114
163
155
0
0
237
0
171
171
190
0
122
196
290
0
0
0
0
158
90
121
88
175
0
154
229
0
0
0
87
160
0
94
170
0
0
129
192
197
0
177
125
84
211
0
124
0
143
216
0
0
142
87
126
96
104
213
0
177
222
0
0
162
198
0
0
176
117
366
0
0
0
0
126
208
0
102
185
0
110
0
407
0
0
0
0
0
159
201
0
242
0
261
0
0
132
0
168
188
389
0
0
0
0
118
231
0
0
197
135
121
192
0
89
0
168
0
177
285
0
0
0
0
157
248
0
0
0
108
0
186
0
149
262
0
231
0
252
0
135
96
208
0
166
151
92
180
0
102
119
169
153
0
0
113
87
164
0
181
229
0
199
172
287
0
0
259
0
113
246
0
0
0
0
140
148
199
0
193
154
127
137
86
141
257
0
161
0
319
0
0
0
187
152
332
0
0
0
0
109
222
0
166
168
341
0
0
0
0
0
144
222
0
0
112
129
99
158
257
0
0
0
0
0
97
113
142
0
142
103
192
0
288
0
0
106
151
151
0
153
120
136
0
0
156
354
0
0
0
192
0
0
233
0
187
166
118
142
135
104
0
147
0
150
85
143
175
0
121
156
111
0
196
0
141
162
159
176
399
0
0
0
0
0
117
103
312
0
0
133
188
146
350
0
0
0
0
0
0
107
162
0
185
0
199
93
123
338
0
0
0
168
132
0
198
0
124
209
0
0
284
0
0
0
112
178
87
156
180
163
0
138
0
175
140
0
226
0
168
191
0
192
118
90
175
0
99
115
372
0
0
0
0
84
201
0
169
110
110
261
0
0
0
99
260
0
0
144
0
190
0
262
0
0
0
106
139
173
229
0
0
141
0
128
183
132
253
0
362
0
0
0
0
298
0
0
0
162
183
186
0
163
345
0
0
0
162
0
0
179
85
191
159
0
0
159
150
149
166
388
0
0
0
0
0
189
0
123
0
130
0
155
224
0
166
182
255
0
0
0
126
0
170
0
0
101
199
0
0
131
210
0
196
170
0
237
0
168
0
147
156
165
379
0
0
0
0
0
88
149
108
105
187
106
355
0
0
0
0
229
0
0
239
0
0
0
0
193
0
183
238
0
144
189
174
158
227
0
132
112
205
0
0
281
0
0
0
269
0
0
0
141
0
84
182
91
127
136
133
381
0
0
0
0
0
161
129
0
165
151
86
165
0
0
346
0
0
0
0
132
135
152
321
0
0
0
0
196
173
123
245
0
0
197
112
187
0
177
0
148
165
126
265
0
0
155
194
0
256
0
0
178
220
0
156
148
156
112
125
312
0
0
0
108
0
121
162
0
172
164
0
0
85
196
249
0
0
0
171
337
0
0
0
206
0
182
196
196
263
0
162
308
0
0
355
0
0
0
96
217
0
114
0
99
110
0
171
191
411
0
0
0
0
91
187
274
0
0
127
198
0
121
0
122
279
0
213
0
170
0
265
0
0
0
0
127
189
0
0
198
153
0
155
86
111
130
0
220
0
0
139
0
135
0
0
302
0
0
94
151
197
174
212
0
182
168
0
209
0
135
216
0
139
200
0
189
0
120
0
285
0
0
124
0
96
88
181
139
115
184
176
0
350
0
0
0
120
328
0
0
0
0
171
163
0
166
182
0
142
144
326
0
0
0
0
147
0
281
0
0
183
0
141
186
141
88
143
182
0
0
118
0
267
0
0
173
185
146
0
115
115
110
181
173
0
93
110
0
200
0
175
154
0
92
0
128
0
422
0
0
0
0
148
115
152
0
0
144
97
158
225
0
0
104
277
0
0
132
135
177
95
101
266
0
0
0
159
0
139
152
181
222
0
150
284
0
0
138
273
0
222
0
0
0
126
0
181
119
252
0
0
135
89
194
158
141
0
132
115
155
0
373
0
0
0
0
0
140
142
170
0
126
127
262
0
135
0
95
0
124
136
148
0
248
0
0
180
0
261
0
156
0
182
144
118
155
236
0
192
167
149
190
0
169
232
0
0
195
278
0
0
176
0
0
0
212
0
0
188
222
0
261
0
0
148
112
152
0
129
263
0
0
0
144
151
95
264
0
0
107
151
92
124
180
217
0
181
183
107
135
207
0
155
0
146
181
102
134
105
204
0
0
313
0
0
0
0
0
172
178
120
128
0
191
0
0
167
119
217
0
166
143
0
163
246
0
274
0
0
0
252
0
0
184
194
241
0
0
103
447
0
0
0
0
0
169
0
124
175
143
151
175
0
88
191
183
0
110
113
178
0
130
134
302
0
0
0
182
170
150
116
203
0
223
0
170
97
147
181
0
138
177
98
0
134
207
0
206
0
0
157
105
190
250
0
306
0
0
0
285
0
0
220
0
153
0
164
0
0
106
88
156
138
193
125
119
0
188
201
0
97
175
104
134
529
0
0
0
0
0
0
0
102
135
97
102
164
143
185
186
211
0
0
199
180
84
296
0
0
0
114
223
0
0
0
155
175
0
181
119
105
195
369
0
0
0
0
0
224
0
0
134
179
0
157
0
147
154
0
177
0
217
0
294
0
0
112
207
0
103
325
0
0
180
0
189
147
0
0
173
340
0
0
0
0
158
125
208
0
113
0
263
0
162
0
127
0
100
183
0
165
85
147
181
0
0
220
0
164
212
0
0
188
0
165
254
0
0
134
388
0
0
0
0
0
0
0
0
211
0
136
311
0
0
177
136
0
0
196
130
265
0
0
103
183
0
98
182
0
130
0
213
0
0
226
0
198
0
84
149
205
0
265
0
180
232
0
95
402
0
0
0
0
115
0
273
0
0
0
116
202
0
175
0
0
132
110
166
0
142
0
125
217
0
0
369
0
0
0
0
0
84
167
0
164
0
110
108
134
129
0
165
0
91
120
108
0
194
0
0
162
169
195
0
0
121
171
140
184
155
136
0
174
0
129
209
0
164
0
141
171
149
357
0
0
0
124
199
397
0
0
0
0
0
0
0
142
120
143
453
0
0
0
0
0
196
101
138
193
256
0
0
136
134
0
0
152
0
97
153
162
108
94
171
176
85
226
0
207
0
163
0
219
0
0
176
0
184
117
179
176
143
0
224
0
0
127
193
0
0
126
84
168
150
245
0
145
149
0
0
194
0
0
0
109
469
0
0
0
0
0
0
171
109
350
0
0
0
0
165
165
122
175
0
226
0
162
139
151
123
174
156
0
108
0
243
0
180
328
0
0
0
182
256
0
249
0
103
208
0
176
285
0
0
154
191
0
161
0
126
137
0
114
166
336
0
0
0
86
100
147
309
0
0
0
221
0
0
123
221
0
0
102
216
0
0
154
0
0
179
0
378
0
0
0
0
0
0
150
0
139
94
147
0
174
0
149
0
259
0
0
153
262
0
0
0
153
150
0
95
89
171
152
121
153
143
210
0
142
197
216
0
211
0
0
183
144
192
166
0
183
0
0
87
192
86
222
0
0
0
137
117
184
237
0
0
176
0
158
0
158
194
172
188
0
132
0
132
0
124
0
182
480
0
0
0
0
0
429
0
0
0
0
0
0
130
134
192
0
127
0
174
232
0
136
218
0
0
0
129
186
154
127
86
159
0
98
183
166
124
145
213
0
0
139
101
234
0
0
223
0
237
0
0
0
90
137
87
90
95
134
0
159
0
0
213
0
0
99
199
0
91
140
237
0
140
107
135
167
235
0
0
0
171
195
0
305
0
0
0
0
152
0
194
155
285
0
0
173
280
0
0
0
113
0
189
129
102
0
302
0
0
0
227
0
0
0
155
248
0
275
0
0
0
0
133
155
0
184
184
195
141
0
207
0
0
198
198
171
185
136
139
220
0
267
0
0
97
190
0
0
140
106
125
207
0
87
195
197
0
160
97
188
173
129
161
180
126
113
0
107
0
196
171
0
152
198
189
0
153
91
166
0
176
154
118
84
260
0
222
0
151
178
0
0
202
0
0
95
201
0
157
179
124
103
199
97
167
0
98
127
224
0
0
0
220
0
0
245
0
158
246
0
93
163
189
149
149
0
84
147
169
102
130
105
139
0
156
144
0
107
133
0
297
0
0
135
0
197
0
178
181
94
225
0
199
0
245
0
0
153
183
0
115
186
145
175
0
104
114
175
0
186
132
254
0
0
97
382
0
0
0
127
161
177
0
135
0
0
195
150
125
0
216
0
90
150
0
181
133
295
0
0
152
0
143
0
191
160
175
189
0
240
0
172
119
163
86
173
161
180
147
138
156
162
0
243
0
0
197
0
0
253
0
0
0
0
0
109
162
123
0
120
0
92
305
0
0
0
0
175
144
118
171
0
0
150
224
0
409
0
0
0
0
0
335
0
0
0
84
202
0
184
101
220
0
121
87
163
104
179
109
214
0
0
135
105
193
231
0
0
0
249
0
209
0
0
151
190
112
0
94
199
0
181
194
0
198
85
178
0
123
158
134
0
163
0
100
267
0
0
246
0
176
180
138
0
179
210
0
0
0
0
0
153
125
0
126
0
131
174
0
0
191
145
0
227
0
192
0
260
0
0
0
94
165
0
168
0
116
127
124
0
135
160
236
0
174
126
312
0
0
0
112
206
0
197
0
0
117
105
158
168
0
131
106
121
285
0
0
136
188
0
0
86
158
121
155
91
112
105
155
161
0
139
241
0
0
0
0
86
358
0
0
0
0
118
154
0
0
247
0
0
89
286
0
0
0
192
216
0
107
124
167
185
328
0
0
0
166
181
175
288
0
0
246
0
0
0
175
0
185
113
171
96
168
0
91
186
209
0
0
166
182
0
308
0
0
0
115
170
0
159
89
181
148
178
166
173
267
0
112
93
187
0
0
213
0
96
0
115
128
148
214
0
139
162
109
463
0
0
0
0
0
193
163
0
100
124
193
151
183
112
242
0
0
115
98
214
0
0
0
0
152
96
228
0
0
163
99
0
194
199
157
224
0
0
167
178
153
459
0
0
0
0
0
0
0
104
162
109
150
138
125
143
0
0
109
163
102
117
167
186
0
99
181
153
230
0
0
188
0
84
119
0
160
228
0
0
0
269
0
217
0
127
124
0
158
186
392
0
0
0
0
186
184
108
116
85
127
267
0
0
0
98
219
0
96
108
152
290
0
0
0
86
182
143
0
191
100
312
0
0
0
198
151
0
138
116
0
312
0
0
0
197
0
217
0
137
107
217
0
0
198
0
114
205
0
0
137
193
199
0
0
111
157
0
0
124
91
293
0
0
0
283
0
0
259
0
0
0
0
212
0
0
121
133
127
188
254
0
0
0
195
0
275
0
0
0
0
197
0
199
119
101
158
167
142
252
0
0
0
171
89
259
0
199
0
164
90
187
0
249
0
0
137
0
0
111
226
0
205
0
162
112
164
94
250
0
175
174
98
178
194
171
256
0
182
135
276
0
0
176
171
176
366
0
0
0
0
0
175
131
115
173
194
0
92
331
0
0
0
150
115
214
0
119
113
132
244
0
0
207
0
0
191
0
233
0
116
0
133
112
311
0
0
195
172
0
140
211
0
189
236
0
174
0
159
0
181
193
151
132
141
264
0
0
221
0
93
183
255
0
168
0
172
111
226
0
0
330
0
0
0
104
218
0
210
0
0
108
148
112
127
176
0
292
0
0
0
119
172
167
139
196
0
110
0
168
156
142
95
148
98
220
0
0
0
283
0
0
0
135
0
207
0
195
162
213
0
200
0
174
116
165
91
137
171
0
0
97
104
220
0
0
158
0
221
0
164
0
0
90
120
0
122
178
248
0
182
117
0
0
141
168
95
233
0
0
0
126
0
243
0
141
148
163
118
199
0
0
171
114
184
182
297
0
0
0
123
154
0
136
0
121
164
179
0
170
172
146
176
0
167
121
120
135
0
160
183
99
227
0
0
0
111
147
88
187
0
195
239
0
0
221
0
181
194
148
97
194
102
204
0
0
401
0
0
0
0
105
293
0
0
0
0
231
0
0
214
0
0
296
0
0
176
0
212
0
164
157
0
157
0
167
272
0
0
0
325
0
0
0
123
189
0
134
217
0
131
0
155
185
190
0
155
0
146
220
0
195
225
0
0
0
192
107
125
135
164
97
117
164
173
152
126
171
194
0
373
0
0
0
0
184
170
0
150
172
180
169
199
0
0
84
118
106
232
0
161
131
180
142
0
262
0
109
188
157
321
0
0
0
169
159
0
178
0
0
0
143
0
391
0
0
0
0
0
89
139
182
111
142
193
0
237
0
167
0
194
85
147
88
285
0
0
0
206
0
0
103
89
133
0
181
192
0
109
0
201
0
104
0
175
0
252
0
165
137
106
0
0
0
194
0
94
197
0
0
0
339
0
0
0
235
0
0
218
0
129
123
145
0
119
129
0
215
0
94
322
0
0
165
185
0
153
150
134
156
159
161
173
117
151
97
103
176
176
161
134
181
0
88
185
191
104
86
104
155
292
0
0
0
218
0
0
197
0
151
144
195
0
132
0
89
144
0
188
0
123
127
0
198
96
262
0
231
0
258
0
0
0
161
198
182
148
355
0
0
0
0
184
218
0
168
0
0
147
97
105
122
0
183
0
117
119
235
0
168
124
281
0
0
0
141
257
0
0
94
266
0
0
202
0
0
146
0
87
157
212
0
266
0
0
116
225
0
0
197
229
0
0
104
119
0
258
0
0
0
234
0
219
0
184
151
157
0
122
0
0
118
90
166
0
191
118
153
171
309
0
0
0
137
0
209
0
0
118
97
155
89
154
0
171
158
103
154
251
0
0
127
0
171
99
204
0
123
0
170
0
276
0
150
289
0
0
124
187
0
88
115
121
231
0
0
0
146
0
99
123
190
231
0
120
128
230
0
244
0
0
0
107
189
145
282
0
0
0
295
0
0
0
172
416
0
0
0
0
0
0
147
196
266
0
0
168
0
196
0
0
0
228
0
0
156
0
0
179
0
171
123
149
0
0
0
181
0
86
194
177
0
283
0
0
0
0
119
89
100
306
0
0
148
118
155
0
0
95
187
0
117
181
163
218
0
0
0
0
198
0
0
208
0
0
147
0
93
328
0
0
0
0
195
104
136
0
153
188
241
0
133
159
193
98
199
189
133
112
93
152
0
0
178
0
0
167
137
108
0
166
95
369
0
0
0
0
0
151
0
162
154
187
0
111
0
197
0
118
173
257
0
106
85
186
0
117
256
0
0
93
106
155
138
85
193
0
0
154
173
0
126
198
299
0
0
102
126
113
143
122
265
0
0
0
0
192
0
0
131
168
0
196
155
0
115
97
150
258
0
0
0
156
0
122
96
104
118
184
143
151
0
225
0
227
0
142
117
85
131
0
121
162
91
125
181
198
106
0
116
0
121
128
281
0
0
0
101
236
0
271
0
129
187
169
203
0
0
202
0
144
175
0
0
0
195
0
0
0
195
0
181
308
0
0
0
0
0
176
206
0
229
0
0
172
105
300
0
0
0
0
128
135
107
136
142
125
116
124
306
0
0
145
244
0
157
178
155
117
184
0
135
151
0
0
197
145
115
114
140
204
0
154
0
0
0
143
201
0
133
175
0
123
175
197
0
194
149
197
169
215
0
0
140
92
120
0
122
0
179
142
122
0
86
89
243
0
0
106
89
182
203
0
0
194
0
118
217
0
167
87
149
0
196
100
150
246
0
129
209
0
0
164
118
274
0
0
147
224
0
167
0
162
0
177
338
0
0
0
0
129
0
164
149
164
130
149
161
163
0
0
151
232
0
193
222
0
0
104
95
90
115
234
0
330
0
0
0
0
0
0
99
116
0
160
137
104
97
148
162
109
91
144
0
124
239
0
97
211
0
0
195
0
0
94
166
172
113
222
0
302
0
0
0
143
93
94
131
198
123
0
84
194
154
103
0
168
196
197
148
168
174
0
188
0
0
126
257
0
0
0
238
0
0
173
186
194
133
145
0
224
0
0
161
0
164
182
0
182
188
175
0
0
190
170
0
160
0
245
0
0
85
446
0
0
0
0
0
117
215
0
182
0
0
100
0
135
198
0
0
107
163
196
0
241
0
136
138
114
0
193
0
0
0
0
384
0
0
0
0
0
0
0
186
0
234
0
0
239
0
177
89
153
218
0
0
124
165
207
0
185
0
134
0
87
124
240
0
192
89
0
121
150
86
95
154
0
0
90
309
0
0
0
0
86
193
0
150
194
0
0
109
249
0
177
167
144
229
0
0
250
0
90
195
375
0
0
0
0
513
0
0
0
0
0
0
0
0
149
169
142
98
270
0
0
0
0
214
0
141
105
329
0
0
0
0
0
135
180
201
0
160
0
195
140
0
185
152
0
196
173
93
190
113
0
98
275
0
183
195
196
0
151
0
0
164
0
198
89
180
281
0
0
170
0
185
0
236
0
0
193
170
119
203
0
219
0
277
0
0
194
0
156
177
164
0
220
0
238
0
0
0
125
249
0
157
169
0
189
97
252
0
0
268
0
0
192
201
0
91
130
116
0
145
0
121
173
0
186
253
0
287
0
0
0
222
0
116
430
0
0
0
0
0
0
251
0
0
230
0
0
0
168
91
180
0
220
0
0
0
122
135
125
133
177
85
244
0
248
0
183
0
317
0
0
0
0
265
0
0
108
240
0
0
168
0
164
99
111
0
213
0
97
0
182
125
196
0
0
120
335
0
0
0
0
0
152
219
0
96
177
106
177
0
196
0
0
0
106
253
0
141
95
85
183
124
138
219
0
0
155
123
124
226
0
0
107
104
180
0
98
229
0
0
99
126
166
150
145
0
178
0
107
182
0
121
0
171
95
139
120
230
0
159
133
233
0
0
0
177
429
0
0
0
0
197
184
216
0
103
153
109
356
0
0
0
91
326
0
0
0
226
0
171
254
0
181
0
144
86
199
0
198
0
208
0
116
140
149
199
114
144
255
0
112
104
88
263
0
112
85
162
115
154
229
0
0
0
244
0
141
123
228
0
259
0
0
119
121
121
183
166
0
99
92
166
147
160
0
179
118
0
181
0
105
171
196
0
0
215
0
0
0
0
132
0
117
153
361
0
0
0
0
0
174
0
188
93
243
0
0
0
270
0
87
126
0
0
89
101
0
142
200
0
264
0
0
155
88
143
156
0
172
207
0
345
0
0
0
0
120
198
0
0
0
261
0
160
0
0
151
0
131
0
245
0
301
0
0
156
131
106
191
123
311
0
0
179
92
149
166
178
193
177
153
0
153
0
130
270
0
0
94
121
176
174
166
195
0
85
158
0
90
128
270
0
120
173
189
0
184
0
192
89
201
0
133
172
0
255
0
194
142
137
0
255
0
167
252
0
148
177
197
185
219
0
0
103
250
0
106
273
0
145
189
184
95
145
0
153
0
213
0
128
184
0
0
172
192
193
141
207
0
188
0
102
155
207
0
155
217
0
116
166
258
0
105
162
221
0
175
0
174
179
135
0
0
241
0
0
107
0
88
143
129
92
109
177
263
0
0
0
100
133
118
0
102
207
0
173
194
180
0
0
170
0
113
161
0
192
167
131
0
103
120
0
89
91
221
0
116
142
216
0
0
0
267
0
0
231
0
100
186
0
211
0
88
245
0
122
206
0
144
193
169
189
0
182
207
0
162
206
0
163
0
147
218
0
158
102
296
0
0
0
139
0
94
189
0
91
242
0
92
188
180
171
0
199
0
0
180
0
133
0
0
197
172
520
0
0
0
0
0
0
97
178
0
87
207
0
0
0
0
156
155
133
134
0
195
200
0
0
131
137
391
0
0
0
0
139
158
0
151
91
273
0
0
0
185
190
0
0
0
120
171
110
0
172
0
201
0
0
165
85
137
190
199
110
183
0
267
0
0
194
0
235
0
90
223
0
157
229
0
0
179
247
0
207
0
259
0
0
0
160
0
132
88
115
114
154
0
0
230
0
97
111
0
95
155
203
0
0
109
101
183
0
332
0
0
0
0
0
133
215
0
173
86
180
109
191
279
0
0
198
97
131
141
189
179
0
0
0
139
214
0
0
208
0
0
0
0
92
144
170
178
0
89
180
0
179
131
291
0
0
0
264
0
0
126
128
194
232
0
0
0
93
142
248
0
0
0
0
201
0
105
193
0
106
118
0
0
295
0
0
221
0
0
303
0
0
0
251
0
0
0
0
0
84
160
332
0
0
0
0
176
174
0
0
152
310
0
0
0
0
0
120
203
0
138
170
150
91
210
0
235
0
0
208
0
0
149
113
0
138
121
0
119
141
99
228
0
0
223
0
174
131
102
208
0
0
196
197
0
166
0
0
93
123
146
224
0
134
112
0
116
151
0
224
0
0
196
163
0
182
0
239
0
0
163
0
359
0
0
0
191
0
296
0
0
0
0
205
0
145
122
178
274
0
0
0
135
142
175
90
178
259
0
175
134
149
0
88
250
0
0
198
213
0
171
262
0
196
128
213
0
0
0
85
139
92
172
181
346
0
0
0
131
94
243
0
0
0
0
187
0
0
88
133
0
105
87
84
192
0
100
148
192
190
0
0
89
181
0
0
184
98
305
0
0
432
0
0
0
0
0
0
0
319
0
0
138
0
190
119
179
187
154
0
0
227
0
0
104
250
0
136
233
0
0
146
178
0
122
174
175
120
217
0
0
180
0
216
0
0
0
189
151
120
0
221
0
94
180
230
0
84
96
112
121
198
0
170
296
0
0
0
139
0
191
0
88
320
0
0
0
0
162
185
225
0
114
0
0
460
0
0
0
0
0
0
305
0
0
107
0
147
136
0
102
167
0
253
0
189
108
85
219
0
136
159
175
0
95
159
109
101
122
173
97
261
0
142
292
0
0
0
442
0
0
0
0
238
0
120
167
108
173
102
153
199
136
171
178
236
0
182
137
144
113
0
143
109
0
156
0
192
367
0
0
0
0
163
0
0
188
156
257
0
0
88
0
191
143
154
90
155
86
181
167
229
0
0
170
0
0
288
0
0
0
169
0
119
96
163
0
168
189
0
171
90
206
0
177
178
247
0
135
0
0
182
215
0
168
147
177
173
127
86
157
0
143
128
0
444
0
0
0
0
0
0
0
0
111
186
193
0
175
182
202
0
136
220
0
0
237
0
0
97
187
168
182
0
161
119
0
116
352
0
0
0
0
119
201
0
199
234
0
239
0
0
157
149
100
0
85
142
174
0
193
129
181
574
0
0
0
0
0
0
0
0
0
199
254
0
0
186
159
163
0
126
193
148
167
90
118
234
0
101
0
113
0
170
0
196
123
120
200
0
0
243
0
191
138
128
0
127
0
156
292
0
0
0
0
194
150
114
0
142
203
0
125
0
261
0
0
0
93
106
171
0
84
261
0
94
267
0
0
154
0
181
0
0
0
131
125
178
119
0
152
0
136
0
239
0
139
0
0
87
95
173
222
0
128
129
191
190
202
0
159
0
169
128
245
0
0
124
0
145
175
0
120
166
232
0
116
155
149
94
120
180
190
181
292
0
0
0
0
0
197
160
192
0
0
90
184
166
95
125
98
356
0
0
0
0
0
0
98
163
174
153
91
185
116
150
0
123
180
0
0
263
0
0
138
0
288
0
0
0
259
0
0
145
0
128
107
140
0
104
184
271
0
0
0
177
151
129
0
119
90
190
108
130
183
192
208
0
182
0
199
104
212
0
0
205
0
198
237
0
157
0
0
141
269
0
0
0
0
132
193
103
125
0
118
0
110
250
0
0
182
0
655
0
0
0
0
0
0
0
0
145
173
188
0
0
183
0
105
198
145
105
114
0
116
106
190
0
302
0
0
93
241
0
0
0
156
124
238
0
137
0
98
193
193
266
0
0
196
0
188
162
0
150
93
148
149
0
87
150
150
0
124
173
187
188
0
285
0
0
0
145
0
137
0
152
0
206
0
0
0
194
101
106
171
299
0
0
0
0
169
158
0
0
187
212
0
95
86
114
120
154
132
225
0
107
111
0
131
280
0
0
147
276
0
0
279
0
0
0
186
163
137
151
0
91
213
0
306
0
0
191
131
0
138
129
187
211
0
162
0
162
232
0
207
0
0
157
126
267
0
189
0
155
0
116
163
231
0
190
171
85
210
0
0
100
192
0
0
333
0
0
0
317
0
0
0
0
123
0
190
190
114
165
0
266
0
0
116
100
112
164
323
0
0
0
107
120
271
0
0
184
0
193
98
198
115
278
0
0
0
246
0
0
154
0
177
0
132
179
0
0
172
147
0
215
0
114
0
98
141
180
0
151
178
0
267
0
311
0
0
0
0
195
0
164
204
0
371
0
0
0
0
0
0
135
111
0
105
197
192
152
0
0
228
0
0
140
0
178
123
173
160
200
0
192
215
0
191
256
0
0
159
103
129
165
0
116
338
0
0
0
142
129
0
168
143
0
202
0
147
0
248
0
0
0
211
0
294
0
0
0
0
0
0
387
0
0
0
0
0
0
0
0
94
124
117
170
109
132
193
210
0
0
114
164
140
0
0
144
99
145
103
440
0
0
0
0
0
101
141
0
0
200
0
128
0
159
0
199
236
0
175
294
0
0
0
134
120
221
0
0
0
0
0
190
0
108
0
94
187
0
148
92
196
0
188
195
0
125
142
162
126
97
189
141
0
312
0
0
166
204
0
167
137
250
0
0
0
0
0
119
154
102
219
0
111
105
154
160
123
189
316
0
0
252
0
0
98
191
147
237
0
84
85
89
194
167
0
343
0
0
0
0
216
0
0
143
159
0
101
115
171
129
114
197
0
116
234
0
0
103
183
160
226
0
203
0
187
0
0
0
188
0
0
146
0
96
162
88
199
146
183
155
114
148
179
138
264
0
111
172
167
0
198
0
221
0
134
131
148
291
0
0
0
0
161
151
107
234
0
292
0
0
0
0
397
0
0
0
0
0
110
0
0
271
0
0
229
0
0
180
270
0
0
149
0
107
112
156
223
0
150
110
157
278
0
0
0
0
96
246
0
199
158
0
258
0
153
183
184
189
0
84
199
224
0
184
0
265
0
0
158
189
0
169
0
92
85
191
289
0
0
0
172
0
144
109
219
0
0
160
180
0
119
160
193
0
188
0
98
247
0
0
309
0
0
0
0
0
142
0
195
142
160
0
141
0
0
397
0
0
0
197
113
0
96
164
249
0
0
0
114
0
156
173
157
109
106
180
183
0
133
105
92
259
0
0
131
148
0
185
0
0
166
0
170
0
0
180
133
161
163
187
248
0
139
0
233
0
127
0
173
0
179
192
149
0
0
159
0
0
102
122
179
0
0
113
0
105
276
0
0
249
0
94
183
0
0
165
0
127
0
179
259
0
0
0
241
0
0
116
89
157
129
147
0
412
0
0
0
0
0
0
0
106
100
128
102
193
114
186
166
368
0
0
0
199
0
0
281
0
0
188
91
299
0
0
0
298
0
0
101
179
0
162
164
98
155
200
0
0
148
193
0
216
0
0
0
0
203
0
168
218
0
0
276
0
0
0
232
0
171
0
126
139
191
121
183
120
199
159
152
0
130
90
125
271
0
0
0
421
0
0
0
0
147
0
0
172
245
0
221
0
0
312
0
0
0
0
0
169
0
162
266
0
102
370
0
0
0
254
0
241
0
159
194
278
0
0
0
0
341
0
0
0
0
103
159
186
199
147
269
0
0
134
232
0
214
0
0
0
100
325
0
0
0
266
0
0
0
0
366
0
0
0
0
124
205
0
102
161
0
270
0
0
0
204
0
118
92
181
0
246
0
0
153
198
104
172
126
125
235
0
0
151
0
187
116
241
0
100
174
148
126
99
155
263
0
179
0
126
117
212
0
175
0
102
119
0
117
90
181
0
100
102
196
117
0
185
89
161
0
149
219
0
0
201
0
0
119
91
432
0
0
0
0
0
234
0
0
110
118
115
0
271
0
0
0
176
112
177
132
134
263
0
0
152
181
384
0
0
0
0
0
222
0
106
0
119
261
0
164
0
182
413
0
0
0
0
0
0
136
0
146
0
92
281
0
0
0
84
166
0
163
97
168
0
244
0
0
122
0
188
0
303
0
0
0
124
230
0
0
0
146
0
145
254
0
92
235
0
0
0
90
150
361
0
0
0
0
0
0
239
0
140
0
262
0
235
0
0
180
0
186
122
0
195
294
0
0
194
226
0
195
142
203
0
0
184
192
116
269
0
0
108
168
112
192
85
104
286
0
0
184
0
115
146
181
209
0
137
148
251
0
0
0
119
195
0
0
421
0
0
0
0
0
0
115
115
119
211
0
156
102
114
123
122
173
191
0
159
0
235
0
0
241
0
208
0
135
172
0
152
278
0
0
113
240
0
0
99
185
0
0
0
114
140
127
148
171
96
155
0
232
0
179
151
0
0
211
0
330
0
0
0
0
148
152
0
0
103
195
0
188
0
0
102
124
190
275
0
0
0
94
338
0
0
0
0
233
0
174
264
0
271
0
0
0
106
198
98
246
0
191
244
0
165
262
0
0
0
181
216
0
108
120
184
196
293
0
0
311
0
0
201
0
144
111
97
194
0
0
0
174
0
169
201
0
141
111
0
393
0
0
0
0
0
0
133
156
118
194
197
131
0
242
0
138
168
188
232
0
0
169
252
0
0
95
244
0
88
184
0
227
0
120
0
188
199
135
184
0
142
0
162
176
0
105
147
96
164
0
128
152
108
189
197
136
149
174
0
157
0
193
224
0
90
200
0
243
0
132
140
166
120
96
283
0
0
0
0
0
101
129
0
154
189
0
0
176
0
0
106
93
149
193
155
186
0
151
179
140
160
231
0
0
145
195
262
0
193
0
326
0
0
0
0
0
198
0
225
0
196
0
159
129
151
0
157
98
166
0
381
0
0
0
0
0
162
195
166
179
0
0
108
160
217
0
0
209
0
209
0
197
0
186
0
224
0
117
0
276
0
99
189
94
102
120
217
0
0
177
160
87
119
152
0
166
226
0
146
195
0
162
177
197
195
0
192
0
0
87
139
99
127
263
0
0
132
0
116
95
140
129
0
136
163
0
239
0
0
202
0
90
86
168
223
0
0
98
149
265
0
167
135
0
84
184
156
0
99
178
121
181
158
128
0
206
0
236
0
102
89
111
223
0
0
243
0
0
111
151
151
330
0
0
0
0
104
229
0
141
163
137
147
0
220
0
0
151
0
201
0
194
0
0
180
0
0
130
164
197
114
144
0
0
89
229
0
146
190
216
0
0
198
144
163
143
108
209
0
303
0
0
166
0
237
0
96
183
198
142
0
219
0
0
248
0
0
0
171
0
196
174
191
0
173
0
123
0
248
0
0
0
0
301
0
0
175
472
0
0
0
0
0
0
85
157
141
277
0
0
0
196
387
0
0
0
0
153
190
0
200
0
103
235
0
0
157
115
0
178
0
131
147
243
0
0
0
0
140
124
288
0
0
158
0
97
0
293
0
0
0
0
420
0
0
0
0
0
178
123
104
119
92
189
0
0
144
0
113
224
0
181
204
0
195
215
0
137
105
131
0
257
0
0
0
0
169
187
189
0
157
0
261
0
0
0
167
167
149
0
90
144
127
106
236
0
0
0
194
257
0
0
88
158
136
224
0
95
242
0
0
184
0
119
0
94
230
0
0
85
191
0
133
217
0
103
0
237
0
0
0
222
0
139
84
151
220
0
160
107
89
184
93
160
112
186
0
231
0
0
105
118
141
139
335
0
0
0
0
0
110
0
0
0
411
0
0
0
0
0
0
180
91
101
138
174
196
175
0
117
186
110
287
0
0
130
105
124
237
0
141
119
167
162
0
146
137
257
0
0
194
141
263
0
0
116
108
174
0
128
172
150
194
0
193
0
247
0
0
0
123
105
182
169
198
196
0
0
0
225
0
134
189
194
149
152
0
200
0
156
0
236
0
197
0
116
189
169
156
200
0
0
0
91
179
120
183
260
0
0
0
0
169
222
0
86
150
0
237
0
94
115
128
196
0
180
115
134
167
197
117
184
239
0
0
170
166
196
0
187
0
124
210
0
280
0
0
142
182
0
166
171
134
228
0
0
157
194
108
159
0
96
111
133
185
96
187
152
242
0
0
166
0
89
95
195
161
416
0
0
0
0
0
0
312
0
0
0
0
334
0
0
0
87
157
331
0
0
0
146
153
0
181
95
144
141
132
0
170
0
0
134
195
100
199
123
143
90
105
121
163
178
0
110
142
164
154
0
93
334
0
0
0
0
245
0
0
0
171
236
0
101
174
0
161
0
144
321
0
0
0
166
179
126
189
0
137
0
113
145
120
0
191
0
155
0
0
109
121
120
135
0
211
0
0
0
143
323
0
0
0
0
249
0
84
109
151
0
168
138
176
0
222
0
0
149
225
0
195
141
137
348
0
0
0
176
115
93
222
0
177
111
177
0
0
164
163
177
86
146
235
0
212
0
171
179
0
166
257
0
297
0
0
0
84
139
102
178
93
180
90
168
88
248
0
205
0
172
0
0
196
164
156
0
138
185
0
244
0
0
0
267
0
0
128
124
190
0
0
175
0
133
0
181
0
132
183
0
94
0
167
0
0
132
149
0
206
0
128
236
0
0
163
0
190
101
0
99
115
286
0
0
0
98
94
176
0
141
110
122
351
0
0
0
0
350
0
0
187
0
157
0
306
0
0
0
232
0
0
0
210
0
158
352
0
0
0
0
0
0
182
85
131
89
229
0
0
88
281
0
0
0
124
89
138
132
193
158
185
84
159
138
147
192
189
0
175
140
106
209
0
103
0
194
128
231
0
0
286
0
0
236
0
0
184
240
0
234
0
0
160
254
0
0
353
0
0
0
199
146
0
150
114
130
298
0
0
121
99
172
0
0
223
0
0
210
0
143
0
125
213
0
92
181
121
180
85
146
160
153
165
99
86
126
0
205
0
226
0
0
140
94
138
0
236
0
138
224
0
89
184
362
0
0
0
0
0
102
226
0
0
94
158
140
0
237
0
0
197
257
0
212
0
149
107
143
218
0
0
87
150
158
328
0
0
114
283
0
0
111
199
127
176
142
0
185
0
156
169
194
96
143
138
99
256
0
370
0
0
0
0
143
203
0
172
186
266
0
0
0
223
0
0
106
277
0
0
0
230
0
0
0
154
0
172
0
0
0
126
195
125
86
0
145
92
191
0
99
132
99
119
168
114
267
0
0
0
346
0
0
0
114
134
177
136
166
114
238
0
165
158
0
200
0
151
192
245
0
197
246
0
282
0
0
284
0
0
0
188
203
0
192
84
214
0
89
229
0
126
243
0
94
146
0
115
269
0
0
146
0
194
289
0
0
0
179
169
0
0
0
114
179
0
156
162
344
0
0
0
0
0
0
182
0
0
131
165
0
123
0
181
0
301
0
0
0
239
0
0
188
0
209
0
0
365
0
0
0
0
154
0
355
0
0
0
0
0
0
131
0
191
284
0
0
310
0
0
177
0
0
179
122
266
0
164
99
234
0
131
0
0
195
111
0
127
195
0
162
249
0
0
187
88
175
162
170
95
222
0
0
0
177
163
175
164
0
0
139
0
265
0
182
114
0
157
147
332
0
0
0
0
0
112
179
218
0
148
195
231
0
121
109
141
138
90
147
100
240
0
268
0
0
0
0
131
182
206
0
0
108
109
87
135
130
155
0
134
157
207
0
218
0
0
242
0
85
92
181
0
181
163
170
115
113
0
175
126
188
184
184
199
0
114
166
138
124
95
92
177
0
185
0
120
103
325
0
0
0
0
170
0
190
114
99
0
135
134
0
316
0
0
0
0
108
149
0
195
0
119
125
126
184
210
0
355
0
0
0
281
0
0
138
0
152
0
253
0
0
0
109
98
218
0
172
170
0
163
89
175
0
133
137
168
0
178
0
100
198
360
0
0
0
0
99
173
131
166
204
0
140
0
111
147
119
0
159
132
171
0
180
0
164
148
156
114
168
195
230
0
319
0
0
154
0
213
0
175
0
0
238
0
219
0
0
100
231
0
0
0
0
0
94
187
226
0
146
0
212
0
245
0
0
170
139
155
130
111
130
162
0
177
102
160
0
153
142
117
0
179
139
135
101
178
171
0
184
167
94
338
0
0
0
0
193
182
176
0
94
151
154
192
106
193
162
229
0
0
165
0
130
142
126
0
0
137
117
303
0
0
117
117
246
0
0
116
153
169
184
0
295
0
0
0
0
121
186
179
0
118
139
88
156
272
0
0
0
106
166
0
208
0
251
0
0
209
0
169
0
0
0
144
183
0
0
180
299
0
0
227
0
163
0
174
0
0
0
181
0
228
0
0
186
0
133
100
97
185
173
214
0
0
137
292
0
0
0
176
176
104
178
196
177
169
0
161
0
0
179
0
193
197
0
178
231
0
0
111
107
189
277
0
95
112
197
0
0
118
290
0
0
184
0
157
229
0
0
0
0
338
0
0
0
0
151
224
0
170
0
159
173
229
0
199
0
244
0
0
0
0
0
249
0
0
85
173
123
310
0
0
0
0
141
149
0
181
103
210
0
141
193
0
177
0
244
0
170
0
97
98
187
0
146
0
192
183
106
87
253
0
273
0
0
388
0
0
0
0
0
0
0
134
225
0
0
174
132
0
218
0
164
144
0
141
112
0
365
0
0
0
114
208
0
213
0
122
160
168
183
112
307
0
0
0
187
186
132
93
0
131
137
305
0
0
0
0
96
158
0
173
191
172
162
173
200
0
255
0
308
0
0
176
169
0
138
161
178
109
243
0
0
0
158
163
0
113
108
0
226
0
0
0
0
103
201
0
117
121
0
89
122
174
107
184
153
251
0
0
271
0
0
113
158
184
0
180
173
0
174
87
151
119
161
0
195
0
103
199
0
202
0
412
0
0
0
0
0
185
206
0
0
169
253
0
0
0
156
218
0
103
98
160
170
169
0
0
164
0
125
194
134
182
0
0
240
0
0
264
0
173
172
186
103
194
166
0
103
132
156
108
0
191
176
181
120
193
250
0
0
216
0
326
0
0
170
172
261
0
143
201
0
0
91
298
0
0
189
0
188
167
112
187
0
181
180
0
281
0
0
166
102
181
145
195
0
176
95
110
141
0
165
190
0
214
0
184
123
191
138
0
278
0
0
0
109
198
0
183
98
172
167
0
138
86
168
214
0
189
171
0
199
0
128
159
0
180
239
0
0
194
198
129
121
242
0
0
200
0
0
148
0
165
0
121
115
279
0
117
192
181
167
0
126
207
0
257
0
0
181
180
318
0
0
191
0
211
0
262
0
0
0
189
180
0
0
90
118
183
148
92
257
0
0
0
0
0
0
88
180
0
118
192
160
189
0
205
0
0
182
0
0
134
178
185
0
191
0
195
244
0
0
192
0
0
0
107
151
200
0
261
0
0
0
203
0
116
0
254
0
0
0
189
0
0
0
0
101
150
0
235
0
240
0
197
0
113
103
0
134
186
0
0
202
0
0
0
253
0
138
199
302
0
0
0
0
308
0
0
0
0
0
0
177
169
0
98
144
150
166
157
224
0
0
189
181
0
175
0
179
204
0
107
311
0
0
0
192
0
0
226
0
115
218
0
135
132
105
129
105
98
91
99
118
173
185
186
0
112
84
230
0
198
0
0
0
195
0
92
161
179
107
122
131
187
142
96
97
290
0
0
125
216
0
0
0
137
121
261
0
84
195
173
198
0
189
203
0
0
0
92
194
120
210
0
0
0
286
0
0
0
178
115
185
191
0
0
199
0
141
167
208
0
95
166
187
0
176
172
0
216
0
215
0
274
0
0
246
0
0
0
0
148
115
0
234
0
155
0
199
0
105
229
0
0
232
0
232
0
0
194
317
0
0
0
145
177
152
127
88
256
0
0
295
0
0
0
158
149
231
0
157
151
0
213
0
275
0
0
0
0
215
0
97
154
118
99
224
0
0
232
0
202
0
182
240
0
150
197
119
97
121
229
0
192
107
115
155
161
0
174
0
0
0
162
180
176
0
133
95
207
0
178
216
0
116
183
194
0
162
145
0
185
0
288
0
0
191
169
87
164
0
123
172
202
0
386
0
0
0
0
0
0
188
172
172
0
170
215
0
94
170
107
166
0
0
129
124
111
148
0
244
0
395
0
0
0
0
0
194
194
148
145
157
213
0
169
443
0
0
0
0
0
0
0
0
179
308
0
0
0
0
188
188
359
0
0
0
0
124
219
0
0
222
0
148
0
84
259
0
0
192
335
0
0
254
0
0
189
174
85
103
0
127
169
126
159
177
0
0
124
176
169
325
0
0
0
0
0
93
92
178
198
0
0
146
0
141
265
0
0
0
0
0
139
116
110
0
186
0
162
0
0
148
156
167
117
149
0
285
0
0
106
141
288
0
0
0
191
0
161
188
0
191
156
202
0
194
0
0
174
192
0
0
101
215
0
306
0
0
0
0
169
0
147
99
199
170
0
292
0
0
0
123
103
152
0
493
0
0
0
0
0
0
300
0
0
0
0
0
0
204
0
256
0
0
0
234
0
0
0
0
158
0
176
0
182
244
0
271
0
0
0
234
0
0
154
0
185
162
0
166
150
0
236
0
144
188
0
203
0
0
137
189
188
0
224
0
148
205
0
249
0
0
150
245
0
0
212
0
194
0
0
173
179
165
0
156
0
85
169
187
181
0
269
0
0
132
175
255
0
0
251
0
237
0
0
102
169
144
346
0
0
0
0
0
187
0
289
0
0
0
0
0
244
0
0
92
130
141
119
131
135
108
141
153
212
0
129
140
0
0
407
0
0
0
0
0
137
0
164
147
157
127
290
0
0
0
0
0
131
136
119
125
220
0
108
161
97
102
135
175
140
211
0
89
98
238
0
161
0
114
0
115
264
0
106
160
246
0
86
119
158
229
0
103
102
207
0
110
220
0
0
0
148
174
102
115
128
186
268
0
0
125
115
115
87
257
0
95
146
184
192
183
0
0
134
230
0
0
155
167
0
160
0
177
0
104
166
0
199
149
170
176
0
249
0
119
105
197
0
192
185
0
180
0
149
212
0
162
163
194
131
170
233
0
181
127
100
161
195
243
0
0
101
340
0
0
0
0
0
0
146
172
0
211
0
228
0
174
128
0
84
307
0
0
220
0
203
0
129
0
175
0
334
0
0
0
241
0
249
0
154
135
238
0
0
95
402
0
0
0
0
0
161
0
230
0
0
251
0
0
0
118
109
168
0
276
0
0
0
262
0
169
89
183
160
129
0
0
141
239
0
0
153
0
185
158
0
0
0
204
0
256
0
0
254
0
0
157
195
172
144
100
180
255
0
170
197
200
0
189
129
190
251
0
0
187
0
141
0
251
0
220
0
203
0
244
0
115
215
0
157
0
109
227
0
0
176
132
90
220
0
0
84
198
250
0
149
125
221
0
0
105
120
182
0
221
0
156
167
138
344
0
0
0
0
0
195
151
145
144
0
208
0
0
248
0
0
172
0
138
0
190
0
93
123
193
0
118
157
221
0
177
0
186
112
190
161
262
0
0
159
235
0
0
104
169
272
0
141
130
184
0
113
84
156
156
222
0
100
147
139
124
0
139
162
0
109
195
239
0
148
153
163
0
186
119
134
105
225
0
0
160
181
204
0
316
0
0
0
185
0
156
194
159
0
142
125
200
0
0
186
390
0
0
0
142
147
0
0
296
0
0
171
0
133
147
0
222
0
158
217
0
0
136
0
0
200
0
0
0
109
0
185
317
0
0
0
0
197
0
141
159
198
0
0
154
97
276
0
0
176
194
181
97
208
0
192
109
141
309
0
0
0
0
0
188
0
113
230
0
156
0
166
195
0
0
170
174
132
0
217
0
154
184
0
0
93
209
0
127
163
264
0
99
192
255
0
230
0
260
0
192
110
158
0
152
217
0
0
251
0
0
147
189
0
188
188
102
122
268
0
246
0
0
218
0
137
0
189
129
107
86
102
91
91
141
267
0
103
161
101
183
189
118
100
165
152
211
0
187
0
135
196
187
84
100
123
116
397
0
0
0
0
108
189
175
187
132
141
0
0
325
0
0
0
174
180
94
171
237
0
0
309
0
0
0
142
109
163
0
157
410
0
0
0
0
0
154
162
89
105
116
157
119
164
146
0
194
100
0
148
0
179
134
126
160
0
0
187
0
0
0
0
157
255
0
0
93
112
235
0
0
185
186
221
0
0
180
203
0
130
173
0
219
0
0
87
98
258
0
0
182
193
193
217
0
0
159
134
284
0
0
0
0
0
201
0
0
125
237
0
148
159
354
0
0
0
0
0
191
167
170
240
0
0
125
92
319
0
0
113
189
186
143
105
191
175
0
178
197
0
262
0
0
200
0
205
0
0
123
152
165
0
133
0
236
0
0
136
176
226
0
162
145
0
188
0
0
88
157
147
182
136
0
111
384
0
0
0
200
0
0
218
0
174
96
0
86
127
210
0
232
0
0
111
140
341
0
0
0
0
149
0
0
0
0
112
149
156
168
105
153
273
0
0
202
0
0
193
156
154
151
303
0
0
0
0
134
190
219
0
163
0
121
0
176
0
113
233
0
191
117
84
134
197
0
161
0
159
140
162
207
0
251
0
0
117
272
0
92
91
129
246
0
0
171
137
0
120
152
172
133
258
0
0
161
175
0
188
0
0
155
153
216
0
137
107
225
0
284
0
0
179
0
263
0
155
179
0
123
117
205
0
0
0
144
211
0
179
208
0
188
0
157
121
288
0
0
89
112
112
0
129
131
267
0
0
0
174
216
0
0
109
186
113
178
373
0
0
0
150
181
179
283
0
0
0
200
0
0
125
150
209
0
181
116
141
0
169
0
0
289
0
0
0
0
238
0
242
0
0
0
129
188
0
0
163
199
0
248
0
175
0
260
0
0
0
248
0
0
173
0
174
175
148
190
100
129
126
193
0
127
203
0
283
0
0
167
181
0
139
108
174
0
349
0
0
0
0
0
131
343
0
0
0
0
291
0
0
103
107
90
159
0
188
157
125
207
0
196
261
0
0
0
192
220
0
208
0
158
155
183
103
170
261
0
0
174
0
195
0
0
155
0
134
0
163
0
176
0
259
0
0
0
142
132
109
0
241
0
0
119
218
0
0
269
0
0
173
130
199
0
112
161
0
158
253
0
183
0
121
129
152
151
148
199
359
0
0
0
0
0
155
0
107
85
131
110
252
0
0
157
234
0
171
0
0
190
0
224
0
0
0
92
148
117
350
0
0
0
0
0
124
132
0
156
181
0
92
159
0
187
0
104
153
0
120
88
110
104
134
0
132
187
188
144
271
0
0
0
163
140
260
0
0
240
0
0
126
91
103
144
0
129
196
144
205
0
0
0
144
0
208
0
109
211
0
0
216
0
127
197
0
101
192
0
221
0
267
0
0
115
160
168
95
141
148
192
174
209
0
119
248
0
0
120
0
168
0
204
0
89
129
184
275
0
0
131
0
223
0
126
162
88
186
0
164
188
121
165
0
121
138
176
0
111
0
180
0
0
155
176
0
148
0
183
264
0
238
0
182
0
202
0
312
0
0
0
191
121
124
0
114
0
144
287
0
0
105
124
92
239
0
173
0
113
128
0
0
0
133
0
146
0
232
0
221
0
140
157
174
168
0
86
160
0
0
154
186
272
0
125
136
168
211
0
0
181
0
145
164
184
0
220
0
88
155
0
217
0
164
164
218
0
152
0
147
135
105
172
209
0
0
0
184
0
204
0
0
0
179
116
166
167
0
0
138
234
0
0
0
367
0
0
0
0
173
123
0
157
123
261
0
0
91
86
92
145
0
0
159
0
160
0
0
222
0
0
249
0
158
0
0
90
0
138
155
198
126
153
146
0
216
0
0
0
197
132
197
145
176
196
128
101
166
179
0
0
159
0
125
119
0
193
125
214
0
0
118
221
0
163
0
108
185
116
94
194
182
117
131
170
180
0
229
0
109
224
0
291
0
0
0
0
132
212
0
0
93
146
0
104
198
100
168
233
0
194
0
147
123
163
309
0
0
0
173
0
89
174
0
178
150
186
208
0
0
196
0
308
0
0
0
0
0
182
221
0
254
0
0
138
0
214
0
0
0
256
0
202
0
126
90
251
0
147
141
110
109
207
0
0
156
130
104
303
0
0
0
133
191
0
177
118
142
152
221
0
0
286
0
0
150
93
184
290
0
0
0
190
91
90
173
0
119
0
167
109
120
161
109
210
0
196
0
0
180
205
0
107
171
148
154
0
279
0
0
0
94
176
0
88
178
125
97
163
138
99
149
182
131
185
109
229
0
119
0
159
215
0
0
182
175
0
180
0
0
123
198
0
169
0
198
0
199
176
123
291
0
0
0
0
137
0
193
0
100
126
180
0
103
154
115
167
196
196
197
132
0
106
239
0
0
97
204
0
117
170
0
248
0
217
0
92
86
180
165
181
0
218
0
133
187
94
136
113
165
178
90
201
0
0
0
189
267
0
0
180
0
0
198
0
0
158
273
0
0
246
0
0
0
160
220
0
127
195
98
279
0
0
0
0
125
129
0
140
143
127
140
0
157
103
104
188
0
94
130
108
115
148
0
197
272
0
0
0
260
0
109
205
0
175
111
220
0
0
156
0
247
0
0
294
0
0
0
131
123
0
167
158
0
177
190
169
0
164
0
207
0
187
144
0
168
0
242
0
0
247
0
0
210
0
212
0
90
158
197
0
191
232
0
0
153
161
128
188
175
0
195
131
211
0
139
95
139
186
0
0
0
140
199
131
202
0
0
164
107
380
0
0
0
0
186
127
0
118
189
163
166
0
140
142
0
154
214
0
160
0
312
0
0
86
213
0
84
209
0
113
117
91
243
0
154
124
0
120
181
0
162
191
128
108
0
251
0
285
0
0
0
177
0
117
0
124
178
169
0
205
0
200
0
147
190
166
0
151
0
199
172
166
361
0
0
0
0
168
0
104
356
0
0
0
0
0
95
209
0
188
296
0
0
0
0
183
115
116
0
260
0
0
242
0
215
0
125
128
121
183
131
239
0
156
133
98
111
0
0
127
195
0
254
0
194
243
0
107
130
175
129
107
188
169
0
120
150
268
0
126
162
98
125
0
351
0
0
0
128
162
212
0
0
166
234
0
0
172
113
138
112
254
0
0
168
0
106
120
136
0
180
0
311
0
0
164
215
0
101
130
99
330
0
0
178
169
0
0
150
140
85
208
0
0
162
171
0
201
0
205
0
111
191
95
97
170
0
182
173
117
164
138
124
471
0
0
0
0
0
0
0
314
0
0
0
113
142
0
112
250
0
0
221
0
0
0
151
111
0
298
0
0
0
106
164
0
0
318
0
0
0
182
0
360
0
0
0
175
177
125
167
155
159
0
154
0
201
0
144
114
129
225
0
236
0
0
147
287
0
0
156
101
171
101
281
0
0
0
0
0
0
103
173
163
161
121
0
166
142
123
154
183
119
183
146
184
89
189
0
159
156
95
138
294
0
0
0
123
285
0
0
0
144
139
154
0
0
191
173
261
0
0
0
131
220
0
182
0
0
140
207
0
0
176
255
0
0
92
147
162
236
0
0
0
191
0
127
115
0
172
0
0
184
108
0
138
181
182
212
0
0
161
0
181
132
0
0
117
184
185
170
0
125
194
0
189
0
187
0
196
0
156
185
156
317
0
0
0
292
0
0
0
0
0
187
0
273
0
0
163
196
0
120
181
150
119
137
100
104
145
0
187
195
194
89
248
0
0
180
0
0
164
122
136
212
0
0
125
387
0
0
0
298
0
0
0
0
91
212
0
294
0
0
159
337
0
0
0
0
238
0
0
139
179
105
247
0
0
146
266
0
0
197
0
87
264
0
0
108
163
176
0
132
123
191
89
161
0
110
187
0
198
125
138
266
0
0
254
0
169
108
95
160
199
214
0
179
116
0
143
314
0
0
164
159
229
0
0
0
138
0
196
118
138
175
100
0
260
0
0
135
87
210
0
301
0
0
103
188
179
193
187
0
184
0
348
0
0
0
0
99
150
207
0
0
121
206
0
94
487
0
0
0
0
0
0
131
140
85
167
158
91
304
0
0
0
295
0
0
0
148
0
205
0
294
0
0
157
0
131
0
198
0
198
140
0
134
136
198
0
0
114
164
194
0
166
158
0
155
0
239
0
209
0
213
0
131
130
197
0
376
0
0
0
0
94
146
221
0
183
155
0
0
184
0
348
0
0
0
0
0
0
159
0
159
0
0
91
98
0
194
88
184
0
195
240
0
208
0
293
0
0
0
0
182
145
0
97
163
172
0
244
0
0
0
243
0
152
0
0
285
0
0
0
192
145
0
118
172
232
0
173
122
211
0
102
148
0
181
110
161
0
118
298
0
0
0
164
131
108
229
0
0
0
128
0
0
92
266
0
0
0
207
0
91
149
242
0
94
266
0
196
192
283
0
0
244
0
189
192
88
122
114
315
0
0
0
196
304
0
0
0
0
147
107
91
149
109
164
233
0
0
215
0
176
138
0
137
111
163
191
261
0
237
0
139
0
160
170
105
183
172
109
113
92
89
178
193
92
178
198
166
109
0
139
0
168
0
96
153
143
192
150
115
134
0
158
171
0
131
0
121
137
151
176
194
125
334
0
0
0
286
0
0
146
194
168
164
93
188
0
315
0
0
208
0
0
0
225
0
89
172
147
185
187
0
0
110
171
92
0
180
0
0
266
0
142
184
0
162
0
0
0
85
140
0
125
102
217
0
188
99
110
124
156
216
0
215
0
168
0
143
176
167
136
0
125
254
0
0
170
249
0
127
193
120
0
271
0
0
197
177
98
0
102
263
0
0
0
161
0
177
108
92
126
182
89
240
0
194
152
150
0
134
168
196
159
311
0
0
0
0
136
193
158
0
102
161
185
129
186
110
91
153
111
124
93
190
109
199
162
0
257
0
0
116
264
0
0
149
0
161
108
0
225
0
142
208
0
205
0
165
152
110
130
123
199
121
183
0
0
106
216
0
0
163
135
280
0
0
0
115
0
97
103
0
159
0
155
149
164
100
0
195
0
137
200
0
144
137
153
166
144
118
155
98
172
112
0
199
126
234
0
163
0
172
120
168
0
279
0
0
0
0
122
0
185
132
118
84
157
173
0
158
173
0
129
0
277
0
0
0
180
238
0
0
232
0
0
0
193
193
172
249
0
0
166
140
99
123
163
171
186
0
0
0
135
126
227
0
162
0
0
190
0
0
146
109
85
112
149
195
241
0
104
144
138
144
86
164
286
0
0
0
132
338
0
0
175
0
0
206
0
168
142
130
235
0
0
0
0
87
295
0
0
168
119
152
131
199
157
0
136
240
0
130
86
121
151
151
138
0
457
0
0
0
0
0
0
265
0
0
0
0
144
122
161
165
123
204
0
0
236
0
0
162
120
0
141
126
169
0
0
243
0
171
151
0
241
0
0
0
182
0
0
234
0
0
230
0
0
178
150
0
0
192
259
0
175
0
197
86
0
210
0
167
0
0
243
0
140
140
184
198
0
422
0
0
0
0
0
0
0
148
91
152
138
86
262
0
0
142
163
0
0
249
0
137
445
0
0
0
0
0
0
134
295
0
0
164
86
159
199
313
0
0
0
159
0
224
0
174
0
115
150
176
138
224
0
0
475
0
0
0
0
0
126
194
154
93
174
151
100
128
176
116
0
150
189
86
161
234
0
118
178
162
234
0
0
216
0
131
106
216
0
0
148
168
188
111
167
136
118
194
159
182
0
149
116
110
191
134
108
136
0
88
145
127
0
179
138
190
195
0
172
143
193
174
0
160
0
162
121
170
106
190
0
177
0
241
0
0
125
236
0
0
94
161
421
0
0
0
0
0
0
0
116
0
148
0
178
131
0
118
141
176
212
0
104
87
162
221
0
177
0
85
168
191
85
141
161
119
182
165
265
0
0
0
119
131
0
94
241
0
0
219
0
0
232
0
0
0
143
114
106
113
150
0
283
0
0
0
178
100
129
162
95
0
147
208
0
0
177
0
169
0
92
0
351
0
0
0
0
184
154
294
0
0
0
0
0
269
0
0
134
135
228
0
0
173
217
0
106
96
111
252
0
142
129
266
0
113
105
192
0
244
0
0
146
91
135
188
216
0
214
0
0
0
117
108
257
0
116
0
175
0
264
0
0
212
0
0
0
157
141
154
142
177
158
260
0
300
0
0
0
0
129
0
137
149
175
0
222
0
172
133
147
0
324
0
0
110
136
124
174
90
92
116
189
0
177
0
188
0
0
0
99
165
0
130
111
137
187
140
0
196
142
0
151
223
0
112
126
102
182
85
183
0
105
174
123
156
190
106
226
0
136
135
141
86
189
0
128
267
0
283
0
0
164
106
179
180
140
174
160
154
0
131
139
0
134
0
175
102
185
242
0
0
186
183
177
169
128
0
153
85
108
190
363
0
0
0
97
133
0
134
192
208
0
0
159
85
170
0
112
102
114
299
0
0
0
209
0
159
84
171
85
198
239
0
0
133
0
177
168
0
104
197
0
92
150
159
131
144
164
0
188
0
104
0
171
87
168
170
0
0
167
90
88
135
0
157
0
181
0
0
167
0
324
0
0
136
116
140
0
220
0
0
156
194
270
0
150
233
0
0
168
239
0
180
183
227
0
0
143
173
0
0
262
0
0
131
0
264
0
0
121
133
145
132
151
166
0
183
0
99
403
0
0
0
0
150
141
186
99
88
201
0
0
254
0
112
262
0
0
0
147
146
0
175
89
169
0
351
0
0
0
0
0
170
150
119
112
137
0
216
0
0
0
275
0
0
163
218
0
0
113
180
157
0
276
0
0
0
105
113
88
94
216
0
171
0
151
412
0
0
0
0
98
264
0
0
207
0
0
137
161
125
0
128
0
84
171
0
134
150
0
187
194
0
178
182
0
248
0
0
119
226
0
193
201
0
173
0
341
0
0
0
0
170
0
351
0
0
0
0
0
0
107
152
0
151
218
0
0
0
138
185
0
254
0
0
163
197
0
150
0
229
0
0
126
200
0
313
0
0
0
233
0
0
0
0
239
0
106
159
0
0
84
98
171
0
0
121
0
84
181
0
246
0
252
0
0
118
269
0
230
0
0
108
97
144
148
157
0
246
0
0
144
131
104
262
0
0
200
0
182
152
0
142
0
119
124
179
0
305
0
0
0
0
192
0
135
0
195
198
319
0
0
125
0
125
147
170
180
187
129
241
0
0
113
156
166
0
186
0
184
119
109
202
0
322
0
0
0
0
116
170
162
0
218
0
0
88
148
0
335
0
0
0
185
0
196
178
0
171
274
0
0
144
0
164
193
129
100
0
103
123
215
0
150
0
93
152
113
176
159
0
0
221
0
0
172
154
229
0
0
221
0
0
169
169
0
0
177
0
132
193
95
259
0
0
0
140
121
95
160
113
173
192
0
0
151
118
170
84
186
0
0
0
179
0
99
126
0
0
193
174
104
164
177
0
121
188
155
115
159
0
151
259
0
193
171
0
0
0
121
128
182
0
0
214
0
418
0
0
0
0
0
0
145
142
164
114
113
152
142
172
85
243
0
0
189
223
0
0
0
214
0
0
111
138
183
152
171
0
121
92
129
111
130
0
115
223
0
304
0
0
128
91
164
0
100
89
164
0
152
108
187
210
0
159
161
137
0
162
127
115
165
153
86
223
0
124
187
118
0
190
160
0
292
0
0
185
190
0
0
143
232
0
0
301
0
0
0
257
0
0
0
0
0
0
116
0
89
213
0
262
0
0
0
0
224
0
0
162
0
200
0
114
170
0
208
0
172
0
149
119
175
111
152
108
163
0
0
192
146
259
0
0
0
0
228
0
276
0
0
0
143
234
0
0
0
171
211
0
0
126
134
97
244
0
171
176
0
0
97
230
0
263
0
159
0
95
0
189
160
0
184
122
135
225
0
161
190
269
0
0
139
217
0
144
0
240
0
193
0
188
136
0
335
0
0
172
147
198
0
195
475
0
0
0
0
0
0
134
186
109
0
208
0
234
0
0
109
209
0
0
136
298
0
0
169
279
0
0
0
143
195
261
0
0
88
107
118
0
0
189
190
0
171
117
135
0
0
174
0
108
0
111
160
199
0
139
164
0
242
0
108
0
142
0
267
0
0
0
101
321
0
0
181
135
194
135
111
96
98
284
0
0
129
186
118
177
125
141
232
0
0
0
108
135
189
159
0
294
0
0
0
0
0
126
181
168
109
112
166
99
253
0
0
193
105
128
116
0
144
196
204
0
190
137
195
0
0
95
173
0
137
150
96
0
104
95
202
0
185
0
215
0
140
0
252
0
0
157
408
0
0
0
0
0
177
0
118
158
151
124
118
0
240
0
209
0
171
0
180
249
0
234
0
159
176
0
0
0
0
84
178
190
0
138
84
201
0
199
0
0
0
99
259
0
196
0
344
0
0
0
148
113
236
0
97
131
0
239
0
164
171
178
134
174
94
224
0
0
179
144
178
93
87
159
148
0
0
157
0
155
318
0
0
0
0
0
0
0
180
0
167
0
92
233
0
0
0
172
164
204
0
266
0
0
0
158
212
0
0
0
154
0
168
361
0
0
0
155
229
0
0
0
196
188
0
217
0
106
183
144
198
0
0
102
159
163
299
0
0
262
0
0
0
146
0
187
196
0
138
97
96
126
137
98
264
0
100
148
266
0
0
183
0
274
0
139
0
145
0
131
266
0
0
0
117
0
168
144
0
0
124
218
0
0
0
0
132
225
0
0
141
161
112
0
197
321
0
0
0
0
158
184
174
105
243
0
0
86
179
0
124
206
0
0
152
333
0
0
0
179
172
120
113
207
0
0
127
0
155
459
0
0
0
0
0
0
0
188
171
0
213
0
0
151
0
110
160
186
188
0
0
135
0
106
187
222
0
175
158
124
0
192
0
281
0
0
0
88
142
0
186
0
0
166
100
105
169
0
0
124
157
0
86
197
201
0
0
232
0
0
278
0
0
184
0
0
103
206
0
153
168
255
0
0
0
115
212
0
116
241
0
172
169
175
145
431
0
0
0
0
294
0
0
0
0
161
134
109
236
0
0
0
121
0
89
96
90
147
260
0
0
110
534
0
0
0
0
0
0
0
0
0
211
0
342
0
0
0
106
254
0
0
0
0
168
112
0
174
116
186
112
180
131
0
0
158
153
0
0
152
248
0
0
173
106
112
120
122
0
90
326
0
0
0
290
0
0
187
0
151
0
172
172
261
0
128
115
0
98
236
0
87
181
202
0
0
172
147
191
0
223
0
213
0
0
198
0
0
170
142
190
0
185
93
313
0
0
93
131
207
0
152
0
146
109
153
174
155
171
120
266
0
0
178
164
190
170
0
135
0
171
0
219
0
0
0
133
141
316
0
0
0
196
118
0
224
0
135
0
251
0
0
195
172
0
95
238
0
173
0
166
99
148
100
161
106
222
0
193
157
198
190
0
0
222
0
193
0
0
0
132
296
0
0
341
0
0
0
119
217
0
0
0
120
0
166
164
0
301
0
0
0
174
0
101
155
128
0
264
0
0
165
0
130
188
131
181
235
0
193
209
0
0
0
122
254
0
0
160
125
0
162
102
185
0
91
135
194
186
0
188
297
0
0
0
162
168
0
0
0
165
141
156
126
279
0
0
171
0
116
85
168
0
237
0
0
0
333
0
0
0
0
0
178
95
174
263
0
112
184
0
229
0
129
158
0
0
143
0
245
0
214
0
166
0
125
0
180
153
0
248
0
0
234
0
234
0
144
138
147
200
0
0
173
0
147
0
183
0
140
184
0
132
116
86
87
145
102
187
0
248
0
0
172
117
174
0
118
184
195
0
92
312
0
0
0
167
215
0
0
131
0
298
0
0
0
113
99
172
113
135
188
142
250
0
0
161
0
194
93
123
212
0
0
0
252
0
136
0
154
267
0
0
0
155
0
106
164
0
155
116
293
0
0
266
0
311
0
0
0
130
109
0
181
176
0
163
144
0
133
131
149
224
0
181
194
0
126
121
190
91
149
192
215
0
98
0
133
212
0
181
0
175
175
113
257
0
167
125
156
0
239
0
0
187
0
0
128
178
0
151
0
169
341
0
0
0
0
0
125
107
261
0
345
0
0
0
0
0
0
136
135
0
213
0
0
0
394
0
0
0
0
0
179
0
171
0
146
174
0
95
213
0
0
0
117
243
0
0
302
0
0
0
150
171
0
119
0
148
170
162
155
86
187
0
705168