2
113
141
103
0
75
139
196
95
227
0
0
68
126
62
184
0
52
105
157
0
56
107
189
95
105
167
92
105
91
70
131
198
189
0
0
241
0
0
63
112
159
0
0
0
0
195
150
188
160
88
156
104
191
0
168
164
154
122
150
0
78
140
212
0
188
0
99
0
198
152
107
164
105
0
147
67
132
184
197
162
0
114
203
0
82
168
171
0
0
76
0
143
106
157
98
76
51
116
142
125
65
168
178
64
142
91
197
81
208
0
137
106
154
91
83
258
0
0
95
0
168
59
149
0
180
124
166
102
94
55
81
187
0
83
0
152
0
163
104
193
181
0
78
115
62
0
108
207
0
57
53
0
134
63
0
116
112
76
104
0
63
112
0
178
0
195
140
0
0
77
79
135
184
160
120
113
206
0
194
0
197
0
0
151
0
228
0
133
90
99
51
111
98
104
63
0
53
216
0
81
70
194
0
175
102
93
195
131
0
0
188
0
120
0
189
0
0
154
0
87
0
197
241
0
180
117
0
106
239
0
0
114
194
141
111
0
184
79
125
0
65
97
173
135
57
0
103
75
102
0
185
54
219
0
69
65
64
164
135
0
169
75
87
119
121
99
143
167
0
177
165
196
192
99
0
163
60
107
52
65
174
0
88
0
0
149
192
209
0
60
0
174
0
113
59
67
71
140
107
0
64
55
91
124
118
100
0
113
155
0
159
113
98
140
0
182
72
0
190
0
201
0
65
89
90
0
146
0
161
163
0
162
149
191
0
139
84
0
197
54
123
151
0
102
147
72
68
122
62
222
0
156
113
115
104
53
93
0
176
0
65
145
0
0
46
96
198
0
110
0
134
0
188
58
64
153
0
68
130
150
102
163
0
82
54
100
168
78
0
0
182
77
166
174
158
183
55
206
0
196
68
186
92
125
61
174
101
112
140
137
0
118
0
193
139
67
0
57
170
144
158
105
146
95
113
61
74
108
188
153
235
0
205
0
101
0
131
52
88
184
0
0
177
86
193
129
169
0
143
71
53
183
159
0
125
180
160
89
197
164
0
192
73
182
64
59
154
176
82
155
0
0
83
133
108
0
66
155
171
170
122
82
98
86
141
164
141
191
0
55
182
172
0
0
58
164
201
0
131
196
54
179
65
229
0
162
0
103
0
76
171
185
64
134
67
0
120
132
174
0
106
0
118
160
0
150
139
162
134
191
211
0
88
0
94
101
174
169
165
167
0
159
151
75
149
207
0
89
63
195
169
161
192
149
0
137
0
93
130
69
63
113
150
96
0
103
65
0
100
191
118
86
0
96
0
75
188
175
193
167
0
166
0
0
96
0
133
0
0
140
153
72
156
117
103
104
198
71
135
152
151
77
122
95
107
146
119
62
64
180
53
178
0
96
132
94
167
64
108
160
143
0
189
0
146
111
0
96
109
137
0
52
0
66
0
106
106
132
155
71
72
114
176
95
115
0
0
153
0
83
159
159
102
60
155
151
123
86
0
62
181
85
151
153
101
94
129
153
162
0
139
178
141
101
151
120
164
80
72
153
99
199
55
100
173
0
78
59
134
115
85
167
77
0
59
185
192
179
124
104
193
201
0
188
149
184
198
187
0
104
171
0
0
0
111
154
163
68
105
0
156
82
132
0
143
89
72
103
88
167
170
179
57
108
67
108
0
72
72
237
0
84
0
0
108
60
75
94
260
0
0
105
103
0
0
0
187
0
0
159
0
186
0
0
175
86
123
163
147
137
129
105
114
171
0
101
144
77
104
133
152
60
188
224
0
105
81
188
69
0
0
131
144
190
157
99
0
194
143
137
170
190
182
126
94
120
0
136
178
168
82
97
194
53
138
80
185
136
134
129
123
108
86
0
57
0
171
135
0
68
138
196
147
191
0
64
170
108
76
79
137
100
0
87
164
184
0
118
177
138
156
101
107
101
171
121
0
139
186
174
155
128
136
122
114
276
0
0
104
199
109
124
128
0
198
0
66
58
152
0
184
105
0
115
144
0
110
125
0
162
177
136
80
187
84
142
76
194
139
98
141
130
0
125
55
186
194
145
175
143
161
0
148
102
140
65
78
62
196
107
135
0
121
0
70
0
161
0
171
160
0
114
87
0
126
0
0
67
182
157
184
57
160
172
129
135
174
57
137
199
159
0
188
89
54
0
187
106
155
178
136
0
57
112
60
66
109
100
0
90
98
170
161
194
147
107
186
110
0
128
93
116
117
152
135
75
194
0
106
55
133
0
0
64
71
182
133
82
197
177
0
194
83
150
118
79
116
0
67
87
156
240
0
155
172
0
139
0
92
169
54
112
0
112
160
140
0
0
77
69
94
54
0
193
111
0
130
181
86
84
160
53
167
156
100
0
119
139
131
52
166
0
92
151
74
80
97
97
70
84
0
0
219
0
0
81
98
71
154
143
53
102
77
145
120
64
76
178
0
0
166
108
89
69
119
66
165
127
135
0
0
142
156
0
0
179
152
198
136
216
0
0
77
191
175
162
0
163
98
102
0
115
117
180
164
0
165
0
187
176
158
156
108
0
150
184
159
52
95
165
155
112
69
0
186
125
129
166
113
129
175
0
101
99
118
0
152
0
168
164
64
0
194
149
176
79
194
63
183
64
164
0
198
111
0
85
176
195
136
79
195
85
82
177
123
0
156
123
189
150
189
113
176
182
0
184
0
0
0
46
192
0
124
207
0
104
137
55
187
92
0
158
145
163
0
0
111
167
67
98
196
0
104
197
169
0
72
0
97
0
85
87
0
67
162
233
0
0
153
170
128
0
65
145
0
148
182
0
149
139
144
176
159
157
132
188
166
0
162
147
105
185
95
0
0
0
111
59
188
176
180
235
0
0
172
96
175
61
115
169
177
161
118
99
139
102
111
106
0
118
173
0
123
179
87
0
145
100
199
166
58
226
0
168
83
136
148
195
108
0
217
0
191
116
221
0
163
156
131
86
112
0
82
142
192
158
196
55
126
123
0
135
0
84
0
189
0
97
0
93
116
81
87
85
148
0
201
0
0
161
144
0
74
220
0
190
165
103
153
0
100
0
111
0
110
140
115
160
0
170
72
137
58
103
0
136
153
147
135
79
89
74
72
186
136
0
172
163
54
120
114
0
163
126
106
155
126
166
85
167
0
0
156
76
190
96
133
172
163
0
162
208
0
147
90
103
200
0
138
137
110
70
192
179
58
0
144
82
0
139
55
53
138
0
183
0
223
0
128
198
186
0
132
0
0
80
163
0
125
64
142
156
106
189
164
107
0
101
188
97
73
117
213
0
57
128
0
142
62
210
0
177
103
129
52
60
65
149
0
0
133
124
68
204
0
121
110
0
141
71
172
208
0
193
138
76
165
145
192
0
108
0
71
137
150
113
107
184
124
117
81
90
95
194
113
167
193
0
125
88
54
81
176
0
234
0
75
134
0
0
120
163
77
189
0
74
175
0
0
117
0
184
0
88
145
143
144
111
178
174
0
0
172
0
149
199
0
87
60
213
0
182
138
91
129
81
169
176
64
112
121
143
129
107
0
0
0
37
194
0
160
0
0
178
171
99
63
72
0
218
0
64
89
196
0
0
58
140
108
196
0
152
151
181
0
71
164
181
0
171
165
154
78
145
169
0
104
115
140
193
79
69
123
0
79
0
138
180
172
181
135
140
112
0
231
0
119
79
54
93
111
77
0
77
138
162
105
113
0
68
0
0
114
63
110
76
0
138
97
128
0
137
185
0
115
0
230
0
0
197
0
140
141
137
195
0
62
0
73
162
119
0
111
90
142
114
102
134
61
127
219
0
134
204
0
85
134
176
75
184
0
139
87
108
141
123
0
87
119
189
99
154
0
95
174
147
78
134
0
52
0
152
159
0
224
0
109
129
138
197
87
145
85
78
0
146
141
72
67
152
78
88
69
248
0
0
144
145
252
0
0
64
183
0
91
0
150
88
213
0
177
64
184
106
146
0
136
114
0
193
138
165
153
52
81
87
0
219
0
130
109
105
61
192
0
0
174
115
0
0
150
117
181
68
163
127
193
63
54
138
81
161
62
0
140
85
196
177
0
0
182
88
163
164
183
0
112
0
122
53
100
63
98
104
0
120
0
179
112
163
55
131
166
139
147
93
170
0
0
198
107
83
0
135
54
77
167
120
57
65
151
0
66
208
0
0
136
161
102
0
63
124
0
203
0
196
61
128
0
174
166
63
56
165
65
181
89
96
130
118
106
101
151
176
169
65
148
146
0
97
194
147
144
116
0
187
56
143
197
214
0
0
125
191
97
171
0
0
192
81
193
160
172
0
104
190
77
191
0
130
108
67
153
150
159
117
71
0
126
0
183
0
124
0
117
0
66
190
97
184
137
92
151
178
167
164
53
118
155
151
121
54
146
115
70
185
177
188
0
147
0
68
101
0
190
103
132
108
176
164
58
63
138
0
89
0
186
161
82
149
126
109
216
0
159
139
76
130
0
108
161
164
143
110
144
0
0
82
171
186
197
58
0
134
0
176
153
0
79
218
0
94
213
0
0
46
126
177
157
0
152
0
70
0
129
207
0
142
0
189
190
198
166
238
0
136
254
0
0
0
129
165
0
142
118
128
107
0
167
0
0
102
0
74
139
0
200
0
104
56
64
181
111
198
183
176
176
67
179
0
0
0
76
168
124
179
0
146
0
98
73
174
87
0
130
189
132
120
176
93
0
224
0
0
187
61
157
172
86
0
110
59
184
154
76
183
69
0
188
90
0
84
126
156
80
0
125
105
0
100
0
102
202
0
0
188
62
137
0
178
56
91
125
103
0
81
170
0
149
191
95
98
0
195
53
0
162
132
130
183
127
147
152
0
89
62
0
155
107
0
171
0
152
135
169
158
178
0
163
64
88
97
90
0
55
85
0
109
115
188
166
90
0
148
153
153
85
74
70
159
120
84
54
0
100
54
0
66
0
151
98
51
112
225
0
52
133
0
145
63
127
0
124
0
82
102
138
176
0
181
95
179
0
88
156
0
55
109
94
0
163
183
126
173
0
0
81
121
166
183
57
0
139
184
193
136
0
135
58
54
182
156
0
0
116
142
120
174
62
62
0
74
139
225
0
195
131
201
0
0
145
0
0
125
0
100
88
89
115
195
61
149
105
151
138
184
101
117
0
122
92
177
134
178
55
138
117
104
128
167
146
99
137
184
137
0
130
0
109
0
110
92
160
196
71
60
0
199
172
109
67
193
117
169
88
0
88
0
157
0
168
103
186
56
83
0
193
120
124
186
0
0
75
199
113
0
123
132
180
152
167
181
0
95
197
187
0
99
154
126
57
215
0
198
0
56
225
0
0
137
193
100
113
0
94
53
0
0
170
76
0
174
0
0
118
57
108
0
155
53
151
0
64
0
0
191
87
112
140
171
0
144
148
158
134
178
131
125
80
85
110
132
180
155
187
131
90
0
163
117
91
185
0
91
56
102
123
59
0
114
112
0
0
96
120
140
174
0
53
87
71
242
0
55
197
68
0
81
145
158
106
96
0
54
151
79
96
164
189
122
205
0
0
0
71
0
83
0
129
90
82
147
0
218
0
134
66
186
152
0
135
194
204
0
206
0
70
0
116
135
119
163
102
143
146
86
95
101
60
91
98
183
0
197
0
176
82
183
94
51
140
0
101
146
56
139
71
194
0
153
105
144
0
175
165
0
59
137
0
150
0
156
142
0
120
181
0
195
192
233
0
135
0
0
190
81
104
99
127
0
142
134
164
98
139
114
183
175
81
65
131
176
133
80
191
143
129
76
114
0
0
193
157
139
140
199
158
0
0
161
100
175
163
0
79
63
0
0
188
108
156
0
82
187
51
152
0
181
0
97
193
0
0
214
0
0
52
56
78
76
166
104
89
0
118
124
176
191
153
99
73
0
123
152
120
144
187
180
79
231
0
67
176
146
61
0
149
0
0
188
140
202
0
0
179
134
140
133
65
204
0
114
107
0
137
0
71
146
0
163
93
183
185
136
175
135
110
189
144
123
0
198
0
78
57
92
56
61
53
123
0
189
144
95
195
155
80
181
140
86
94
54
145
68
73
156
70
122
63
170
0
151
69
0
94
0
145
0
149
62
86
105
150
0
140
196
0
210
0
0
188
183
178
177
184
69
148
121
0
56
151
138
134
122
87
0
150
165
88
0
78
79
0
123
140
61
176
93
125
0
192
71
0
114
135
183
51
0
124
180
0
59
145
167
177
0
172
54
116
188
0
186
56
157
0
85
105
68
153
94
0
81
127
100
89
161
65
53
216
0
96
0
86
0
97
173
0
147
80
0
134
138
86
64
167
115
80
91
108
128
0
182
0
78
83
99
174
87
0
82
0
0
140
0
86
158
91
172
135
64
0
0
144
71
101
0
0
195
120
97
0
80
0
57
183
185
184
128
94
57
197
136
116
129
0
140
52
142
124
140
62
112
116
156
170
0
152
176
0
98
192
0
162
0
181
0
62
192
155
0
0
105
191
149
171
120
0
88
153
73
0
76
100
60
178
206
0
61
0
106
120
0
0
54
162
179
189
150
148
0
76
188
0
71
86
194
141
198
64
159
0
171
176
176
174
171
0
101
0
52
96
174
190
56
117
0
57
167
103
145
163
202
0
92
0
0
119
74
190
162
175
106
0
169
99
118
88
91
0
143
152
175
139
183
191
119
0
84
113
180
187
0
0
0
107
174
170
0
70
0
235
0
81
0
195
0
173
160
90
0
179
148
0
81
192
0
189
53
130
164
0
54
83
193
0
184
184
184
190
156
0
94
162
155
151
0
0
145
169
154
66
84
163
169
203
0
186
110
0
181
61
163
83
160
195
0
0
114
133
95
177
0
168
169
94
71
140
0
172
0
0
220
0
84
119
170
79
149
86
94
118
139
188
178
102
182
137
61
0
118
112
236
0
127
182
128
76
0
181
74
97
139
72
204
0
129
57
0
0
219
0
90
0
0
178
58
58
101
192
157
77
164
0
78
123
113
104
167
126
147
214
0
103
149
83
198
174
96
81
0
167
189
165
104
81
88
99
0
131
0
88
92
168
159
99
77
81
201
0
141
0
0
57
0
106
0
168
76
0
74
66
209
0
0
168
72
129
0
95
178
69
171
148
61
156
151
0
73
161
141
78
171
136
0
0
70
140
180
0
117
189
0
176
0
221
0
0
153
71
148
207
0
223
0
0
188
102
76
129
198
150
0
126
0
0
98
79
148
147
124
0
136
180
0
135
0
130
178
126
120
63
0
130
65
0
0
88
167
108
0
183
152
0
64
0
150
133
0
150
171
69
111
93
159
158
73
173
122
81
56
90
184
142
145
90
0
169
209
0
178
0
92
66
129
0
120
162
175
203
0
195
57
182
129
90
0
135
0
196
158
103
81
74
119
209
0
133
51
135
173
94
196
137
0
126
117
141
110
137
79
200
0
0
43
0
242
0
0
108
159
54
112
99
0
105
167
120
148
194
172
162
90
0
78
140
152
197
0
195
54
65
139
96
160
62
152
173
113
111
185
203
0
108
0
180
181
95
0
175
106
0
181
167
153
60
59
152
0
127
198
155
51
94
159
121
72
132
120
171
79
60
123
98
0
0
116
187
125
0
59
107
64
143
74
160
135
142
183
132
88
195
0
130
0
77
248
0
175
104
120
0
131
64
0
119
75
124
52
114
168
169
160
120
252
0
0
144
0
73
0
92
116
156
155
126
0
120
52
0
0
87
0
0
97
65
69
89
94
184
195
180
158
108
62
113
171
51
0
57
180
0
135
0
0
104
130
130
0
85
214
0
189
88
0
110
0
161
100
179
142
100
85
0
235
0
91
195
153
127
68
0
116
55
0
66
65
140
174
128
166
72
99
152
196
112
0
0
133
119
137
137
167
90
0
174
194
0
104
81
101
0
79
87
108
0
183
0
138
166
0
0
130
131
185
108
0
169
71
76
91
0
54
102
192
0
0
172
101
68
52
120
196
163
0
165
117
71
78
0
178
0
122
0
107
76
151
159
203
0
64
51
0
103
72
163
0
87
153
119
144
133
76
0
72
194
55
161
65
71
89
137
189
86
195
0
62
198
154
0
81
0
155
0
122
0
193
0
0
152
0
0
160
121
156
95
182
133
105
93
209
0
171
151
150
126
0
173
119
70
126
0
0
222
0
162
187
55
98
143
0
135
166
97
142
197
168
159
138
67
135
143
56
178
0
178
155
186
84
0
129
150
137
0
156
79
177
143
114
193
208
0
190
0
184
0
0
108
194
96
186
0
127
0
122
151
184
118
150
127
0
147
0
199
0
82
189
0
0
104
91
81
68
0
152
179
120
146
154
174
0
0
128
0
112
160
0
71
187
0
101
129
136
114
175
0
0
127
185
85
84
179
0
107
150
0
0
133
0
0
78
170
0
76
145
145
0
177
103
140
159
138
0
0
76
130
126
72
82
151
95
145
192
0
182
59
147
0
159
168
0
124
123
196
96
0
133
116
98
159
58
169
163
62
178
131
75
137
110
86
102
125
69
106
102
148
175
181
0
57
0
0
149
85
0
0
75
137
66
98
100
0
0
187
153
0
65
210
0
121
99
113
119
0
92
0
121
104
58
71
174
197
171
154
107
167
0
67
165
161
174
91
205
0
198
98
0
140
0
268
0
0
0
134
87
126
0
62
138
148
189
0
0
105
141
0
195
177
124
90
181
113
168
0
176
54
87
122
141
162
196
135
204
0
125
71
118
175
62
0
181
147
184
92
219
0
145
167
139
96
62
183
151
147
0
170
135
159
139
81
125
0
104
57
207
0
0
122
136
128
148
153
118
96
163
0
152
0
122
67
0
95
75
103
0
93
0
78
111
82
97
147
151
0
96
0
174
79
264
0
0
90
142
115
146
0
0
147
0
160
0
119
138
0
0
121
159
92
70
122
0
82
0
0
180
145
0
108
0
134
64
180
127
108
110
0
0
0
59
63
170
0
114
87
108
222
0
69
54
134
67
127
79
67
137
0
159
0
69
102
125
135
105
223
0
144
180
131
0
92
185
162
122
159
0
98
113
220
0
168
59
0
137
0
199
160
56
0
55
127
188
0
0
157
124
147
60
180
0
201
0
0
196
0
90
171
102
203
0
108
114
94
60
132
170
0
135
183
82
0
66
168
0
146
65
126
108
0
77
143
105
0
62
0
99
154
118
132
67
184
71
123
0
55
0
104
181
151
172
75
221
0
0
146
161
0
159
130
0
151
185
191
0
69
124
0
128
160
107
149
70
67
203
0
194
180
177
148
66
127
0
80
161
181
73
220
0
73
74
102
95
0
116
193
95
0
247
0
0
116
181
219
0
0
155
0
119
132
144
101
84
93
0
0
193
149
125
140
79
90
159
0
0
160
187
102
190
108
215
0
184
0
140
0
113
157
77
209
0
56
196
0
73
53
55
0
187
0
115
194
0
156
191
101
173
0
106
157
151
197
165
0
134
118
174
180
130
101
0
101
72
146
179
165
75
107
0
69
62
79
104
60
168
0
79
0
0
134
101
58
111
195
148
156
148
189
54
51
199
131
55
168
179
79
0
171
119
222
0
78
107
80
199
0
122
0
104
125
62
0
127
59
92
171
103
0
223
0
168
0
78
96
0
184
227
0
140
182
121
93
142
116
53
122
143
0
120
149
133
0
52
194
165
65
184
141
0
0
141
89
175
176
114
132
164
0
124
118
56
153
84
0
159
195
120
0
0
0
0
162
159
125
225
0
138
107
81
152
152
158
71
119
120
125
78
55
192
0
137
78
124
0
0
53
61
59
0
0
69
134
198
169
0
60
68
106
118
0
73
126
156
170
0
132
0
0
216
0
88
134
123
0
55
69
0
91
118
0
0
0
207
0
149
54
178
93
198
169
197
69
90
0
89
98
193
189
125
0
66
76
90
54
67
51
163
195
0
196
77
87
131
0
224
0
0
61
103
164
98
72
169
78
84
0
149
56
138
117
124
0
129
94
0
125
182
190
0
181
104
53
127
122
60
106
139
193
161
117
193
165
123
106
0
123
0
152
99
185
174
140
93
159
89
197
107
105
65
173
96
167
130
0
0
146
156
223
0
144
117
97
170
0
93
112
0
51
159
0
191
113
141
0
130
96
0
122
64
0
88
182
153
138
212
0
140
188
116
133
195
0
88
119
189
54
93
65
0
0
197
64
0
77
52
148
60
73
124
177
114
196
70
93
92
145
142
0
175
146
97
126
0
87
150
81
63
61
134
75
128
74
152
0
185
79
119
94
158
175
199
139
0
132
135
80
141
105
65
192
98
81
79
177
185
0
151
0
54
70
117
53
82
65
0
181
172
0
156
93
101
140
0
192
181
144
0
82
111
125
231
0
0
86
0
58
64
83
114
130
0
85
61
57
0
196
64
72
84
113
191
0
102
0
52
73
0
172
164
127
63
82
133
129
96
139
91
142
0
123
0
183
0
137
0
206
0
0
0
190
186
0
181
0
0
111
197
186
103
0
56
156
0
121
0
120
187
53
185
188
77
193
0
178
98
207
0
147
0
0
175
161
87
176
0
83
133
107
143
0
75
195
159
148
127
214
0
96
142
145
56
61
70
76
179
0
134
135
181
97
129
0
159
70
86
0
96
83
198
123
59
231
0
0
136
0
85
0
0
67
166
97
76
175
181
143
198
123
194
63
91
193
191
132
0
237
0
97
133
178
0
0
87
195
0
147
164
0
168
0
139
0
118
59
79
86
0
0
177
110
156
54
0
127
100
94
185
157
139
164
109
168
111
142
165
116
0
0
0
85
0
126
197
101
98
194
0
187
192
142
78
87
63
144
122
130
0
54
68
143
72
167
51
108
167
0
232
0
0
91
189
132
172
82
0
116
174
73
0
69
67
161
154
160
120
193
140
82
196
199
179
188
0
141
67
166
131
174
189
0
191
175
105
56
147
186
0
150
182
118
133
120
189
179
153
102
170
0
63
87
160
0
178
197
150
185
66
178
123
0
199
0
0
139
137
144
88
187
130
57
70
70
0
175
158
0
0
142
0
0
0
77
0
106
188
215
0
76
0
109
121
69
75
138
228
0
141
0
183
131
0
79
81
0
196
94
122
0
192
89
143
156
0
208
0
180
225
0
204
0
106
170
171
125
168
137
153
125
0
57
98
0
77
77
199
179
0
0
194
128
87
117
175
0
73
135
169
168
204
0
229
0
65
0
106
58
135
76
74
0
0
186
169
82
61
78
152
0
0
141
79
143
90
59
0
0
194
141
0
170
196
79
75
90
189
67
193
141
170
191
0
75
192
228
0
101
197
0
149
0
180
142
169
0
0
184
77
125
80
145
125
181
0
57
225
0
103
51
0
140
144
0
155
164
93
173
0
141
182
189
150
107
104
74
0
63
176
55
153
221
0
147
155
136
0
0
0
161
192
60
141
0
99
0
183
140
199
0
133
85
178
0
84
123
156
97
0
0
0
134
171
158
181
185
96
0
0
164
67
119
184
0
0
158
107
161
83
72
140
184
100
0
80
175
0
96
84
132
0
116
145
90
54
118
230
0
0
122
0
124
190
0
118
127
53
201
0
93
162
51
0
154
68
175
193
91
167
54
141
78
0
89
0
0
53
56
0
258
0
0
0
142
67
86
0
100
83
157
106
196
199
182
0
171
120
177
185
55
101
81
122
178
118
230
0
175
0
80
189
124
192
0
105
136
0
176
0
75
107
82
183
185
152
173
142
0
138
83
114
99
0
0
151
88
57
86
85
180
156
162
56
113
0
122
127
135
140
207
0
73
145
0
197
66
122
0
91
107
189
99
0
75
173
166
129
121
0
170
210
0
109
0
156
196
185
113
156
102
148
118
118
57
155
122
88
165
0
138
0
98
134
82
181
0
127
0
195
169
71
87
160
84
131
0
53
110
0
114
70
175
165
98
52
167
138
0
126
0
134
185
0
80
0
158
111
0
148
0
178
195
108
0
100
81
78
59
144
60
0
98
183
211
0
197
135
0
78
124
0
100
145
0
0
74
66
0
138
81
139
0
65
232
0
0
92
0
144
206
0
162
166
68
157
143
103
179
95
197
189
108
0
0
81
91
57
155
98
179
145
144
171
0
222
0
160
0
0
57
60
191
0
60
132
53
186
165
104
0
164
103
0
0
172
194
161
0
222
0
74
133
106
80
0
160
0
0
102
0
84
0
61
136
0
179
138
192
155
53
114
184
73
0
128
66
0
87
184
180
0
162
118
0
97
113
144
144
0
0
185
155
0
98
0
0
130
148
187
170
52
83
171
201
0
204
0
56
199
163
130
153
109
235
0
171
0
196
56
141
0
0
73
174
118
60
0
170
73
0
189
168
0
51
78
140
0
191
182
116
53
178
84
102
197
150
82
181
0
93
0
130
0
129
128
86
175
99
95
146
79
184
161
129
70
0
174
195
169
137
145
0
159
136
144
58
137
120
0
0
88
72
87
109
162
0
186
0
143
105
149
76
76
149
78
159
111
120
233
0
91
113
166
250
0
0
148
63
0
184
80
105
183
0
102
181
102
171
123
0
0
236
0
0
98
162
166
91
61
0
150
0
61
0
197
120
152
0
171
172
170
114
0
177
167
99
174
197
173
0
85
191
91
96
80
118
94
181
78
177
133
169
0
157
0
53
0
170
180
0
0
104
160
199
116
0
117
184
114
154
0
109
175
189
104
73
197
55
59
130
0
150
57
0
160
91
0
143
179
0
88
132
0
189
199
0
0
117
165
173
127
0
79
83
171
157
124
187
199
145
77
167
0
62
74
161
0
167
192
160
0
138
62
149
51
96
0
195
64
127
163
86
70
103
0
0
274
0
0
89
139
113
153
173
67
100
149
0
163
0
230
0
0
90
0
124
0
0
62
188
196
109
0
126
0
0
190
131
213
0
72
112
59
84
146
125
97
101
143
169
185
145
125
182
119
105
190
100
113
68
145
196
194
113
114
0
99
58
183
94
0
157
145
0
0
156
117
143
147
60
75
151
0
163
0
0
174
121
168
160
104
0
112
103
110
0
0
135
104
249
0
0
199
233
0
133
0
62
69
181
219
0
67
178
112
71
139
197
178
111
0
79
100
186
78
58
114
158
174
199
0
141
53
84
173
82
0
0
164
103
155
0
146
62
107
69
60
0
182
162
120
0
0
124
76
51
176
96
88
0
197
70
82
189
186
183
117
194
67
93
177
158
0
178
64
232
0
73
0
121
187
197
119
168
105
167
0
72
137
149
185
142
0
161
0
147
84
171
140
61
119
92
64
138
157
81
162
0
51
149
82
135
97
0
73
150
166
96
0
93
171
0
59
102
74
98
0
105
127
139
197
193
129
51
143
0
163
92
169
190
194
98
71
151
61
142
143
56
148
77
199
134
145
149
191
197
143
132
174
109
101
153
0
66
183
0
0
117
90
193
133
88
178
196
98
159
138
196
224
0
126
105
0
103
0
193
104
68
129
0
192
90
181
88
117
0
211
0
0
144
115
0
160
61
141
0
199
154
129
194
0
191
82
137
136
68
159
91
99
104
179
157
94
60
157
0
194
133
124
156
0
128
173
167
95
192
145
154
122
92
190
84
0
132
107
171
71
57
206
0
0
140
186
68
0
110
196
108
0
127
74
146
61
123
0
0
150
54
88
222
0
56
190
147
171
0
92
63
101
194
115
134
198
197
119
196
0
187
0
160
0
199
107
162
110
124
116
154
76
0
0
183
0
0
164
98
137
76
74
187
95
164
80
212
0
142
173
196
213
0
0
163
0
112
76
107
93
126
143
113
187
138
99
107
146
232
0
0
78
0
178
137
103
129
97
0
164
0
170
148
0
133
107
110
0
190
183
188
0
55
213
0
0
118
0
68
190
105
147
143
70
90
216
0
0
154
0
0
191
146
193
159
197
52
145
133
161
175
0
182
89
194
179
152
135
96
101
151
108
127
0
53
122
104
107
79
118
138
0
170
0
125
189
188
120
131
0
192
195
0
110
91
0
0
157
191
56
190
124
143
0
90
93
107
0
184
0
0
196
121
149
184
150
0
139
132
0
157
101
165
0
75
186
116
194
198
117
229
0
151
184
0
175
108
0
60
175
104
176
168
0
150
71
60
119
192
0
58
74
127
177
0
174
160
65
149
93
0
55
0
62
111
185
154
59
135
127
76
81
152
88
127
137
60
60
164
140
145
54
123
145
170
131
89
133
0
175
176
0
0
228
0
0
113
104
82
0
0
162
187
55
61
88
130
129
53
153
109
0
0
138
188
0
165
0
0
113
0
171
0
133
0
86
0
130
160
0
148
119
168
201
0
166
193
62
84
73
0
145
159
0
187
0
187
187
0
195
190
0
63
218
0
98
95
0
115
57
123
0
0
174
231
0
100
122
184
181
177
149
52
137
144
144
220
0
0
56
121
156
109
141
0
113
102
195
103
97
133
116
138
0
89
0
197
98
142
54
112
168
156
98
146
156
74
0
153
0
75
112
0
78
0
159
105
0
164
0
98
171
0
95
123
177
150
112
0
0
134
191
162
92
122
134
179
71
0
155
124
0
158
92
125
0
0
130
64
71
196
176
173
0
135
94
69
0
86
0
199
154
153
80
84
142
159
181
61
172
118
0
0
107
178
0
106
119
0
176
75
170
125
181
198
69
86
120
0
87
0
235
0
127
97
174
122
0
199
156
130
177
199
148
187
62
185
160
172
106
136
172
124
136
68
186
71
194
70
198
195
0
108
78
116
171
180
133
167
175
166
166
104
76
0
191
183
92
72
57
183
124
112
0
160
0
0
117
66
187
171
125
0
161
156
159
162
105
223
0
72
142
0
70
164
0
135
0
73
135
130
126
51
0
172
96
188
0
168
65
171
201
0
199
0
159
154
133
190
182
177
93
132
0
55
229
0
85
152
134
146
84
157
114
177
123
118
64
176
180
77
170
166
0
182
73
172
0
66
85
173
165
131
54
141
0
58
61
153
112
92
188
0
127
67
59
111
110
144
174
127
166
175
60
120
57
99
153
83
0
136
144
0
130
175
79
235
0
108
123
151
237
0
0
167
114
0
0
55
146
0
183
120
158
145
67
195
97
53
162
97
0
167
172
141
170
193
117
190
113
0
0
73
132
170
0
195
90
0
173
0
51
213
0
190
130
128
179
181
0
174
0
0
108
0
0
166
144
86
116
108
80
75
81
179
101
172
113
107
0
124
152
0
92
76
0
110
68
81
105
0
184
59
0
162
70
187
109
0
169
105
86
0
138
0
153
102
0
133
172
87
119
98
97
147
55
0
190
0
79
0
96
129
119
52
114
0
104
88
83
196
144
62
108
0
0
58
0
127
0
65
84
0
123
159
186
0
159
61
127
146
185
0
140
197
180
84
166
189
187
0
93
177
194
122
148
180
0
166
126
128
52
59
0
141
174
121
0
199
143
0
114
94
53
134
73
105
0
181
161
158
186
93
0
0
98
0
198
121
179
132
83
130
171
140
217
0
82
72
240
0
196
82
167
92
132
0
195
81
0
131
131
138
147
193
142
54
160
0
140
65
189
0
111
177
0
162
119
86
141
158
0
168
187
150
67
115
0
105
110
83
100
178
205
0
171
123
0
179
0
0
60
0
82
85
143
62
62
0
240
0
0
73
74
0
155
111
93
0
188
89
0
79
158
127
54
121
170
0
104
110
136
217
0
0
133
93
0
235
0
196
127
185
188
0
106
60
207
0
188
0
0
119
81
0
130
220
0
124
107
0
152
151
73
158
162
92
0
97
119
131
199
161
182
0
168
0
120
170
195
158
119
170
169
150
195
0
196
64
186
0
133
77
0
183
0
171
155
101
157
125
88
57
139
52
61
118
89
159
0
189
83
137
0
139
142
0
183
174
175
121
0
103
78
190
74
69
112
178
134
0
155
184
132
183
186
134
0
115
149
56
134
128
164
116
0
70
89
141
110
0
135
54
120
176
0
192
0
195
76
98
0
123
0
0
184
0
72
161
174
0
135
191
53
209
0
0
0
135
199
77
187
229
0
0
0
147
171
0
158
104
63
120
137
116
136
0
134
187
204
0
79
119
67
62
93
51
0
72
0
113
76
127
133
0
0
106
71
147
151
177
105
112
77
62
124
97
169
66
91
82
118
0
98
0
196
229
0
0
0
112
0
0
77
69
99
0
96
68
162
201
0
238
0
199
112
0
172
0
146
168
148
0
0
70
167
0
192
155
190
0
141
89
70
57
156
205
0
0
185
0
100
59
139
143
61
127
0
62
178
0
0
0
180
146
92
145
96
130
0
161
83
0
81
0
112
222
0
192
0
204
0
51
170
91
143
128
0
0
132
191
130
67
220
0
87
76
60
168
155
53
197
191
100
173
147
69
69
80
100
0
114
0
114
144
251
0
0
117
154
117
209
0
80
160
0
140
161
171
83
173
168
54
174
193
208
0
135
85
73
126
115
62
93
0
64
97
0
109
62
121
0
120
73
0
205
0
144
133
110
206
0
89
0
160
0
191
0
188
195
97
151
114
0
184
56
0
164
175
0
0
114
137
167
199
105
0
90
69
158
137
195
84
71
86
77
0
58
128
164
125
74
0
100
109
0
55
175
162
113
0
152
154
181
179
0
124
55
146
0
0
152
132
179
60
0
0
86
0
58
0
133
79
117
155
0
104
104
167
148
169
0
115
172
0
53
140
125
148
0
115
198
154
164
145
65
197
105
123
0
167
166
222
0
0
99
144
138
100
87
94
0
118
0
0
174
0
0
0
0
210
0
182
111
194
82
0
67
107
222
0
0
0
88
0
174
94
121
61
164
97
69
90
0
0
77
0
0
167
103
183
156
101
137
159
149
158
133
197
84
142
0
0
91
77
0
107
0
108
163
102
0
139
0
83
89
225
0
179
99
0
154
190
199
174
193
102
0
73
68
83
193
188
0
0
107
147
132
129
0
130
54
157
174
71
0
54
170
194
163
106
131
105
97
108
0
51
164
92
175
55
147
208
0
63
229
0
134
72
181
128
158
85
85
143
0
82
98
190
197
0
0
171
112
0
184
96
188
0
140
160
187
70
87
99
179
152
0
132
142
110
119
64
91
113
82
0
56
0
164
198
116
168
59
170
0
89
0
0
148
172
82
0
99
155
0
118
120
0
109
0
120
168
199
51
117
91
176
189
85
79
84
0
191
0
67
113
171
123
198
151
0
105
200
0
173
161
141
0
161
163
72
203
0
101
0
87
79
93
181
104
106
158
0
145
195
167
0
86
124
225
0
89
196
138
157
204
0
125
0
123
129
114
80
81
152
130
98
78
141
196
62
148
173
185
179
150
0
89
71
164
205
0
131
151
105
0
88
160
0
130
93
0
86
0
125
0
0
0
76
80
0
149
151
171
140
171
145
0
87
101
60
128
103
165
110
104
157
148
93
106
140
163
0
107
127
184
0
153
0
107
0
157
0
82
52
67
99
0
82
160
188
104
66
220
0
53
0
63
0
109
184
0
80
151
0
167
117
181
0
0
97
0
71
0
64
57
282
0
0
147
137
153
87
108
85
158
56
181
0
141
0
66
134
140
0
175
0
0
151
0
0
118
181
133
158
0
150
140
111
0
0
105
187
159
98
0
0
230
0
137
61
60
96
0
114
146
145
58
0
0
165
0
170
163
67
55
110
0
69
184
0
205
0
0
109
190
118
0
196
194
168
60
146
0
98
140
104
183
155
0
80
0
88
97
0
186
0
125
78
73
152
186
103
78
79
118
119
0
0
101
127
132
79
175
0
144
158
193
117
109
180
0
0
108
58
122
181
176
174
188
194
0
171
111
0
0
153
53
196
146
0
90
176
75
142
58
0
111
53
66
116
107
0
171
199
198
108
0
96
0
197
191
0
136
170
183
0
68
0
97
98
102
69
116
122
53
0
87
172
100
222
0
0
66
60
115
86
135
152
137
0
0
169
149
0
61
58
109
103
155
190
191
103
160
195
153
194
105
147
52
126
163
89
180
186
156
0
149
0
127
0
155
93
51
52
0
192
91
0
123
0
94
0
138
87
95
121
163
155
0
113
121
151
0
140
0
192
0
158
91
0
0
154
94
110
177
82
142
0
0
235
0
213
0
117
135
53
54
181
152
193
157
103
104
85
158
85
147
130
88
0
186
0
178
88
157
71
141
71
91
168
100
81
62
78
91
168
0
0
132
0
123
115
0
0
93
155
161
178
167
161
64
0
153
51
102
57
144
0
190
0
75
0
112
185
170
52
150
54
68
0
135
203
0
212
0
0
117
100
119
162
136
0
130
0
51
163
0
106
222
0
68
186
0
176
0
53
67
0
178
173
0
0
81
0
194
197
65
167
0
0
83
88
179
179
70
109
0
95
75
232
0
77
190
64
152
64
192
73
154
0
0
99
146
144
0
191
0
195
0
226
0
0
56
0
202
0
189
193
58
211
0
0
146
59
127
115
119
119
116
185
0
105
260
0
0
130
205
0
170
119
61
74
140
187
0
182
124
111
63
170
151
126
185
0
0
69
84
133
184
135
121
0
176
57
144
0
141
174
244
0
118
58
133
74
158
169
112
126
159
106
119
119
95
99
0
0
173
78
0
135
60
174
109
0
163
0
195
0
225
0
88
169
0
54
139
0
191
74
171
172
177
205
0
142
159
73
125
170
152
107
120
98
0
179
0
60
133
60
0
115
0
0
53
60
0
72
149
184
90
182
63
53
54
129
0
152
171
78
169
145
103
0
126
98
104
0
56
102
0
58
116
0
0
76
0
61
0
144
0
66
0
132
0
165
0
151
0
148
94
99
0
156
103
190
56
82
102
69
129
0
70
171
104
0
76
60
194
0
54
189
0
196
96
188
89
0
193
120
173
104
0
235
0
149
146
173
177
172
232
0
137
100
152
89
95
89
81
0
187
100
185
203
0
0
175
0
175
106
0
139
56
69
138
146
52
98
189
0
198
163
181
107
0
0
122
0
129
103
0
80
121
0
166
112
0
192
112
113
59
124
131
0
0
115
159
0
154
101
0
0
0
140
97
184
185
123
147
194
91
90
198
206
0
168
158
0
141
0
52
133
52
204
0
173
126
145
109
184
133
0
109
133
139
0
173
160
184
0
68
63
0
152
76
0
103
64
54
158
0
98
130
53
199
217
0
196
96
180
73
103
144
117
0
0
143
154
70
102
102
0
0
196
160
196
128
54
170
82
148
0
120
0
79
93
168
115
0
81
68
71
149
114
71
137
0
0
169
56
0
102
126
161
114
148
205
0
0
164
86
72
166
168
183
123
223
0
187
151
123
0
127
96
165
166
193
180
173
0
153
192
70
90
0
67
134
112
113
0
192
60
151
152
193
215
0
130
0
0
0
77
0
62
172
84
0
167
89
168
236
0
0
173
231
0
0
213
0
0
142
178
200
0
136
132
78
210
0
71
0
85
151
0
159
189
0
62
120
0
165
59
159
133
185
60
0
184
149
117
54
117
135
0
0
236
0
74
162
151
129
145
193
0
142
137
173
61
141
165
0
88
63
169
59
83
136
64
196
199
177
91
129
87
170
68
119
0
86
156
0
98
95
144
133
137
98
0
118
182
112
183
55
0
116
182
67
71
54
62
108
164
121
166
102
0
111
111
0
146
0
75
0
78
110
122
93
52
51
0
183
132
0
58
132
100
183
102
58
145
0
0
61
139
57
58
67
219
0
184
78
76
198
194
0
71
178
84
96
140
120
142
114
199
190
0
149
96
0
114
0
0
56
95
74
64
181
57
113
141
203
0
102
0
0
197
85
0
0
178
57
51
144
119
236
0
114
75
82
0
155
0
74
154
180
58
71
0
121
89
0
112
174
182
104
198
193
172
0
106
147
132
0
70
58
0
66
130
152
0
169
0
59
219
0
77
135
66
0
196
129
0
0
144
118
0
55
117
0
61
196
148
103
184
95
57
135
59
122
0
166
220
0
0
162
94
76
0
141
202
0
0
199
168
131
199
165
103
80
67
120
92
0
75
137
137
141
0
72
159
189
0
83
130
84
113
107
178
70
168
187
182
196
0
118
0
0
136
0
0
46
164
188
138
180
139
116
78
175
0
126
104
125
73
147
133
130
79
68
203
0
108
0
183
117
101
93
120
137
134
0
75
190
69
58
126
66
185
60
95
0
169
0
60
94
109
113
101
196
142
127
0
146
176
148
101
0
138
115
196
138
206
0
129
91
108
0
116
86
112
189
82
0
153
0
117
0
72
137
246
0
0
188
0
0
180
176
84
143
112
185
163
0
147
144
132
0
135
0
182
160
0
156
161
56
188
214
0
163
0
0
0
75
111
189
114
166
71
122
78
184
132
83
163
0
161
155
73
198
108
0
172
0
0
140
148
216
0
73
156
141
192
169
185
152
130
0
86
90
174
0
135
178
138
94
0
161
0
78
0
94
0
201
0
179
0
81
190
141
149
104
152
59
54
236
0
128
140
95
128
58
131
119
0
161
169
0
70
190
113
181
0
183
144
217
0
0
115
160
165
120
0
0
90
0
59
82
151
160
175
0
159
101
0
0
64
128
132
112
59
108
100
103
224
0
0
154
140
87
0
0
51
130
0
99
0
144
105
176
0
195
164
196
124
54
196
167
58
156
65
0
188
143
60
91
0
111
106
0
116
121
137
137
168
0
108
0
162
111
159
51
144
166
97
171
148
139
136
146
65
128
54
178
126
147
196
108
149
51
70
129
0
0
186
99
123
0
94
191
143
153
182
209
0
148
135
196
60
110
0
180
161
161
57
119
163
124
0
149
192
69
64
136
144
83
124
0
184
0
169
59
66
129
84
118
101
0
98
124
54
139
74
114
55
138
186
0
79
0
133
0
0
128
89
121
84
198
0
144
111
186
204
0
0
0
180
183
215
0
0
127
120
64
160
63
143
114
0
92
123
85
158
159
58
72
165
216
0
164
142
82
119
115
188
102
0
0
221
0
177
100
127
105
121
0
82
112
196
0
92
0
193
0
175
105
121
138
0
81
0
178
77
161
71
191
190
74
166
0
60
172
177
168
134
0
186
196
97
0
134
0
131
135
171
135
0
75
201
0
262
0
0
126
63
0
67
98
184
197
147
115
180
0
82
52
0
145
102
0
63
130
126
0
120
139
169
125
0
0
167
107
115
93
87
182
0
160
142
87
174
75
0
169
0
194
159
52
64
183
167
57
59
52
0
112
0
208
0
0
102
0
87
178
66
95
0
96
129
103
208
0
115
154
0
184
0
190
53
131
168
0
97
126
156
0
84
126
88
114
158
111
161
163
0
115
0
87
0
78
98
0
64
0
0
129
0
0
177
73
79
87
0
141
0
86
128
111
208
0
0
121
0
176
81
54
169
0
178
174
55
133
0
167
0
78
166
172
88
86
71
0
107
167
92
66
110
159
130
188
0
88
191
0
195
114
193
70
51
0
59
174
171
0
0
180
0
141
155
102
0
80
0
56
179
109
168
155
180
0
51
208
0
82
74
102
166
169
77
179
0
60
88
0
86
0
61
0
109
195
106
0
128
0
0
118
67
58
168
75
103
144
72
121
170
0
103
118
0
204
0
154
114
131
0
199
86
82
112
0
111
0
0
69
153
83
165
162
120
75
95
0
61
110
0
0
186
172
120
0
0
87
139
91
0
103
93
104
66
111
137
105
0
147
170
199
110
65
223
0
86
138
0
95
77
197
0
108
0
68
166
0
0
157
69
71
83
100
81
147
129
0
136
0
256
0
0
0
165
73
133
140
137
143
134
107
197
161
0
172
168
0
72
170
0
179
0
87
0
207
0
138
0
0
163
96
175
52
156
51
115
144
0
90
76
130
114
151
104
208
0
148
145
61
76
75
88
133
81
53
70
147
86
146
55
151
171
63
107
159
68
166
122
83
110
55
116
169
199
68
82
147
55
87
0
102
182
164
158
0
257
0
0
85
0
55
0
163
164
79
91
72
133
134
0
0
0
122
0
183
129
0
143
0
0
53
149
56
99
61
72
129
91
0
189
0
104
0
0
162
225
0
0
180
0
81
71
81
166
0
161
141
0
0
147
105
89
199
87
94
188
90
220
0
158
105
0
114
238
0
0
102
162
147
116
61
175
0
240
0
0
195
188
0
0
58
0
150
105
83
0
197
144
55
105
219
0
0
60
135
0
74
186
196
119
127
151
112
0
51
125
51
248
0
0
0
75
122
0
119
184
209
0
169
145
0
153
134
139
171
186
0
177
0
0
65
54
181
85
61
110
99
0
0
0
186
55
0
168
144
187
64
179
111
0
132
213
0
178
197
96
150
144
127
130
180
0
0
194
95
179
75
82
88
0
161
173
0
84
155
190
194
108
148
61
94
153
157
111
162
0
122
0
0
81
222
0
112
111
92
144
103
0
175
106
0
58
0
148
193
72
0
194
140
82
0
179
0
128
198
139
199
116
173
74
72
93
79
117
198
0
148
0
217
0
190
166
53
123
187
182
56
154
166
94
88
230
0
137
0
105
223
0
70
236
0
168
80
0
226
0
193
83
230
0
201
0
131
134
108
98
68
173
81
87
189
0
0
0
67
81
54
159
169
0
133
104
0
127
60
142
109
156
181
74
165
120
110
174
107
194
196
108
0
79
219
0
119
0
96
121
0
64
137
170
0
89
152
60
211
0
0
106
152
0
192
0
74
155
119
134
193
158
75
90
85
120
91
165
140
111
141
145
78
84
92
0
0
143
0
92
0
77
137
81
96
0
111
177
104
172
150
118
170
149
187
139
242
0
0
85
61
71
140
57
167
93
0
195
71
93
98
52
199
172
80
0
160
0
93
117
0
179
0
177
138
174
0
103
0
0
109
133
161
0
94
0
168
180
129
183
159
0
72
54
174
101
62
0
188
149
92
100
84
197
162
80
0
152
0
132
90
0
70
82
171
0
113
0
79
0
186
173
140
202
0
140
90
81
100
149
63
170
177
0
0
94
96
162
92
195
78
124
90
114
89
64
86
78
0
155
146
195
142
97
161
187
76
66
95
110
150
115
0
70
140
68
127
172
67
105
79
183
0
234
0
0
155
162
69
102
165
72
108
75
123
0
0
196
103
0
152
0
96
63
157
0
173
135
223
0
128
163
145
57
192
0
127
90
78
181
92
111
86
0
189
63
80
74
195
0
95
179
0
129
174
130
155
76
199
104
195
1057103