112
153
165
47
123
33
81
30
33
136
176
54
133
199
110
85
80
178
74
189
169
45
89
45
29
53
158
193
71
171
40
0
135
0
95
190
0
107
130
0
122
78
186
0
56
49
41
0
35
0
179
56
0
83
104
159
75
38
42
0
146
89
86
114
178
129
51
161
65
181
171
54
0
123
141
30
73
76
113
88
186
39
38
55
118
100
108
122
123
174
103
161
134
139
189
0
64
32
35
100
122
125
161
181
127
185
81
33
141
166
191
143
0
124
169
36
153
140
138
193
104
162
107
90
55
158
205
0
88
188
141
116
29
98
0
140
67
188
115
90
39
42
190
153
0
192
111
81
184
31
78
0
112
159
45
0
63
37
111
42
63
81
108
179
0
125
101
30
155
194
176
82
0
37
66
62
0
0
28
48
0
170
50
118
102
142
121
141
109
100
93
200
0
174
0
103
86
93
144
0
115
189
194
170
126
122
95
0
161
28
156
51
0
40
109
75
187
0
194
189
89
0
165
82
115
109
113
137
53
58
120
177
175
50
167
41
195
85
127
120
57
140
115
0
33
94
0
110
0
129
0
43
188
139
92
125
111
132
40
82
165
145
120
162
0
0
114
167
79
154
49
70
46
131
165
197
53
166
83
46
130
157
117
161
191
139
141
33
193
163
83
108
131
180
137
150
42
186
31
119
61
142
199
132
0
76
0
207
0
189
71
125
31
180
102
109
45
155
110
106
111
80
0
85
98
89
101
144
82
84
90
63
34
28
110
114
190
101
196
143
184
137
0
44
105
0
144
194
109
0
136
141
60
135
0
128
119
92
184
61
29
120
162
0
0
0
106
89
0
41
152
116
71
139
102
0
0
101
38
148
112
103
0
29
180
39
173
176
29
127
143
112
129
90
122
44
102
150
150
79
0
75
167
177
81
113
84
196
130
40
188
134
98
0
158
175
66
151
0
115
184
0
46
102
0
78
88
0
190
75
127
180
60
79
69
66
83
54
70
77
77
0
134
150
69
159
169
159
109
0
70
132
148
34
33
179
128
63
80
0
52
91
0
148
170
171
191
140
144
62
126
198
133
108
136
47
43
0
198
168
132
150
0
0
119
137
51
66
43
91
66
155
45
32
119
183
106
193
95
185
164
117
144
52
146
101
167
45
67
59
131
94
87
120
52
175
178
194
81
168
142
156
102
33
195
183
142
152
0
87
43
190
140
184
65
0
169
143
125
76
137
157
129
190
73
70
145
146
35
160
183
160
29
143
84
194
125
173
194
184
147
127
126
127
83
114
120
45
133
116
184
160
35
80
183
82
0
129
159
83
165
183
128
118
180
159
40
194
61
29
132
0
109
117
196
129
69
88
182
0
155
81
40
0
69
174
47
75
118
0
138
187
0
141
0
119
54
66
119
93
31
107
0
192
56
87
145
54
143
124
183
168
40
130
122
143
68
173
118
48
49
109
46
199
54
145
86
167
41
66
75
143
199
52
145
0
32
39
137
44
148
140
132
137
158
187
105
74
131
185
143
134
175
78
64
58
154
0
106
73
0
36
114
60
178
163
175
69
56
170
105
173
57
191
0
102
178
47
189
106
123
0
87
178
127
140
162
107
61
193
162
82
198
172
159
32
132
141
134
33
150
84
75
62
145
55
0
35
0
107
163
0
155
188
34
183
98
0
170
101
34
43
196
0
0
0
86
87
116
0
34
48
117
65
125
100
153
144
144
77
28
123
104
73
28
80
0
115
0
70
35
71
57
197
188
119
131
165
92
93
82
166
118
168
64
60
170
178
153
0
165
136
161
115
120
168
110
0
191
153
0
147
129
146
45
77
0
43
113
201
0
71
78
53
0
98
196
162
158
187
183
0
43
199
117
54
60
37
50
112
0
136
143
148
0
43
122
87
110
190
141
0
0
79
98
169
104
108
86
55
186
0
180
49
167
62
67
58
0
34
176
55
160
139
34
125
85
86
157
182
156
172
111
0
153
114
175
129
126
114
0
167
196
162
113
39
84
59
166
121
176
140
130
120
172
52
128
28
178
167
58
142
142
43
0
28
78
156
127
0
157
183
31
70
62
0
178
33
0
111
188
184
33
143
132
62
154
39
141
52
189
90
155
43
135
70
57
139
0
90
193
126
185
184
191
47
70
162
138
147
76
137
151
154
110
0
59
196
64
199
61
56
65
178
0
74
180
99
153
0
101
142
70
193
133
160
43
0
170
107
77
192
118
50
36
173
122
116
0
46
0
0
196
135
0
175
127
174
177
43
193
170
53
53
37
65
0
76
105
66
93
113
144
124
139
48
0
155
59
127
150
192
30
111
86
111
108
137
0
155
66
0
122
144
156
60
106
95
175
63
68
172
82
0
182
115
68
191
84
49
181
39
123
158
0
128
134
41
62
0
89
85
146
97
0
175
132
189
50
129
149
78
137
0
0
101
0
130
152
147
138
0
34
139
171
166
45
0
114
0
139
60
170
0
93
72
133
124
171
94
182
0
132
204
0
91
185
99
65
0
185
191
172
60
132
0
0
42
194
38
116
161
185
176
120
35
0
162
62
75
180
145
105
193
120
174
137
57
105
105
85
109
172
87
135
35
0
109
0
157
179
75
170
133
104
33
143
36
0
74
192
104
83
140
48
126
28
88
48
86
116
134
49
37
0
144
194
0
187
143
31
149
199
162
174
83
92
125
148
156
123
0
157
134
142
0
58
46
0
189
63
62
118
64
92
99
0
69
46
0
113
79
162
69
114
99
0
142
145
62
168
0
169
110
170
167
0
118
178
120
102
193
187
172
187
98
59
84
38
59
50
127
0
207
0
0
167
188
195
116
0
122
119
51
67
138
99
89
86
90
0
108
124
137
40
149
63
168
113
186
47
54
29
189
121
168
147
46
43
31
124
145
153
0
180
186
133
0
131
45
38
148
109
74
107
161
162
197
157
0
114
116
94
58
0
185
67
106
0
71
161
116
196
138
55
87
117
0
94
145
88
194
32
166
120
55
54
60
53
80
53
40
171
52
64
0
179
89
130
162
0
113
191
110
143
87
129
176
114
149
159
116
181
126
96
151
87
0
66
167
173
169
151
91
199
161
157
81
168
0
104
77
0
38
79
58
81
198
199
156
84
112
56
143
0
115
154
186
141
75
171
149
189
53
168
84
0
76
117
142
145
87
0
29
99
180
125
139
206
0
175
62
63
85
68
159
78
86
194
141
192
178
108
194
75
32
52
199
37
0
131
107
189
0
158
0
52
118
62
70
137
165
69
49
55
158
0
158
194
179
93
207
0
80
138
100
161
198
159
129
112
169
58
196
191
143
197
153
178
168
166
47
199
141
195
91
177
170
175
195
150
61
126
0
71
176
97
52
189
121
0
93
0
42
103
111
179
78
117
179
88
103
41
169
68
111
46
127
0
162
183
35
31
49
193
168
85
70
132
121
171
0
131
42
172
154
101
197
164
185
176
170
162
126
130
56
181
149
115
56
144
140
116
0
191
116
58
95
97
31
32
180
114
112
108
32
48
134
106
125
0
179
188
194
133
65
150
137
76
148
135
0
0
163
140
83
131
159
173
103
0
62
129
244397