81
52
121
104
185
36
155
97
174
160
147
96
105
199
29
144
182
57
100
114
37
168
171
152
52
76
175
188
37
133
131
55
105
107
183
110
185
90
63
167
126
0
147
193
114
194
0
153
59
76
66
9
149
20
188
155
121
34
142
75
81
31
89
90
88
115
43
95
117
45
162
136
62
117
22
54
117
139
111
182
177
105
0
180
100
111
152
0
60
147
177
39
105
96
190
26
186
97
135
173
108
129
136
111
80
133
79
98
127
158
111
75
132
63
80
103
191
53
54
154
194
60
52
155
153
134
30
52
115
54
128
150
183
19
87
33
53
176
121
136
51
99
0
107
32
135
87
158
88
51
112
119
77
89
188
21
54
88
0
180
79
188
0
20
124
78
106
0
51
145
155
22
157
100
8
195
49
61
122
149
46
108
159
44
138
94
44
168
43
135
93
164
25
60
131
37
167
30
82
84
188
27
38
55
130
46
58
30
171
23
172
192
194
45
48
174
21
71
56
95
37
34
133
99
87
84
140
188
123
40
40
190
94
131
55
183
102
171
180
184
120
0
161
132
194
72
47
0
90
39
52
152
199
89
63
195
115
157
78
0
148
127
150
0
91
140
99
137
19
53
19
47
73
25
165
83
58
194
0
183
85
163
12
134
157
160
136
112
59
27
81
99
47
199
13
84
152
156
37
83
64
162
147
172
77
51
61
106
85
154
13
14
49
175
148
85
76
132
59
111
169
42
14
116
171
0
117
105
130
45
136
96
30
142
151
158
10
31
91
197
175
31
181
186
196
159
80
113
56
144
69
140
50
181
188
147
112
59
65
85
187
28
19
44
158
0
172
55
156
163
173
16
189
168
34
78
96
150
29
150
51
152
66
182
0
0
110
195
191
199
125
139
128
45
39
163
195
135
118
131
111
48
110
88
146
192
153
79
163
154
70
184
35
177
173
86
86
154
34
146
183
188
100
167
21
132
121
33
152
93
168
86
0
93
114
175
66
35
85
80
47
165
39
195
196
150
188
19
103
19
51
187
101
30
27
182
101
180
134
138
73
114
119
86
8
29
125
187
10
38
172
168
0
108
52
43
196
0
141
0
84
66
134
10
116
66
198
140
102
35
176
34
159
17
62
133
30
59
131
102
198
44
152
109
30
82
129
124
110
92
16
130
96
113
53
171
25
123
136
44
195
131
181
101
80
177
0
104
13
108
89
93
72
169
21
120
112
189
131
74
166
0
158
83
55
147
0
10
39
14
70
155
87
0
0
151
104
13
56
146
120
76
58
189
70
18
24
11
28
39
108
185
74
188
159
15
60
130
163
147
154
77
19
196
136
24
61
124
27
0
185
71
117
47
177
48
156
129
53
155
38
157
146
189
152
170
150
63
93
107
170
74
199
70
140
92
112
117
177
88
178
106
195
12
30
160
148
100
137
0
72
92
177
74
80
178
159
76
24
26
116
142
182
83
161
156
61
47
156
194
0
119
124
24
74
69
25
188
71
152
0
15
148
17
51
148
66
52
59
39
57
162
102
157
92
186
52
188
146
183
96
81
50
198
141
9
162
13
112
103
20
67
169
116
126
191
135
181
164
78
0
78
28
179
120
124
94
171
29
89
86
51
120
80
111
175
89
152
70
89
80
85
56
79
20
17
177
81
144
170
66
0
39
158
94
170
124
169
195
0
32
87
78
141
56
149
131
71
50
121
123
60
157
194
48
178
67
105
122
43
100
199
57
185
151
97
59
114
175
39
106
99
0
82
85
145
116
147
137
171
87
96
60
154
35
33
79
122
73
193
21
163
197
67
0
72
196
149
190
136
118
0
36
75
73
127
112
92
31
0
126
165
89
57
134
57
94
151
88
122
10
116
165
50
104
88
86
39
137
53
148
32
153
12
163
84
175
144
131
50
56
9
0
194
54
41
101
10
82
160
177
166
131
190
16
95
137
76
157
75
11
142
49
101
169
188
99
91
103
140
26
38
191
40
161
175
162
75
37
100
122
197
0
73
95
131
135
60
20
56
36
49
69
18
128
140
128
60
160
108
189
76
72
23
0
158
55
134
168
44
193
105
12
42
153
121
139
87
158
0
77
152
40
35
187
0
118
48
65
97
191
28
36
70
145
57
94
25
180
33
0
30
158
173
178
35
16
153
130
71
32
199
112
152
187
103
83
9
111
53
170
192
178
141
192
69
163
25
37
102
139
70
91
79
119
125
26
127
29
61
16
158
137
133
161
115
107
71
70
26
126
77
0
66
151
61
93
85
0
151
189
128
8
183
104
18
49
76
142
186
78
89
122
97
167
148
27
14
106
145
194
56
24
173
159
150
31
0
192
19
149
72
16
133
48
178
167
156
104
194
0
112
54
73
171
75
119
72
164
53
94
95
90
46
24
199
53
127
132
101
173
41
189
63
163
127
13
197
37
112
71
194
134
172
129
153
120
40
13
92
70
196
18
111
187
169
172
59
9
96
92
151
167
54
165
113
58
11
13
170
102
90
139
72
49
187
28
165
116
92
180
108
127
166
107
196
120
11
149
124
136
62
182
118
42
19
161
49
176
173
99
11
0
38
32
45
184
193
145
145
163
75
185
61
65
88
123
185
133
130
42
135
190
77
76
112
123
166
92
44
27
145
74
55
165
99
0
151
33
162
126
89
10
186
40
99
121
70
23
12
199
18
45
72
62
120
52
8
85
114
147
30
62
146
137
170
0
118
68
23
71
97
141
13
0
180
68
65
163
68
180
32
9
93
91
34
38
181
9
9
188
19
186
33
52
189
9
103
103
155
0
67
158
115
68
85
54
62
58
76
11
190
61
56
88
153
144
41
49
78
55
145
69
45
84
124
83
38
39
0
143
86
194
135
57
148
22
33
179
200
0
111
77
95
166
58
87
89
23
26
58
128
50
19
99
163
0
97
21
153
168
100
130
138
46
158
86
192
0
65
48
166
67
55
53
116
68
0
35
74
61
56
55
94
134
18
19
126
59
188
55
138
23
119
67
0
71
0
47
171
54
0
8
30
29
0
111
33
24
121
182
102
109
0
98
158
144
60
112
77
121
106
190
60
127
116
143
37
92
23
121
48
192
190
15
68
115
164
158
178
194
78
151
27
108
30
96
98
114
164
103
140
106
71
36
36
40
0
121
35
62
41
8
52
22
66
90
166
173
105
112
178
52
84
167
13
134
53
29
143
90
134
122
25
10
86
94
46
104
145
101
160
44
198
17
107
100
178
36
47
161
75
95
87
169
87
66
0
63
82
102
0
195
165
32
39
87
68
72
30
175
128
40
167
99
59
102
9
109
115
25
51
42
85
196
0
167
171
42
84
138
0
196
196
177
191
42
43
146
140
125
143
177
146
117
157
31
84
123
82
44
0
150
199
137
0
64
27
153
84
100
194
155
195
150
27
160
175
183
8
50
10
107
62
56
91
33
44
164
36
174
161
161
76
142
46
134
116
49
106
84
166
22
36
144
97
79
107
69
41
48
26
169
188
189
39
145
0
103
74
77
151
34
11
107
44
66
0
121
128
64
166
26
53
37
135
155
91
146
0
58
137
163
13
196
51
110
46
74
106
163
195
95
98
115
76
169
21
41
14
25
124
57
33
145
149
188
110
129
120
157
142
117
43
193
0
199
54
140
199
36
17
194
191
0
149
0
109
0
25
164
198
99
149
120
184
75
121
0
165
93
121
194
137
137
123
101
56
157
119
105
37
60
190
191
74
125
55
171
72
0
126
42
42
138
167
17
103
70
48
99
57
68
157
151
140
82
149
100
135
27
82
58
149
87
46
167
129
33
112
58
47
117
14
23
22
84
45
151
153
101
139
100
156
122
166
142
12
196
37
101
55
36
124
27
115
192
157
85
195
157
161
86
115
151
103
56
148
122
83
168
155
172
168
12
44
178
168
12
133
163
0
195
85
109
0
80
67
114
95
133
18
199
185
0
82
56
195
176
170
50
0
127
41
136
169
162
117
57
144
173
139
100
183
154
156
170
51
125
144
91
65
140
100
80
122
37
143
101
96
60
35
105
98
71
199
123
107
23
153
43
105
189
81
66
90
199
168
87
17
142
95
22
13
197
189
87
170
0
136
89
177
191
60
33
154
117
113
75
155
73
62
19
48
192
148
49
186
61
150
183
37
39
36
0
80
165
23
54
137
192
103
192
137
93
16
134
35
37
178
99
171
163
119
134
97
194
64
173
124
114
0
38
99
124
107
59
151
159
40
178
180
57
113
182
86
139
107
21
65
68
64
15
8
122
97
144
127
79
193
74
28
78
53
74
24
88
72
60
20
175
27
118
174
135
81
66
0
108
193
114
150
196
109
19
111
113
199
60
135
91
34
100
79
176
150
197
96
177
86
128
61
50
76
40
84
173
13
111
164
133
118
153
49
34
101
11
18
202
0
103
84
153
57
79
63
52
9
156
134
161
90
18
176
0
48
193
42
33
71
11
109
137
63
181
180
185
110
20
199
73
39
53
138
38
40
152
137
109
185
58
54
149
80
62
87
23
42
120
154
101
196
46
130
116
143
98
163
119
138
96
112
195
0
41
143
55
84
162
66
104
34
116
134
89
196
120
64
121
54
63
187
94
136
139
86
115
75
190
187
151
22
61
13
0
120
152
20
151
0
169
156
96
177
134
103
132
0
117
181
198
105
99
63
177
70
160
47
33
46
99
111
188
14
110
114
87
8
117
175
80
58
81
69
41
145
19
136
10
117
39
72
65
14
111
194
64
60
168
104
35
148
142
188
172
62
31
123
21
147
166
172
73
156
30
199
0
94
32
194
150
98
68
63
182
25
56
185
0
84
56
125
196
73
82
126
137
9
84
25
55
127
117
143
37
163
196
0
96
140
49
92
49
29
110
148
146
134
10
56
53
51
170
170
88
9
28
176
21
0
177
159
161
119
176
0
8
171
168
90
78
72
81
72
153
89
179
117
48
138
56
186
194
97
0
196
116
9
184
151
22
180
163
195
120
87
70
132
14
184
29
75
133
85
45
10
137
52
71
69
93
103
151
196
157
149
161
21
35
196
137
75
0
178
189
16
103
92
169
103
19
149
158
165
113
127
97
183
172
56
180
32
115
172
139
137
9
72
21
194
162
15
100
137
58
13
155
153
115
192
43
89
0
39
105
126
55
131
160
90
0
146
23
25
33
146
151
118
9
162
196
159
188
52
181
62
185
119
41
196
159
130
31
9
185
18
10
41
163
60
119
168
175
102
149
62
17
47
128
134
147
103
58
168
61
105
15
118
173
134
171
84
43
0
122
24
138
114
51
169
135
78
18
101
190
128
0
154
175
104
0
102
185
51
43
9
194
18
63
96
124
131
13
93
16
137
151
41
178
74
113
100
9
41
0
108
161
123
71
0
47
11
192
137
104
25
44
127
175
121
40
117
137
125
115
83
46
151
35
176
110
16
113
93
149
102
50
41
29
188
154
199
150
51
111
28
13
30
112
140
198
196
144
140
159
175
162
106
99
89
170
192
192
182
30
192
38
124
0
121
92
136
0
64
152
81
35
114
74
190
98
21
77
174
17
95
132
20
141
22
133
187
16
182
165
25
124
113
128
11
193
104
194
95
101
168
175
113
23
152
20
141
32
183
152
19
71
186
58
105
56
59
56
82
136
133
89
148
151
131
56
143
146
54
0
178
140
179
10
31
80
105
95
135
150
84
170
0
127
152
0
42
63
165
199
97
87
18
96
181
155
188
129
141
126
145
88
186
72
125
74
8
186
194
110
127
126
185
95
192
181
194
148
18
166
24
126
45
160
40
61
102
157
71
151
128
35
187
71
116
71
114
93
79
32
87
39
10
21
115
172
119
132
0
129
175
98
168
106
0
163
0
30
164
39
40
191
135
0
140
157
180
44
158
103
72
87
147
133
164
8
12
100
124
0
132
0
187
93
121
158
19
0
73
110
90
15
91
93
102
186
167
183
109
67
125
74
192
42
122
99
88
178
106
52
171
65
191
106
27
45
71
70
144
44
60
128
94
28
0
99
153
21
169
26
13
112
64
0
194
63
41
191
28
23
159
71
56
117
161
160
19
181
126
103
77
64
16
58
74
54
87
144
169
176
85
40
46
104
164
57
138
143
92
27
114
91
153
17
109
12
9
76
70
97
162
93
194
163
42
150
104
0
112
165
51
22
40
54
165
198
69
68
60
49
174
180
103
82
34
159
172
15
48
97
161
101
136
154
147
80
141
73
109
41
180
56
162
197
13
160
189
181
8
66
85
87
20
158
80
0
152
100
139
53
84
37
193
159
0
77
180
44
14
87
84
95
181
196
10
38
169
138
68
43
170
190
112
166
97
181
157
114
158
148
141
64
161
98
157
0
197
177
0
43
177
156
171
185
40
102
151
152
128
136
84
19
175
44
19
0
178
29
151
59
143
28
55
21
58
22
98
122
165
134
80
112
25
100
117
0
113
73
14
13
13
38
122
146
60
120
117
94
130
162
135
144
0
92
0
31
108
75
189
102
0
101
146
72
34
27
197
126
12
146
81
194
116
79
26
154
99
80
111
63
142
120
26
122
167
91
48
35
112
0
43
16
133
177
180
199
89
173
22
168
62
92
31
178
178
161
63
24
130
200
0
184
65
147
11
152
21
105
47
149
25
12
0
73
117
101
195
16
106
101
193
24
169
195
97
194
83
47
143
9
59
165
117
118
72
46
88
14
95
78
165
0
93
94
10
55
113
46
90
64
192
25
72
8
58
52
109
46
130
116
12
184
195
11
154
61
54
103
107
30
176
63
161
0
160
195
56
0
143
47
77
91
127
35
8
174
14
98
150
161
164
61
91
17
31
108
77
40
184
184
25
94
14
24
0
76
49
118
113
54
113
84
25
76
53
192
125
85
47
130
32
121
124
118
16
8
65
75
18
52
50
175
14
81
180
196
133
13
178
178
86
95
165
10
49
160
35
48
0
8
106
31
160
127
15
59
166
58
191
12
125
125
14
30
69
43
174
119
65
191
55
189
159
21
173
188
145
67
56
124
85
29
92
53
88
98
144
65
170
89
196
60
75
130
0
154
36
176
144
93
102
0
133
25
48
19
103
103
61
96
13
114
9
56
135
57
191
44
164
145
121
115
43
159
23
109
163
103
85
12
46
35
70
192
152
124
60
134
173
46
114
132
129
67
193
179
137
39
102
113
54
18
36
154
170
135
126
187
139
33
45
147
108
165
135
127
99
112
9
80
133
37
147
34
21
43
65
52
76
41
139
95
162
0
138
192
0
75
146
55
30
84
39
186
156
0
8
143
26
74
137
158
90
33
12
103
96
54
87
77
38
37
129
120
118
108
141
69
196
132
33
139
24
43
41
172
56
194
52
22
59
38
65
101
152
109
26
167
172
183
157
76
42
191
180
120
84
92
91
119
192
176
134
91
94
180
165
93
190
174
168
86
71
168
148
104
74
110
176
190
101
12
137
140
91
154
8
149
169
93
166
87
99
114
182
165
174
0
184
17
173
77
126
35
164
156
135
131
62
127
10
15
128
103
85
145
151
138
90
97
24
57
146
130
145
15
108
123
157
152
46
100
103
107
140
19
190
78
63
18
39
45
76
167
121
166
21
176
105
20
189
181
0
125
173
75
93
106
148
153
134
59
35
123
137
157
22
16
48
106
134
193
113
162
83
100
0
11
55
67
68
163
62
143
173
165
73
29
189
56
98
93
66
0
114
160
63
166
54
182
119
27
184
109
8
93
138
34
10
187
181
72
182
35
111
98
44
149
19
94
164
148
83
161
126
81
0
169
142
131
186
82
15
23
43
169
56
15
181
78
195
131
196
18
194
145
198
21
117
113
143
170
174
138
178
65
174
115
113
113
168
39
165
112
170
88
25
72
181
38
97
99
0
61
184
157
84
160
190
179
76
189
105
51
199
143
115
11
196
162
161
164
178
15
195
68
167
44
111
176
115
134
192
118
98
157
21
61
181
0
60
169
190
197
60
183
67
174
74
73
79
90
163
166
113
142
105
105
128
61
169
92
104
0
88
34
168
153
46
198
186
139
35
99
55
13
70
96
198
140
196
127
81
31
189
107
23
128
10
100
33
40
155
73
170
150
173
184
119
116
56
52
21
55
183
28
74
112
25
12
72
0
124
162
70
92
97
128
145
74
106
41
55
97
16
129
107
55
177
109
148
122
167
84
55
172
12
121
84
12
105
54
137
106
30
70
195
159
140
199
148
23
150
19
14
156
21
122
197
136
114
85
114
126
39
137
43
190
47
45
128
59
156
114
73
106
0
79
100
58
57
198
74
147
120
119
177
157
174
158
169
0
36
75
86
102
35
14
93
194
27
77
163
123
188
100
49
34
106
80
156
67
158
24
33
99
174
88
76
104
130
0
79
0
41
156
179
92
25
25
146
67
68
29
113
110
118
185
67
156
83
30
135
132
109
89
196
67
172
115
164
96
75
180
97
86
79
36
182
125
187
46
84
93
166
153
108
193
62
108
156
36
142
45
115
18
43
85
94
165
92
36
93
35
192
61
112
144
41
14
10
198
150
79
184
189
150
132
43
80
72
16
168
70
192
88
9
142
0
33
21
128
196
95
130
19
40
83
195
56
179
51
0
57
181
58
58
111
167
195
80
127
39
155
132
31
44
76
135
54
178
0
131
69
103
95
48
166
144
55
0
199
194
19
168
67
166
137
134
93
93
73
143
186
177
152
34
146
22
44
17
51
21
181
190
74
170
137
42
22
75
170
168
83
81
149
169
24
35
74
72
70
165
75
69
117
120
52
15
164
75
37
114
52
47
62
33
187
40
8
149
56
191
84
171
71
140
58
163
35
33
144
180
59
122
197
126
179
113
185
88
160
85
179
71
135
106
142
168
130
133
17
52
182
0
10
130
56
23
30
171
74
28
55
47
10
192
171
53
26
111
60
183
163
45
0
36
151
141
137
86
182
181
104
68
130
149
184
59
177
111
76
157
32
175
54
0
135
76
128
158
132
63
18
49
93
0
37
171
143
139
196
121
24
124
120
72
50
160
138
24
191
95
97
140
192
160
145
117
52
168
8
54
39
22
158
147
187
188
112
107
69
119
33
164
110
119
174
29
68
178
196
103
181
188
41
52
176
49
59
194
106
0
145
185
61
14
44
135
96
24
73
150
75
150
158
115
92
49
46
87
164
8
123
194
31
32
15
107
178
175
135
148
92
54
117
82
171
59
128
155
60
102
154
144
63
60
110
114
164
159
20
65
102
143
42
39
122
153
96
34
43
173
8
25
198
78
65
54
109
147
135
65
195
106
64
14
163
156
29
197
85
84
42
0
141
88
45
64
161
186
192
24
184
153
90
59
138
120
192
56
191
96
146
0
40
89
190
132
68
100
111
16
0
92
55
30
191
178
184
51
169
72
98
30
27
77
33
72
91
31
143
69
165
79
194
88
143
78
118
0
46
102
176
63
150
0
110
90
30
16
97
0
197
157
99
51
17
110
186
162
101
183
74
64
59
44
182
31
178
0
69
85
29
39
133
94
154
133
90
38
79
165
150
27
25
175
94
177
30
48
87
127
172
125
84
150
173
83
13
10
189
115
45
169
29
26
0
89
192
135
175
190
38
174
18
73
18
82
137
164
109
102
158
73
134
44
50
35
71
95
155
76
111
0
174
85
26
149
175
148
97
116
91
103
112
79
118
128
116
8
93
105
108
158
18
38
180
16
64
97
60
29
114
145
101
33
44
100
191
34
64
0
105
97
136
197
23
115
45
115
33
191
113
163
46
58
63
68
0
102
193
199
74
73
127
164
196
186
162
59
176
0
38
154
118
152
194
43
151
88
109
168
159
194
15
127
182
39
161
93
193
9
114
31
187
103
23
179
126
168
101
29
61
21
102
45
105
175
111
204
0
16
162
34
90
33
0
105
49
161
60
192
168
69
39
149
188
91
12
105
102
81
185
149
0
131
138
105
168
154
160
97
79
72
158
13
130
0
123
64
0
179
157
149
140
190
115
30
41
24
84
82
96
89
49
140
159
179
108
72
166
147
84
105
193
0
54
189
156
135
0
76
137
106
143
143
105
97
11
78
190
35
146
130
129
178
155
0
133
186
90
87
64
24
85
161
190
151
183
78
195
153
66
70
197
135
0
172
116
9
122
56
111
168
163
101
117
98
128
41
36
52
111
131
97
172
0
94
85
142
116
172
168
22
186
14
84
55
93
135
25
82
118
145
112
50
185
175
86
68
142
145
192
53
143
110
150
195
89
76
53
181
17
106
84
31
180
183
50
69
154
100
18
184
172
0
117
119
34
52
43
77
185
148
197
8
54
101
97
146
179
198
19
128
114
71
181
160
61
54
59
111
89
119
21
168
199
157
58
41
64
45
0
152
61
127
143
195
192
45
25
92
107
184
147
107
67
44
30
133
0
6
27
35
148
164
86
157
117
50
98
133
9
31
194
153
181
182
169
24
194
95
0
69
140
23
81
153
16
14
36
11
154
12
53
162
185
175
8
60
143
60
115
39
16
45
182
164
198
108
41
59
183
132
146
162
52
198
193
119
14
33
138
21
143
51
87
123
74
20
63
183
49
146
167
146
97
86
59
77
108
133
146
26
178
179
43
173
93
123
95
177
40
161
197
31
170
72
139
121
197
31
96
108
78
37
156
68
56
174
160
105
18
198
39
176
97
43
168
92
83
183
55
51
146
74
199
165
96
86
71
39
141
140
158
150
123
20
84
111
170
153
134
163
117
179
77
160
119
30
20
115
35
32
109
8
48
128
135
156
13
90
37
50
158
183
54
162
43
121
68
0
25
51
51
88
120
63
25
119
193
18
20
180
81
194
162
0
134
94
0
143
164
191
146
19
0
76
139
147
155
160
128
99
131
97
99
187
64
175
189
152
9
137
107
21
25
168
130
111
24
52
91
59
122
50
90
23
172
95
121
109
15
182
132
91
51
53
49
96
169
198
70
89
109
153
174
169
54
39
57
120
195
153
47
50
195
127
121
88
161
76
117
60
107
86
92
45
109
180
132
0
15
97
60
0
159
149
184
117
140
194
142
108
153
187
136
10
18
97
11
70
143
183
170
61
159
0
36
101
165
67
64
0
125
35
175
54
125
9
45
140
185
142
94
73
88
143
154
22
148
68
108
157
58
125
157
66
64
55
39
31
112
76
9
20
17
0
190
123
42
64
114
194
191
38
171
9
155
95
159
19
109
173
24
129
14
152
161
122
147
103
107
23
192
124
168
146
99
62
99
103
147
120
194
187
107
71
74
73
46
41
157
171
136
0
162
126
111
173
98
54
21
162
170
104
187
160
154
47
67
151
89
101
106
164
130
107
192
188
111
93
46
167
8
116
114
64
40
199
171
0
85
148
147
27
170
15
84
90
10
101
60
55
131
51
45
136
189
15
35
90
198
48
13
198
67
138
31
114
132
121
137
62
133
87
40
14
197
136
103
0
157
34
26
51
47
19
190
48
183
178
152
180
34
56
57
139
138
169
0
169
180
72
42
129
23
83
169
137
104
159
144
68
30
58
71
0
143
130
51
104
189
49
65
0
129
191
188
25
107
0
128
145
162
184
192
45
0
157
186
69
143
119
179
124
138
151
154
46
32
139
167
76
98
159
134
23
86
178
60
139
190
83
173
72
171
68
143
18
182
199
22
57
62
118
181
11
139
159
86
148
134
171
190
175
179
64
48
95
140
140
140
31
117
0
68
39
68
0
35
32
164
16
82
174
89
47
0
132
56
45
46
174
77
55
188
183
51
112
99
11
112
83
64
135
164
105
186
85
38
35
97
75
171
17
18
163
12
166
0
53
74
29
175
0
161
16
190
128
182
59
180
17
8
0
181
25
101
28
90
60
168
70
147
57
136
160
65
177
51
179
174
88
88
100
92
197
70
189
39
60
49
150
159
170
187
139
117
88
115
143
18
192
29
110
191
172
14
96
132
55
81
169
160
51
107
117
10
161
168
169
186
192
120
60
167
180
25
37
46
95
130
14
20
30
185
14
104
66
153
92
0
151
196
160
109
169
73
76
141
34
74
127
61
24
85
42
33
147
109
50
123
92
52
134
196
65
143
195
194
126
57
0
45
37
118
53
151
134
101
13
80
41
18
84
67
40
190
82
49
34
43
128
56
34
39
106
39
14
53
161
129
27
0
98
0
22
149
108
196
110
156
133
192
157
50
92
49
132
191
26
186
30
15
161
73
101
71
63
57
49
117
196
73
159
180
124
69
46
19
104
94
20
161
111
169
79
64
106
97
48
115
47
0
34
84
34
162
33
15
31
22
101
180
191
47
45
21
127
70
120
133
142
27
94
9
144
126
102
46
196
177
81
14
88
50
171
192
143
192
178
163
32
193
30
175
16
190
0
120
146
115
23
0
147
14
199
175
194
52
139
57
20
83
57
189
14
112
84
118
179
181
187
79
134
110
89
56
89
153
70
88
139
56
35
149
64
196
179
55
99
71
141
141
47
173
37
147
59
144
66
113
67
87
18
129
67
75
58
100
175
142
82
185
53
96
37
91
132
31
118
62
182
162
62
86
161
130
106
44
195
102
16
62
83
129
66
178
77
82
196
119
61
192
48
32
69
160
41
149
106
76
36
63
152
154
170
112
125
94
122
133
11
21
67
34
111
15
15
120
63
48
196
117
81
35
52
40
182
123
36
111
93
24
185
159
35
162
134
15
56
86
170
186
94
130
111
111
131
118
45
14
53
0
189
89
173
156
186
37
84
127
73
76
130
70
177
193
29
160
157
111
159
51
0
21
176
8
183
50
162
120
49
113
100
159
148
65
62
197
54
68
91
77
109
26
157
50
136
193
34
86
12
139
57
0
171
124
190
93
199
175
73
67
149
44
111
57
100
128
40
188
148
56
16
180
131
171
105
48
10
60
116
40
143
97
123
39
180
91
26
134
0
10
148
17
38
36
34
83
0
73
30
180
120
174
94
38
184
45
19
172
164
29
153
123
129
155
121
187
92
37
66
54
106
182
71
24
8
43
130
196
33
121
125
105
190
17
97
48
135
194
40
67
32
73
92
51
79
39
59
54
113
182
10
27
44
113
70
99
55
16
129
78
35
0
178
95
58
22
101
70
29
119
34
167
155
187
162
108
116
95
83
58
0
83
164
14
135
94
76
110
175
77
37
35
116
191
70
122
72
160
55
27
45
96
179
0
25
63
181
145
100
128
181
49
102
151
112
0
190
192
46
14
93
78
170
38
48
52
160
39
135
0
130
131
132
161
63
19
150
146
131
15
61
166
71
162
167
175
43
164
30
181
40
13
11
89
0
107
22
80
122
105
130
132
186
164
150
70
82
42
63
135
168
177
128
101
19
162
164
70
64
112
58
71
125
25
62
21
75
24
41
119
186
107
31
110
172
144
190
115
195
151
54
147
54
164
100
57
134
173
168
80
144
194
90
0
131
45
75
196
24
15
197
149
170
67
101
198
123
20
104
97
0
159
32
145
75
116
178
30
12
87
145
10
79
141
72
141
68
125
36
142
126
83
0
70
54
93
57
31
67
163
9
92
166
100
10
126
178
117
185
159
81
68
10
167
177
150
42
129
13
69
30
10
56
149
115
93
111
0
79
101
121
162
197
104
177
164
78
60
151
90
138
170
168
56
55
172
34
112
48
195
114
73
14
81
114
95
0
104
134
26
132
141
167
77
23
118
0
124
0
177
0
80
20
145
151
48
123
28
31
184
55
31
86
37
118
153
64
101
71
145
153
151
66
154
163
95
164
85
163
58
184
65
77
114
49
122
88
46
188
27
85
0
98
161
199
174
44
21
143
45
111
181
25
204
0
121
175
0
23
141
115
88
198
152
101
45
45
63
87
88
21
150
67
89
126
76
95
191
82
194
81
176
113
185
122
152
141
77
182
0
181
193
76
128
94
0
124
53
101
157
194
65
130
192
170
106
183
177
0
108
166
171
45
106
112
159
48
124
137
82
103
77
89
117
19
15
70
55
149
109
141
192
179
197
191
110
149
0
104
57
38
65
115
53
36
22
113
108
182
101
152
157
152
134
0
117
44
104
25
184
188
42
96
156
31
57
120
35
197
89
149
187
30
10
156
75
68
121
23
196
49
143
180
57
154
90
149
133
67
142
170
64
109
136
50
165
66
151
25
83
121
183
171
99
0
115
119
58
40
167
127
171
149
15
99
67
178
15
165
153
44
111
63
90
117
115
72
159
128
53
22
171
181
127
102
103
40
41
191
124
108
163
52
69
157
112
40
142
59
175
43
60
18
134
123
35
95
62
102
147
0
182
43
102
124
148
185
50
115
159
119
168
181
122
131
124
0
117
102
199
153
134
180
76
91
113
0
86
31
141
135
173
108
149
109
164
0
27
17
27
50
144
29
151
69
39
63
153
13
164
27
168
161
178
196
11
8
127
79
159
137
174
56
10
138
33
134
39
180
48
137
62
72
114
196
167
35
151
109
107
44
25
170
152
38
13
93
135
0
129
48
179
170
43
60
56
35
187
11
61
165
198
190
71
138
33
184
148
40
158
41
57
47
94
150
24
36
147
14
170
54
64
80
197
157
192
152
90
98
120
64
45
34
98
67
170
28
71
29
9
146
192
30
29
44
64
173
150
183
162
193
105
109
162
155
41
30
107
151
189
53
157
39
0
181
96
125
122
178
177
39
154
52
176
40
180
45
140
90
46
164
147
35
72
82
114
133
172
50
126
134
149
46
68
91
105
124
83
95
125
167
156
153
124
58
99
36
34
87
37
153
155
78
189
15
107
57
93
154
186
52
61
56
200
0
195
24
189
58
168
158
21
64
59
153
90
96
20
134
180
142
183
157
65
129
10
89
158
166
77
158
142
176
29
122
36
197
189
197
59
91
91
13
152
145
26
34
0
67
96
153
35
78
46
20
45
81
71
70
37
28
63
189
196
18
82
64
195
178
175
55
57
60
71
113
24
14
45
136
19
62
131
74
86
162
110
57
170
179
80
82
76
128
88
139
96
119
128
108
127
142
51
176
18
32
161
94
178
195
112
135
166
78
96
116
16
63
43
32
167
0
144
22
0
110
171
44
135
122
82
45
116
77
118
182
27
59
140
15
34
179
159
36
62
13
44
20
165
193
194
117
88
187
92
29
113
154
188
132
165
15
114
0
173
147
181
195
119
26
93
152
116
91
135
177
46
177
19
93
0
140
94
20
34
64
143
68
47
120
159
151
69
195
93
113
0
92
19
149
107
31
198
0
52
167
35
91
179
61
65
124
151
100
179
73
21
87
39
114
77
171
8
57
147
25
13
20
79
95
0
54
122
112
113
189
70
35
119
30
8
78
89
36
92
52
29
136
157
51
69
194
32
176
44
134
171
93
186
98
48
14
76
12
24
185
59
96
78
27
55
38
9
167
23
34
20
73
72
117
38
121
120
49
146
131
13
26
26
35
55
176
133
94
119
25
26
44
155
115
151
186
143
146
0
12
33
81
171
0
192
108
165
100
10
195
48
104
81
98
36
152
122
130
27
58
186
123
131
71
12
148
183
149
35
46
185
137
25
110
174
161
122
73
54
192
48
107
30
66
163
56
140
23
196
11
38
93
23
133
0
197
107
124
48
128
128
173
143
46
0
77
23
165
176
121
107
169
29
181
192
135
111
97
70
200
0
40
50
98
116
138
12
43
84
194
151
23
144
193
34
45
181
193
19
157
80
166
91
138
0
102
42
0
81
26
63
12
172
76
35
22
108
168
171
92
123
199
169
78
0
175
150
139
199
0
77
78
181
133
55
163
103
178
127
28
62
45
154
178
97
116
13
165
155
162
154
44
115
66
104
63
102
73
29
65
83
49
123
148
147
154
173
37
192
0
181
78
136
162
0
72
0
155
11
131
152
0
84
23
32
148
193
65
171
108
174
60
185
142
80
194
79
90
72
19
48
176
94
14
0
61
23
48
105
30
187
99
174
137
181
89
40
76
32
191
124
109
162
55
109
168
191
174
19
199
77
11
127
43
195
0
40
169
65
185
11
88
31
186
195
119
10
167
85
52
136
133
62
117
0
158
107
196
110
178
53
62
152
56
23
153
149
109
141
161
14
128
171
70
93
180
151
25
63
76
12
16
143
142
156
21
113
126
168
125
82
0
151
164
195
70
66
93
162
182
152
103
9
9
171
172
87
61
168
0
135
133
189
0
128
79
65
76
130
186
184
88
95
140
39
35
100
194
85
116
147
121
37
17
151
57
176
37
170
153
43
103
0
197
30
71
70
12
187
121
161
142
143
112
187
27
32
48
0
14
107
118
0
0
105
161
195
90
69
157
98
11
125
143
89
43
0
0
191
33
45
47
55
174
32
138
181
34
79
128
158
169
121
33
153
123
127
29
129
34
159
9
60
32
149
105
43
66
15
143
133
44
0
113
66
119
96
17
170
150
126
150
24
111
0
39
38
91
138
128
78
29
146
117
81
196
56
11
8
47
42
46
158
129
170
21
190
12
83
146
109
107
91
197
158
133
124
8
55
61
72
13
173
45
153
164
115
0
60
0
5
164
79
138
84
197
84
150
165
49
148
32
153
0
64
35
134
71
145
15
39
20
36
10
10
112
9
123
84
24
153
23
101
108
33
118
68
105
39
79
62
155
0
112
18
26
0
34
12
94
46
185
92
141
195
42
194
25
118
157
97
49
134
73
133
92
173
63
42
73
30
110
122
173
154
21
35
30
167
176
19
142
118
106
0
100
191
89
168
133
155
142
26
0
70
99
72
174
159
64
10
48
45
198
199
27
31
196
106
38
144
104
199
36
54
101
105
141
166
10
129
63
157
28
21
186
181
98
122
184
170
93
56
91
32
139
97
188
0
129
124
51
163
117
29
43
114
142
57
91
26
139
80
51
56
192
156
146
47
112
120
70
75
164
199
118
115
65
43
100
98
63
46
106
0
5
184
192
13
10
29
124
105
103
162
133
127
57
28
54
57
90
158
90
102
191
173
93
123
147
81
167
183
188
0
91
131
59
68
165
60
29
65
82
174
106
130
130
111
144
169
72
126
44
182
26
134
170
36
171
58
15
192
182
134
0
21
110
96
35
78
176
154
114
121
178
94
184
148
189
76
36
40
77
82
43
190
9
16
146
80
0
22
120
83
86
37
154
155
117
47
153
54
0
173
150
161
79
123
146
0
34
113
71
43
129
0
33
162
131
47
194
169
112
82
66
142
105
158
30
128
62
52
184
74
150
143
68
85
55
106
37
160
61
179
157
118
143
199
195
141
53
25
167
14
101
114
97
86
38
62
136
48
131
49
130
0
129
92
152
64
60
128
12
82
187
62
171
119
140
16
158
147
193
0
68
62
83
99
41
110
54
104
147
127
114
147
166
36
17
169
168
112
35
144
126
126
167
197
109
97
76
121
101
0
158
0
158
35
156
71
158
171
127
50
156
168
52
0
44
61
138
114
85
104
184
126
15
192
189
109
86
80
195
36
139
10
126
118
105
146
46
139
61
144
123
133
22
121
0
71
92
11
9
43
150
187
86
190
75
61
98
49
186
111
37
167
69
171
108
46
32
78
171
100
120
42
193
192
94
180
33
73
66
179
57
167
196
198
67
34
0
184
153
117
0
140
197
21
160
102
62
36
184
165
199
129
0
76
162
61
167
185
0
144
74
152
73
0
52
0
57
77
93
134
150
88
110
153
40
186
102
130
88
59
44
130
56
42
53
66
148
8
190
84
0
17
32
55
12
146
110
165
176
0
186
170
197
27
61
155
130
66
101
33
172
40
144
137
32
47
127
49
26
39
143
112
167
46
24
186
160
41
112
104
18
108
74
8
83
146
24
126
63
162
128
87
72
39
0
101
84
145
55
84
136
172
108
98
0
196
87
128
109
172
89
19
166
147
57
53
59
58
50
94
91
12
170
184
63
178
139
187
16
26
102
0
179
91
132
133
127
104
135
179
63
191
44
50
115
44
60
149
25
135
23
135
185
166
41
49
102
112
121
48
0
40
140
79
150
170
9
142
80
133
45
167
187
13
134
8
22
43
141
162
162
180
149
109
70
99
120
110
96
131
0
182
31
70
67
40
125
123
167
22
58
119
101
168
172
19
99
99
147
117
105
178
64
126
85
108
190
135
74
33
65
25
51
34
34
136
38
100
116
90
35
113
113
50
100
99
106
0
86
38
102
156
53
41
146
184
86
144
165
158
157
89
109
123
175
176
141
90
66
194
192
125
137
42
73
10
32
0
110
189
28
60
42
30
123
114
25
167
178
52
14
149
172
159
72
144
8
68
156
24
100
163
76
70
76
119
29
22
0
62
30
194
88
26
100
118
193
9
123
55
53
174
86
94
75
89
31
114
168
42
83
94
38
53
133
161
25
90
98
162
75
69
100
190
118
125
152
48
68
0
75
139
148
16
129
39
62
91
29
14
182
147
0
145
38
100
101
52
163
177
36
122
193
165
164
150
60
15
186
88
153
139
173
176
66
39
91
43
97
152
135
183
140
75
31
140
190
66
178
0
143
102
151
119
137
75
112
110
67
13
117
122
99
21
189
98
172
16
64
182
120
148
192
42
38
151
61
67
148
30
115
0
56
150
198
85
16
179
134
121
146
35
71
131
173
182
72
43
0
117
27
180
127
123
52
195
185
52
51
34
123
105
73
82
11
29
135
32
24
73
0
140
74
69
130
110
169
145
129
108
67
123
113
193
74
34
47
29
153
48
12
133
118
185
42
63
131
151
49
0
167
102
101
75
162
55
83
190
85
19
76
163
87
70
22
10
21
69
21
13
153
21
189
16
51
66
152
111
149
120
137
182
103
18
183
41
59
141
117
65
132
23
30
104
8
57
38
65144