78
105
49
101
83
65
50
0
171
93
32
75
195
198
61
79
170
131
102
98
109
17
119
82
37
124
63
60
155
57
171
151
147
170
102
114
38
156
174
63
105
145
58
198
0
77
97
0
76
175
194
124
49
86
176
38
197
69
137
47
0
111
0
71
59
23
0
108
28
120
44
101
147
44
164
140
112
130
117
107
139
175
158
43
139
198
29
59
130
31
147
19
149
112
168
28
186
191
183
31
138
161
48
0
30
146
152
59
150
145
43
195
115
103
94
86
38
77
67
165
138
111
155
30
0
136
71
172
84
91
43
78
140
67
50
103
68
168
189
171
63
78
164
55
145
116
103
23
23
94
142
137
128
48
189
161
66
87
139
135
0
85
34
126
149
25
25
155
187
29
0
26
82
157
141
76
103
105
188
163
33
161
0
82
0
150
179
106
51
27
82
42
169
186
182
139
121
169
74
165
77
105
163
49
129
26
194
133
66
26
145
93
41
146
102
0
86
17
0
30
120
0
142
89
81
0
21
0
101
109
107
115
176
117
21
55
33
161
183
165
198
100
51
18
122
109
20
195
70
75
104
58
43
181
36
169
171
187
74
42
165
123
190
144
31
0
94
78
141
30
71
66
31
131
76
62
193
74
194
95
0
177
79
178
27
109
144
176
80
47
98
28
68
37
80
193
197
95
35
75
41
68
152
32
153
153
163
44
154
198
81
152
101
189
147
161
29
184
158
104
136
61
87
44
135
24
45
120
128
46
95
145
139
57
172
17
161
53
73
129
103
85
20
191
35
123
176
155
86
131
18
175
151
34
187
0
0
184
56
59
186
103
164
0
124
167
184
50
25
104
131
121
199
115
41
194
19
157
154
166
162
129
55
136
122
167
0
24
158
41
191
132
97
56
92
147
74
196
151
112
142
136
70
183
100
188
90
79
121
130
150
148
76
104
146
136
99
87
110
157
188
31
60
121
80
210
0
111
177
26
133
0
29
72
102
152
42
180
52
145
25
107
135
50
96
131
191
153
47
103
109
135
149
102
188
29
74
24
167
180
188
78
58
40
184
133
37
158
0
23
115
52
176
30
33
94
0
13
65
17
187
182
190
65
165
193
162
157
125
39
19
183
168
36
45
154
196
125
0
0
20
128
114
149
120
151
52
0
49
202
0
194
97
70
174
104
65
58
0
123
116
70
87
91
49
160
36
0
30
84
21
35
87
100
0
38
134
40
73
89
29
82
192
34
63
117
0
72
52
39
172
55
0
64
102
157
130
126
178
79
40
126
133
199
28
160
92
37
31
120
71
158
184
0
60
196
55
127
111
112
0
138
188
0
182
138
164
89
151
113
53
121
80
28
102
177
166
39
118
60
173
88
150
142
41
135
81
0
134
0
49
58
137
41
137
25
113
54
37
170
157
143
71
124
184
59
99
142
146
148
0
73
19
0
91
173
32
126
0
63
187
0
82
92
99
33
53
124
187
0
166
125
23
139
77
195
86
126
112
73
147
20
119
0
84
182
89
33
95
75
122
135
139
75
165
182
85
78
153
122
143
186
82
22
82
136
130
58
165
146
105
96
25
0
192
31
0
67
44
99
0
157
69
26
144
182
142
181
26
28
199
151
162
129
101
186
0
187
140
165
88
45
0
21
54
133
173
42
0
97
192
57
0
15
150
43
43
145
0
181
150
63
60
152
21
132
196
192
115
0
101
65
125
122
17
164
80
46
123
65
195
148
107
0
73
68
207
0
114
60
131
113
130
0
179
168
36
38
106
50
151
36
26
184
95
47
87
194
135
128
0
187
106
185
133
195
113
82
49
55
72
143
119
78
62
156
106
138
107
171
139
129
84
185
47
120
97
60
42
59
0
172
57
59
163
20
149
136
0
124
83
18
112
107
65
80
97
182
19
100
166
167
195
42
181
36
71
180
89
67
0
131
175
170
157
0
41
176
62
50
181
117
171
163
80
148
0
114
60
180
27
193
185
80
87
41
88
89
64
96
122
56
156
173
142
113
0
114
122
57
173
95
33
90
149
191
139
45
0
137
186
178
0
62
80
55
186
25
150
124
124
184
184
31
171
174
164
78
50
0
149
0
181
175
116
64
101
153
29
169
21
25
96
56
40
53
24
162
56
151
22
120
144
72
103
69
111
185
147
44
86
78
161
164
115
88
161
55
0
141
42
119
0
165
54
0
196
196
43
60
70
23
89
35
64
77
58
57
27
179
96
174
97
188
192
133
73
123
180
90
69
79
54
42
0
156
0
87
135
141
104
0
174
124
102
128
103
105
151
148
139
80
94
158
150
0
0
41
0
111
114
119
49
0
52
164
146
60
22
75
29
155
0
111
159
115
199
98
42
194
177
76
27
92
161
129
158
98
152
125
187
141
0
44
109
109
106
161
152
128
0
35
106
114
45
63
146
192
152
46
77
123
116
149
136
178
70
131
168
180
185
162
61
53
43
0
61
114
83
114
164
69
66
59
185
157
40
135
133
62
150
113
28
136
116
18
101
78
169
119
110
182
0
42
0
48
68
61
139
92
163
24
43
53
25
73
0
172
148
147
152
0
0
197
123
165
157
167
31
150
109
155
46
126
0
94
66
18
124
114
67
145
39
185
0
148
0
192
81
204
0
133
160
63
143
23
21
159
195
121
120
172
111
178
50
118
79
100
172
48
179
94
145
68
81
97
56
78
85
124
145
162
154
156
56
170
123
115
183
144
43
139
110
93
154
87
166
172
104
175
20
181
100
56
0
113
126
50
61
175
131
144
19
154
54
97
176
159
139
29
117
158
183
66
180
132
59
136
40
106
0
28
141
167
188
87
190
157
82
35
165
186
168
177
85
165
172
0
139
58
83
48
123
76
108
112
199
70
165
87
18
142
129
102
195
143
54
83
45
194
57
93
147
48
0
164
153
95
25
90
69
174
185
122
157
132
0
12
90
111
69
42
169
140
48
58
154
60
151
135
114
102
199
134
139
96
0
67
164
84
185
70
139
0
110
44
0
64
65
103
65
114
127
124
0
134
81
91
47
0
90
192
129
187
81
66
162
156
44
51
154
104
180
57
96
187
72
42
0
70
26
64
176
100
78
143
126
89
192
61
37
160
108
39
181
31
169
140
51
57
135
96
118
48
160
120
144
148
139
99
192
141
147
0
76
41
158
90
35
34
113
77
208
0
113
59
91
125
52
88
114
50
126
174
45
183
136
166
183
103
98
28
96
96
25
29
116
0
148
24
141
44
136
91
0
138
84
135
143
122
103
43
100
61
124
121
36
81
143
103
106
128
82
39
177
90
91
0
176
178
156
109
32
179
66
83
0
85
65
55
93
56
44
152
63
0
150
109
52
90
67
0
164
90
134
48
101
54
0
196
56
199
145
156
32
35
81
100
186
188
85
166
65
37
123
0
190
163
167
178
0
70
183
180
177
65
155
35
145
112
42
30
179
0
31
187
129
168
122
194
91
90
44
106
102
19
105
0
30
95
188
191
120
0
47
176
70
131
68
76
169
92
77
93
178
116
139
69
166
127
25
121
92
155
17
149
65
24
54
165
129
133
0
46
184
120
143
143
102
162
78
127
80
63
156
0
35
157
121
209
0
98
99
117
107
61
169
76
86
119
96
108
47
0
113
173
180
61
23
0
77
147
101
184
92
39
17
127
125
68
76
120
87
183
82
155
148
58
103
20
17
68
32
185
93
23
40
25
127
94
142
95
87
41
78
0
15
151
48
0
0
86
105
139
67
161
188
102
33
39
160
111
78
164
100
48
103
70
146
0
140
150
46
192
137
57
159
195
30
162
129
155
89
190
43
0
51
47
0
50
176
47
191
66
112
65
158
198
192
0
93
57
121
41
126
155
0
55
195
166
60
54
145
100
163
90
39
196
108
36
165
180
140
63
97
185
36
169
100
87
44
42
195
76
80
148
186
65
34
126
26
0
175
127
109
73
174
68
112
67
27
158
124
191
130
179
89
112
86
151
137
77
177
166
25
60
198
17
62
88
178
59
189
56
81
39
123
190
141
0
99
33
97
76
158
184
180
182
164
178
129
127
0
175
115
136
186
92
62
110
150
159
49
66
194
112
47
132
62
48
143
0
139
182
0
145
0
194
144
61
141
109
107
53
151
150
0
26
131
162
190
22
87
170
187
38
107
0
133
144
81
203
0
17
141
41
153
81
191
177
33
36
129
147
190
197
57
192
76
56
135
169
188
0
102
0
92
100
131
106
182
185
74
81
156
150
133
52
130
55
126
162
140
118
100
106
127
43
122
160
161
56
83
188
128
0
87
168
65
56
142
100
24
82
188
56
52
211
0
37
84
90
104
192
28
72
176
76
106
20
101
51
61
164
178
33
125
191
0
21
37
181
30
188
197
23
59
172
183
0
20
178
75
158
104
176
45
146
0
119
146
115
160
116
99
120
81
18
151
20
111
61
84
56
78
158
74
157
75
24
57
163
148
149
187
88
98
197
107
69
0
173
109
148
102
160
71
90
123
20
181
40
52
76
35
141
155
133
163
62
95
144
94
146
194
58
0
114
137
20
115
156
87
67
144
0
115
26
38
76
125
156
121
62
136
63
140
191
33
39
51
72
181
80
191
148
49
184
92
82
115
56
72
20
118
85
39
188
57
0
43
18
26
76
136
60
152
199
0
131
34
22
191
157
0
150
129
93
61
0
86
131
187
85
46
169
139
167
94
99
50
67
0
130
87
161
174
101
88
110
58
196
173
43
0
35
143
0
70
19
0
47
48
25
109
168
186
181
131
44
152
181
68
197
0
22
23
111
118
54
101
171
30
148
0
143
179
134
21
165
93
154
112
0
192
17
141
36
118
108
34
50
111
140
45
162
87
66
103
41
30
137
97
124
92
137
67
168
147
40
71
175
141
0
92
26
88
68
0
157
72
35
123
188
176
86
65
56
189
83
131
133
152
133
0
139
187
202
0
191
126
38
62
62
74
81
55
110
173
107
135
184
116
126
19
181
167
190
172
156
181
85
100
0
120
81
152
0
60
171
100
176
113
189
95
165
40
0
139
32
123
37
145
44
0
153
197
179
23
128
170
67
52
48
0
127
36
158
183
49
157
117
117
143
96
163
0
89
112
107
141
182
181
97
105
26
166
63
78
48
198
73
71
120
141
51
40
0
135
126
35
103
65
109
54
120
151
114
66
111
0
42
136
74
113
114
116
0
165
53
33
17
30
75
0
120
124
115
0
165
73
0
116
188
76
198
140
191
18
121
181
109
95
144
81
177
137
100
179
146
174
102
147
154
40
0
31
198
93
100
189
129
40
191
68
61
0
0
155
167
180
161
185
94
79
184
116
159
69
0
21
112
172
63
31
0
147
150
135
0
101
149
170
158
54
129
105
133
153
109
190
86
18
92
163
163
167
79
44
200
0
100
93
23
35
108
91
140
177
193
0
133
47
175
190
104
108
29
142
81
170
195
136
0
56
87
181
0
148
49
157
97
86
114
103
36
23
73
160
149
56
178
199
198
127
165
134
39
0
153
86
52
26
123
170
44
42
111
140
82
185
17
132
83
17
137
167
167
0
161
188
190
173
180
162
86
74
148
61
131
107
136
143
130
30
112
43
125
131
127
173
165
114
156
133
181
53
197
114
134
136
65
115
107
76
191
176
88
67
56
24
188
117
118
140
32
145
48
96
19
24
187
26
115
60
94
171
34
30
138
50
83
180
20
144
183
33
0
38
41
30
133
106
26
198
79
33
73
55
196
46
91
189
159
48
186
35
0
90
166
135
28
116
69
133
87
167
56
103
132
54
187
95
22
80
105
0
31
153
106
165
115
136
185
174
143
124
134
191
189
199
156
85
120
165
17
136
174
45
136
67
22
54
72
0
191
153
0
60
195
58
70
174
135
155
81
39
112
0
170
26
67
70
71
0
32
95
146
48
20
166
181
0
194
88
37
0
54
110
144
33
54
23
161
211
0
163
78
67
52
42
170
76
23
146
194
136
50
119
173
145
142
197
161
157
28
130
59
57
109
175
153
156
35
164
0
121
104
179
174
111
57
140
30
0
38
64
193
93
129
122
197
208
0
199
137
90
49
102
95
163
89
131
167
0
72
141
38
28
197
111
107
71
194
188
152
82
36
91
19
191
177
98
110
88
141
103
41
189
27
42
178
120
77
70
27
88
89
54
80
74
24
199
0
31
115
36
164
0
28
56
140
73
38
45
93
173
92
0
189
147
56
56
95
43
126
29
195
161
0
11
161
39
132
102
128
154
168
18
168
161
163
66
24
64
108
85
29
131
19
123
120
21
139
118
43
105
0
12
176
185
0
88
149
176
182
72
0
45
38
57
194
49
82
0
43
176
0
176
115
87
139
151
32
106
120
31
25
178
0
190
102
145
60
121
73
64
50
134
165
76
183
149
73
66
196
55
193
140
125
120
122
140
87
138
48
71
0
158
70
106
53
127
144
74
81
82
56
139
67
61
60
115
41
145
193
46
119
146
118
42
58
0
31
118
107
150
35
25
176
177
197
86
137
21
188
173
197
79
175
173
54
81
65
38
135
35
36
179
121
147
173
148
178
172
36
57
34
26
183
139
83
51
122
21
157
81
133
63
132
198
0
155
60
0
72
72
45
158
56
124
141
185
0
183
138
110
144
98
177
104
102
190
177
24
186
138
22
161
30
52
74
62
195
105
0
150
53
38
31
150
161
54
112
20
125
142
27
199
92
100
88
0
133
120
189
84
168
89
0
137
36
79
139
199
111
64
129
159
51
28
129
62
34
72
0
101
70
103
42
162
198
92
166
163
193
99
83
51
0
30
110
36
52
62
44
172
108
184
186
157
56
54
136
140
63
177
193
132
121
116
121
155
186
124
132
129
124
84
159
24
103
51
0
63
176
59
33
0
27
138
186
115
117
0
118
195
20
115
32
84
179
130
174
93
147
170
82
41
131
31
197
169
161
107
137
30
37
115
155
123
67
21
147
118
75
69
73
95
119
22
119
0
104
149
100
126
29
122
35
122
0
201
0
153
177
196
181
67
71
186
89
172
189
186
129
98
65
18
156
20
193
189
110
161
53
0
47
177
141
174
100
81
84
194
24
124
83
186
70
117
197
0
182
169
0
63
73
146
189
170
201
0
64
153
0
77
179
89
59
106
62
180
160
192
127
82
132
185
0
203
0
86
146
147
133
0
132
158
159
18
60
35
106
169
95
119
190
140
0
186
69
181
156
71
53
35
166
92
70
0
86
82
174
74
138
196
0
120
97
150
94
0
16
167
62
17
115
75
126
23
89
136
85
0
39
0
13
91
68
196
32
56
96
131
125
206
0
136
176
82
185
112
28
196
62
140
73
186
175
19
25
20
49
183
199
65
26
29
20
119
127
182
31
59
0
195
0
36
0
165
66
183
25
114
131
103
18
108
33
73
152
51
82
183
83
51
128
194
96
136
151
144
73
45
93
195
0
164
165
101
130
104
159
69
83
0
15
137
63
163
113
80
168
0
166
113
0
71
187
0
45
0
42
117
189
0
132
174
114
91
0
112
110
146
0
110
166
147
166
152
51
119
125
172
54
60
105
109
65
152
43
0
34
65
41
136
21
53
130
30
77
31
63
66
79
20
90
0
20
171
57
24
129
138
129
137
76
53
166
77
0
34
177
153
21
112
143
197
63
78
129
49
179
80
109
103
29
0
129
62
97
122
87
148
100
97
73
155
110
167
146
162
138
105
135
196
0
25
0
57
145
108
55
28
175
43
188
156
107
0
106
91
113
44
138
129
25
144
66
71
80
44
97
187
0
136
194
72
0
46
66
55
175
149
159
177
141
124
205
0
193
195
179
109
41
101
47
154
141
131
23
135
39
200
0
148
135
148
132
0
42
0
23
164
53
27
86
125
162
103
36
117
160
0
39
183
109
178
153
124
66
189
19
144
167
108
70
30
166
121
110
186
103
144
128
0
79
75
94
125
103
0
0
81
195
126
138
189
152
166
149
199
0
107
156
47
162
167
202
0
120
51
121
27
129
21
52
170
64
176
181
83
142
37
182
133
30
96
32
18
150
29
175
65
154
73
117
142
127
150
86
37
120
110
88
118
104
112
156
35
142
143
197
173
166
144
28
131
185
44
62
28
195
108
99
180
69
67
163
163
103
133
190
27
60
173
24
88
81
139
176
173
0
69
44
101
188
84
139
58
106
64
166
150
132
62
140
136
146
93
96
32
64
48
81
195
190
77
190
123
39
68
148
35
172
145
0
57
189
127
30
172
91
158
158
36
45
183
54
120
197
138
42
115
189
189
0
116
0
186
165
21
103
103
131
124
190
104
124
75
156
117
187
109
90
106
145
186
44
0
135
49
137
135
107
46
147
115
190
175
56
128
33
24
180
166
25
30
99
39
174
177
22
144
163
130
185
26
163
92
140
175
73
167
44
0
145
87
184
0
65
59
167
168
0
145
27
159
116
88
0
99
85
69
21
51
0
15
45
192
104
158
51
110
161
125
192
57
175
128
144
80
87
0
29
45
32
93
198
117
198
115
25
193
63
125
56
170
83
167
162
113
112
0
113
28
186
151
35
157
114
159
55
149
146
172
134
29
187
110
193
0
27
78
161
93
95
84
73
120
26
142
100
21
0
74
162
62
57
154
151
145
20
39
191
166
152
193
198
86
28
42
134
169
17
130
158
99
17
165
92
53
85
105
95
140
34
172
27
87
50
74
89
81
83
123
138
39
102
19
81
76
61
196
146
103
42
22
83
54
71
0
129
0
53
0
190
22
156
62
135
99
168
58
189
185
145
17
63
36
101
127
122
162
20
39
28
74
50
20
75
155
83
130
81
177
42
106
199
58
189
159
0
62
0
87
23
45
148
156
71
50
156
137
95
77
68
33
71
127
79
192
100
70
163
156
163
25
83
152
141
61
137
154
58
85
53
36
195
136
135
176
168
20
185
0
131
113
153
69
63
137
171
71
176
59
102
178
176
166
65
76
0
131
48
0
32
75
53
126
197
47
102
113
126
143
173
116
177
186
0
126
41
44
162
77
20
22
183
55
43
70
56
90
31
111
195
143
178
196
42
136
65
174
22
186
84
21
151
22
113
0
131
178
72
46
0
109
29
34
66
176
0
165
73
0
139
55
0
165
68
133
88
167
98
177
65
17
74
0
153
38
126
26
48
156
0
166
56
0
45
44
75
102
61
149
191
82
108
157
185
163
0
96
141
126
142
99
197
81
49
0
180
143
126
73
130
104
62
157
23
108
41
56
70
168
171
172
96
81
142
78
33
30
76
127
0
130
63
50
52
134
168
131
55
69
176
165
54
0
93
53
133
132
172
129
39
17
152
93
49
184
82
0
60
48
20
186
92
0
147
144
60
84
143
91
196
174
177
65
133
149
90
62
0
54
92
112
0
85
135
109
127
130
157
40
46
166
115
144
147
63
132
162
184
87
75
195
136
35
156
75
86
39
104
113
125
103
108
174
44
192
157
83
0
92
59
0
67
21
197
121
70
145
183
19
61
179
47
63
46
58
151
149
172
91
73
0
174
42
72
177
24
102
29
111
17
146
175
37
120
103
183
193
75
63
192
145
117
148
76
0
43
39
189
180
44
101
49
75
91
108
187
138
138
59
51
193
85
103
66
144
177
0
164
172
109
157
99
182
62
166
121
101
27
141
145
163
89
17
131
197
191
160
83
28
78
51
92
25
125
79
158
110
126
144
104
63
73
144
116
191
186
190
175
30
25
145
97
104
119
51
135
169
72
107
162
125
33
18
187
20
102
23
54
106
40
143
184
21
106
84
71
119
111
158
113
0
130
86
0
77
50
23
80
83
183
165
0
39
45
116
37
189
44
27
47
25
57
89
112
122
109
132
31
188
112
99
95
114
50
154
0
127
126
49
26
77
131
188
48
71
152
22
165
41
187
54
182
85
0
55
0
99
46
181
74
32
82
153
58
188
188
182
121
58
127
69
146
45
126
90
159
193
180
26
199
82
94
157
29
0
145
74
85
171
161
106
138
0
167
44
33
54
94
104
148
122
170
159
52
78
197
143
38
96
87
37
144
126
194
131
105
40
0
129
106
102
73
127
165
108
0
17
80
69
41
43
78
98
97
196
115
116
139
111
25
33
196
163
131
97
175
0
174
114
197
68
71
56
123
66
41
0
54
122
156
35
180
100
163
186
0
38
43
28
45
109
188
0
24
57
173
29
107
174
128
51
158
174
32
62
58
107
0
127
32
124
81
167
64
119
39
62
40
18
24
65
119
53
74
206
0
89
121
56
121
45
0
87
142
77
55
62
0
52
32
142
106
0
169
162
155
0
85
0
103
164
55
196
0
116
73
168
161
129
148
101
24
111
74
162
194
52
59
132
170
92
34
61
20
20
147
164
0
72
123
84
125
0
92
186
58
22
156
0
30
19
121
65
75
199
147
111
92
183
93
147
50
184
121
32
166
58
0
49
0
39
147
205
0
195
34
154
0
118
102
102
74
93
60
190
175
198
112
123
97
74
27
127
0
109
155
91
49
128
22
110
63
32
112
0
140
111
141
153
115
113
68
158
96
33
82
50
183
185
71
138
110
170
0
56
152
62
147
121
47
108
25
19
165
126
157
115
39
178
169
92
127
146
154
96
0
141
174
112
144
20
74
0
78
135
73
46
118
184
189
127
134
144
195
28
94
158
127
186
184
110
147
69
51
142
197
91
51
27
60
37
174
106
118
161
53
146
154
26
29
175
76
169
177
170
152
0
46
131
152
0
146
33
175
143
82
168
104
0
167
30
0
0
12
87
175
40
95
181
61
34
65
134
209
0
140
172
90
98
48
80
0
154
178
69
96
158
177
85
116
128
78
81
80
113
127
160
161
74
56
28
32
73
184
177
69
32
51
196
134
120
73
94
84
35
50
136
122
94
124
80
162
45
67
145
78
0
108
0
144
19
125
59
191
124
36
93
190
197
163
85
187
90
84
20
137
164
35
0
50
140
118
102
191
0
22
0
110
78
147
69
0
31
0
39
85
118
73
22
198
199
142
162
19
44
55
127
120
35
102
167
147
139
156
136
0
152
111
125
125
62
181
112
197
113
151
162
70
75
172
0
183
143
154
137
37
147
172
148
127
18
90
147
129
143
26
145
185
0
46
122
62
44
66
0
18
127
109
177
87
143
154
69
158
180
162
141
92
0
31
79
193
55
31
38
57
173
195
134
17
98
131
86
45
173
0
46
53
51
126
112
131
95
87
0
135
160
178
162
0
53
109
51
65
140
41
179
62
55
76
46
66
80
107
45
23
43
116
57
64
80
0
17
0
102
169
134
61
32
142
20
99
128
106
116
45
149
181
101
61
171
25
29
59
115
65
91
135
188
55
26
33
111
34
166
133
48
131
185
22
88
122
70
38
0
154
39
127
168
109
186
142
0
157
118
128
0
73
27
41
115
176
0
186
176
28
46
179
162
38
121
21
76
179
166
77
64
168
56
76
95
95
115
0
167
29
62
174
20
87
187
66
165
105
100
128
135
114
189
109
103
55
110
0
120
171
87
101
156
56
186
32
119
149
82
121
151
140
0
70
112
159
118
142
37
134
141
31
57
63
184
190
75
98
62
68
71
40
85
137
48
112
66
63
65
0
93
78
145
40
31
0
99
53
192
80
47
116
37
19
89
55
124
83
122
123
147
180
142
37
92
69
193
122
35
165
50
178
57
143
79
91
147
36
128
142
141
124
80
63
56
160
45
62
27
127
105
34
0
58
81
174
40
22
74
163
185
78
36
193
44
115
143
33
29
121
174
0
97
150
106
155
155
138
192
0
200
0
75
37
152
114
106
0
37
71
24
62
74
110
143
77
0
195
68
63
145
41
59
0
120
147
27
19
121
117
148
40
0
181
20
23
39
129
74
197
47
181
101
32
143
137
151
169
140
29
35
0
44
138
0
68
182
127
111
20
39
108
0
15
105
135
56
38
94
176
72
42
138
19
135
44
0
154
96
98
121
76
110
43
25
54
171
189
88
21
192
114
185
77
191
59
0
80
188
23
106
62
146
36
74
86
42
24
147
47
101
61
68
53
147
128
149
171
92
29
144
121
108
152
194
122
116
153
152
45
27
69
111
150
36
118
180
25
136
87
162
74
28
133
57
171
157
112
0
105
0
0
27
69
0
179
199
32
20
56
44
66
113
21
96
124
113
76
50
40
47
51
142
72
191
159
44
83
64
133
59
0
25
182
141
76
171
142
139
68
155
32
0
97
107
67
193
131
70
98
129
66
0
35
35
45
51
45
26
32
113
61
168
135
179
167
170
172
61
167
114
0
37
89
79
144
84
35
144
105
199
84
37
68
21
129
158
118
107
140
21
46
27
73
46
59
172
167
87
178
50
151
178
177
70
141
191
59
88
56
198
120
56
183
171
120
189
105
170
189
45
161
138
165
0
45
54
51
86
121
198
146
141
149
60
123
17
168
194
197
162
0
42
134
157
93
181
49
181
57
156
62
51
47
61
82
0
12
21
155
158
194
180
44
0
155
79
178
187
21
152
0
50
195
109
53
81
36
0
44
0
147
184
143
58
170
154
42
204
0
143
110
96
108
174
122
79
94
196
42
168
35
182
199
32
49
62
42
34
31
193
32
85
196
0
171
94
70
182
86
48
149
143
186
55
21
118
57
21
137
80
0
172
97
0
55
63
0
70
153
74
162
82
159
110
31
115
110
162
191
123
31
196
0
169
81
136
0
169
148
0
81
147
116
186
18
82
111
90
58
44
198
109
138
129
145
191
176
68
99
84
154
46
154
26
109
35
0
168
104
196
155
42
0
19
174
127
109
45
170
190
157
178
45
193
177
168
84
132
45
29
32
62
161
188
58
197
154
46
156
153
19
169
78
125
64
199
146
119
110
61
69
0
50
44
153
48
29
157
180
138
32
52
127
21
106
51
0
50
147
88
63
128
156
158
63
148
78
98
194
49
0
13
146
120
52
191
32
183
72
74
131
68
110
189
173
140
64
119
0
19
84
189
46
24
112
73
0
90
113
89
67
64
87
113
199
93
65
199
149
50
120
141
32
134
59
155
198
97
71
112
91
46
64
72
125
118
113
116
53
97
188
0
145
48
182
29
80
22
42
39
139
85
72
80
148
180
114
187
78
89
0
45
153
94
84
22
144
27
0
110
89
127
36
170
144
107
69
117
102
0
46
43
136
35
133
49
165
171
56
160
177
96
25
105
112
0
92
170
163
92
71
70
76
48
189
163
76
69
30
93
60
162
191
64
102
179
0
146
0
46
145
138
0
115
59
54
181
174
107
137
74
124
50
154
137
142
162
81
0
178
23
169
174
173
107
0
162
172
186
113
108
33
112
140
160
50
167
74
25
0
84
0
129
161
77
157
132
111
37
0
75
197
26
125
141
147
162
108
53
0
74
57
123
49
146
33
76
75
32
144
158
75
57
54
91
193
113
187
18
39
131
101
29
180
93
157
34
96
63
0
108
123
167
198
117
137
130
69
50
24
34
115
91
186
87
61
163
0
43
199
135
96
126
189
69
137
163
150
115
33
163
114
58
96
52
164
64
197
29
74
144
38
169
193
174
182
125
170
0
84
56
71
181
24
54
24
53
0
25
18
53
0
92
165
54
18
117
150
80
57
127
196
56
193
185
157
60
0
183
69
90
25
115
22
186
82
39
99
187
143
17
102
112
44
197
0
12
66
201
0
80
90
60
40
96
36
191
138
74
77
80
127
196
167
47
176
106
90
124
137
105
48
65
46
90
0
188
67
143
63
68
199
0
155
47
42
138
196
77
182
61
121
37
24
166
126
0
81
96
45
66
103
68
177
75
151
55
0
186
148
141
60
122
173
113
160
85
85
107
117
145
124
109
178
138
67
84
105
85
0
203
0
0
136
112
188
77
163
104
42
50
18
72
180
147
164
34
174
121
38
175
51
70
96
106
0
138
95
0
149
27
152
63
17
128
193
62
0
130
23
73
74
112
24
189
132
37
124
43
72
144
96
74
122
96
142
141
140
91
0
196
50
129
46
154
0
120
198
139
130
110
160
90
186
95
83
129
64
99
105
89
138
62
47
0
21
139
34
109
164
182
65
0
37
180
155
0
30
41
74
154
77
30
96
103
173
92
150
38
59
42
158
0
128
86
121
29
154
164
24
106
162
193
105
19
154
18
83
18
142
0
137
106
187
76
140
42
47
114
54
97
27
164
178
58
23
157
87
28
119
0
187
99
0
152
140
105
133
94
82
186
196
196
128
54
128
94
153
98
92
55
127
102
113
0
174
151
0
87
136
59
180
36
71
0
174
158
131
50
34
196
108
45
135
38
107
52
184
63
137
104
81
137
0
193
189
172
0
181
37
176
125
116
171
164
93
135
0
199
0
88
0
121
189
110
188
66
125
38
166
147
154
106
137
0
98
22
0
100
186
189
63
0
149
45
82
129
92
111
112
18
143
121
0
119
169
154
111
57
26
90
111
78
127
187
136
53
28
80
198
119
73
161
116
92
114
128
182
87
88
35
44
24
69
198
170
132
85
132
132
73
0
82
95
52
155
64
27
32
102
133
77
66
73
182
128
57
160
58
179
131
142
77
126
101
157
191
190
29
0
112
176
71
0
67
154
177
76
145
0
20
101
71
191
106
54
167
124
116
20
63
165
47
18
112
17
62
140
0
175
79
144
179
22
77
72
109
0
18
68
84
58
159
133
196
32
185
173
0
141
73
169
59
159
33
104
57
41
150
21
165
43
190
80
81
122
143
196
40
24
154
81
83
46
146
129
142
142
189
144
46
174
46
44
146
46
76
23
0
83
170
69
122
84
108
80
196
185
83
183
76
99
69
46
189
78
92
150
26
196
121
116
125
115
141
73
136
62
199
0
171
138
126
72
24
0
53
0
66
86
18
190
161
105
127
191
108
0
55
79
188
197
17
22
111
49
122
59
177
163
20
0
108
162
165
73
139
159
145
156
31
165
115
188
66
178
0
15
164
168
176
57
48
150
153
0
35
98
51
142
121
0
163
117
90
127
68
181
111
121
0
168
118
194
80
158
77
61
68
0
178
0
162
24
18
154
125
0
190
0
146
56
155
179
50
121
34
142
111
191
164
170
94
131
59
122
126
195
0
131
40
193
185
38
64
0
118
127
114
192
53
0
115
146
52
70
143
104
159
114
114
91
100
179
46
125
0
64
144
124
45
60
167
162
0
174
0
186
0
111
50
54
23
97
123
18
199
0
53
148
54
39
0
39
36
35
140
23
193
40
51
145
146
140
176
195
131
146
147
190
188
167
83
196
187
172
118
164
76
87
0
11
146
58
133
188
80
181
45
145
0
174
83
25
56
111
73
117
0
152
148
62
109
139
0
64
149
183
0
187
170
84
172
95
79
198
151
53
0
188
75
104
168
191
156
112
147
144
46
173
91
106
163
120
0
79
149
76
189
0
208
0
15
146
93
62
146
39
184
107
0
101
156
162
121
30
49
171
71
148
41
142
120
147
91
37
106
87
28
0
124
166
137
0
183
45
95
26
111
25
132
53
68
156
27
44
41
32
126
126
135
0
199
191
104
92
0
0
141
174
183
169
59
122
133
161
0
0
120
0
56
161
113
116
128
77
99
33
83
63
105
76
79
0
85
172
184
172
57
22
23
0
149
176
124
0
185
80
104
18
40
117
171
82
172
0
67
195
107
52
196
129
140
114
49
73
62
161
39
0
78
83
0
100
131
193
185
191
0
71
131
0
77
100
52
184
184
36
59
147
44
155
199
81
171
179
177
128
94
146
46
161
109
56
75
74
125
55
96
0
53
107
116
109
0
168
102
0
76
35
58
145
19
169
64
140
84
155
157
38
73
19
52
67
114
145
110
0
103
38
32
189
61
193
63
104
17
31
181
156
167
21
86
169
133
114
76
77
73
48
155
111
19
177
162
196
80
173
38
139
61
97
181
195
76
92
100
92
94
180
207
0
117
22
17
190
125
89
166
120
190
67
149
191
168
198
163
176
148
195
137
109
145
0
162
108
22
129
152
65
104
51
28
174
124
89
40
22
94
44
60
0
169
147
176
145
21
111
179
124
58
62
0
10
133
192
115
94
158
164
39
18
20
98
0
26
166
170
191
35
135
142
142
109
196
34
128
74
93
80
23
43
157
23
28
0
184
115
125
69
0
24
182
140
45
86
72
180
183
62
58
58
105
78
0
198
19
100
154
22
25
0
18
49
200
0
181
41
151
59
179
123
186
34
87
59
135
113
0
184
76
177
45
46
49
127
175
123
92
78
96
89
53
83
96
130
181
116
0
42
22
124
193
118
38
125
119
162
110
154
82
63
0
0
68
85
164
166
157
117
193
81
0
159
79
52
62
43
129
121
103
159
161
138
76
49
73
101
33
47
150
46
0
130
130
82
163
153
164
116
105
176
0
56
34
27
67
54
47
183
123
21
57
92
76
57
143
120
22
0
11
172
132
78
98
41
154
40
69
79
135
125
189
0
160
193
39
186
38
139
80
106
198
38
129
196
201
0
79
80
91
103
0
46
170
115
134
105
110
149
128
59
96
77
110
170
35
161
177
64
77
73
68
176
63
40
187
140
115
106
103
140
169
68
0
169
118
66
54
0
137
156
150
152
195
168
134
30
123
76
123
33
53
0
40
46
186
150
59
144
167
76
164
136
191
25
0
152
139
143
34
70
73
114
61
116
165
195
60
134
0
39
162
56
180
116
183
23
163
84
121
0
187
24
113
25
103
104
119
0
53
120
0
90
177
0
199
89
104
120
181
152
184
179
0
0
156
105
197
71
77
119
117
107
163
32
146
41
165
158
0
54
128
187
19
151
42
65
161
124
46
0
68
156
0
68
176
163
71
39
130
0
61
155
30
83
195
57
60
158
119
197
39
131
0
100
0
50
116
154
183
32
173
147
200
0
0
54
150
79
42
72
192
142
198
27
54
190
119
71
194
36
193
0
65
110
106
103
195
54
66
50
173
67
127
138
165
170
107
199
185
17
143
122
61
36
61
148
0
0
148
119
109
0
113
0
66
137
129
190
0
176
183
117
191
55
163
75
135
167
178
139
197
167
36
97
0
143
0
137
209
0
0
67
43
135
115
60
30
34
171
0
32
26
129
86
161
89
190
155
80
151
58
118
0
175
0
70
120
90
45
135
56
134
29
184
159
133
175
90
129
131
29
83
36
170
105
145
203
0
130
159
139
52
55
200
0
90
147
151
95
130
21
169
183
64
205
0
78
172
30
0
14
48
91
184
26
187
182
195
84
63
181
161
192
0
157
31
63
95
157
25
17
134
131
124
120
186
63
198
63
167
39
194
67
127
87
103
150
122
114
120
141
194
55
0
120
43
119
74
30
48
94
0
107
88
26
58
0
136
81
142
67
170
175
0
66
90
107
53
130
129
138
138
0
131
60
43
74
139
105
100
19
199
200
0
160
118
119
19
192
79
0
96
136
113
136
0
17
166
45
68
29
126
153
121
124
150
105
18
47
98
153
186
160
185
158
0
92
19
198
0
86
119
192
110
130
120
55
160
50
39
184
113
176
173
172
149
105
67
0
193
42
164
185
79
178
98
118
17
20
148
130
117
135
56
77
174
155
188
103
35
171
105
71
121
185
80
119
20
138
113
106
66
48
115
198
182
0
181
84
79
67
91
0
102
174
85
63
67
98
33
173
99
150
0
49
110
52
29
189
153
91
106
117
115
60
117
147
49
86
120
29
141
190
202
0
16
182
57
57
152
192
145
166
37
0
95
213
0
116
167
116
0
104
108
155
47
74
162
0
157
167
93
93
183
120
136
113
47
156
18
192
115
147
26
78
197
77
83
110
123
29
35
53
39
141
124
126
17
143
95
56
72
45
41
176
177
173
78
60
54
21
138
174
111
38
0
57
173
89
0
51
91
171
195
174
32
174
93
164
175
78
72
159
0
75
0
155
23
66
156
0
9
155
134
128
71
51
0
98
132
23
113
0
16
33
0
42
0
158
77
17
180
179
50
0
126
116
0
145
47
0
139
155
190
171
66
107
128
0
197
102
60
77
116
75
56
153
53
0
137
19
150
111
83
155
100
196
40
68
197
22
159
74
50
31
166
169
89
106
96
27
63
112
113
102
147
55
54
168
77
136
185
167
181
91
82
34
176
97
42
93
36
142
89
101
69
145
167
161
177
137
176
72
181
30
192
77
187
176
29
188
179
112
68
168
38
82
92
194
81
131
111
168
51
0
95
48
79
100
21
47
188
164
20
26
116
97
52
32
31
147
179
58
138
68
174
164
0
151
101
194
85
74
0
87
151
181
0
197
209
0
185
0
135
199
26
164
63
104
18
41
117
138
147
101
174
63
66
116
172
29
25
187
56
97
0
135
170
153
48
131
25
176
78
140
157
95
61
138
57
139
0
181
55
68
0
113
100
166
140
32
90
114
100
59
36
29
100
69
140
94
37
0
17
0
153
172
187
0
97
105
190
0
99
144
66
33
40
171
111
157
162
184
50
178
90
165
151
58
31
35
177
194
160
99
88
194
178
0
126
90
114
52
72
27
118
30
138
0
46
79
66
0
157
0
168
119
111
198
196
127
82
62
141
105
151
23
98
25
34
128
168
118
148
71
132
36
50
131
115
52
62
79
109
41
115
156
151
159
183
185
88
49
169
46
0
175
97
114
140
83
103
166
182
70
99
39
88
148
44
155
136
57
124
73
159
54
0
56
125
84
94
41
0
156
23
74
129
192
179
0
33
138
52
133
187
0
59
79
48
95
119
40
0
155
84
137
159
147
39
111
36
92
96
127
90
83
104
132
81
169
138
118
37
82
134
122
77
51
184
84
105
72
119
68
185
201
0
82
89
156
29
31
184
122
153
137
120
35
41
59
56
188
0
83
0
176
33
65
142
88
126
81
54
187
162
28
133
176
50
152
39
141
93
42
175
194
51
0
60
47
190
98
193
63
139
123
0
80
72
70
51
0
137
51
115
192
0
112
46
121
144
80
39
81
68
69
147
80
160
41
75
189
170
23
98
77
21
73
0
134
127
92
0
73
110
133
85
179
99
130
191
33
112
45
149
29
114
0
177
103
0
191
72
31
169
81
0
138
60
127
166
69
83
161
168
182
47
187
199
31
66
135
69
57
166
92
27
140
73
0
117
80
195
83
160
73
136
118
31
195
43
166
43
90
160
136
185
43
123
0
197
197
106
187
100
126
190
184
119
35
64
135
187
184
84
58
77
104
20
0
92
130
197
140
23
0
89
209
0
77
136
125
131
42
176
67
119
189
44
149
60
94
161
129
0
23
107
158
77
136
109
25
199
181
176
173
162
0
83
131
193
118
0
0
14
186
152
145
92
168
36
190
0
185
100
121
36
403252