183
172
144
169
0
152
253
0
0
72
156
0
117
0
164
71
105
0
198
0
204
0
0
157
143
192
0
85
137
0
177
0
220
0
214
0
0
0
0
73
73
166
167
216
0
151
121
0
128
103
78
103
150
143
0
0
216
0
133
184
0
154
0
142
189
0
0
168
124
0
144
141
93
89
169
0
148
0
189
0
178
109
113
177
124
118
172
186
191
225
0
0
0
189
141
106
99
156
0
87
142
156
84
107
170
0
179
179
0
140
176
0
195
114
116
178
196
0
157
178
120
300
0
0
0
187
224
0
0
160
260
0
177
94
123
177
118
94
94
159
165
415
0
0
0
0
0
287
0
0
89
91
75
111
258
0
0
181
0
319
0
0
0
0
125
188
0
206
0
193
79
128
0
112
199
73
196
161
0
0
239
0
0
226
0
0
0
188
166
88
136
197
0
0
176
118
85
0
157
0
91
145
178
180
235
0
154
155
195
0
126
0
290
0
0
212
0
0
169
179
0
167
420
0
0
0
0
0
0
176
0
195
0
145
110
0
166
75
116
131
0
106
205
0
0
180
116
154
141
185
158
118
101
123
92
196
142
0
0
257
0
281
0
0
0
128
93
0
110
94
160
231
0
0
0
193
103
197
135
98
0
101
136
186
0
180
0
160
103
122
243
0
0
185
85
122
148
143
183
173
188
0
195
135
0
167
167
0
248
0
153
168
184
229
0
94
177
240
0
181
82
271
0
0
79
174
128
179
0
165
0
120
224
0
96
116
181
0
103
129
165
0
0
137
0
98
159
196
0
276
0
0
0
0
0
165
0
194
89
147
101
121
179
92
102
84
130
0
93
173
134
0
77
177
0
0
134
92
217
0
208
0
156
86
184
203
0
167
178
0
0
168
164
202
0
102
108
86
107
217
0
133
134
138
0
199
164
253
0
0
190
160
0
178
185
0
0
222
0
0
76
126
139
120
112
135
88
185
106
99
120
98
166
0
115
88
194
168
0
110
183
185
207
0
192
252
0
79
109
121
227
0
188
0
157
151
221
0
99
194
355
0
0
0
0
124
138
170
0
100
258
0
0
0
110
130
124
73
159
0
107
154
166
0
0
97
0
144
119
146
164
164
99
292
0
0
0
0
184
77
150
0
156
188
0
0
155
204
0
83
140
135
172
0
187
101
152
110
164
129
99
0
88
163
198
182
0
162
176
107
167
0
174
0
293
0
0
119
109
198
329
0
0
0
115
104
126
0
319
0
0
0
0
0
129
172
178
0
0
96
133
114
130
99
159
172
0
119
0
144
126
0
116
183
155
236
0
110
132
0
155
0
162
143
160
0
124
138
81
0
199
157
0
147
170
0
152
0
83
92
146
204
0
87
85
327
0
0
122
199
184
218
0
194
243
0
228
0
0
0
123
0
113
0
168
178
131
0
199
166
0
232
0
165
0
117
0
162
235
0
135
100
0
175
0
102
213
0
0
0
161
151
257
0
73
111
103
131
182
100
181
0
292
0
0
0
133
120
0
0
98
121
0
95
124
162
0
112
90
184
78
135
171
194
0
79
187
215
0
165
0
92
72
253
0
0
0
0
216
0
0
124
112
197
142
0
78
87
256
0
278
0
0
0
0
193
171
151
0
146
0
0
178
190
108
98
126
139
212
0
133
126
0
173
139
124
0
259
0
257
0
0
0
151
177
117
0
102
114
0
199
0
85
141
0
111
194
137
380
0
0
0
0
0
140
163
0
179
0
0
0
236
0
0
0
0
162
117
203
0
0
202
0
75
171
190
122
190
0
0
96
179
0
0
187
0
157
146
0
110
202
0
291
0
0
125
195
201
0
127
109
93
189
190
0
159
204
0
151
0
126
177
202
0
178
78
87
114
124
0
173
130
177
194
0
0
159
181
94
195
126
134
0
126
182
0
0
88
187
193
119
136
195
138
0
165
0
0
125
93
92
131
82
227
0
0
73
130
0
108
240
0
185
102
187
0
149
109
0
88
174
193
122
146
163
83
188
0
239
0
0
265
0
0
215
0
168
197
188
0
175
128
0
152
0
171
86
177
0
184
0
109
75
116
159
296
0
0
0
132
143
220
0
75
210
0
0
122
151
148
190
100
321
0
0
0
0
168
0
99
184
0
195
0
0
0
166
0
151
0
216
0
155
164
136
93
146
77
112
0
166
107
178
0
104
212
0
167
151
122
0
0
186
197
160
105
253
0
0
112
290
0
0
0
115
186
174
213
0
0
162
144
0
79
210
0
103
96
85
71
104
0
192
0
196
0
110
177
196
80
147
124
143
160
0
109
113
115
164
75
151
96
161
150
0
74
198
253
0
0
164
0
109
196
0
89
91
194
0
101
168
99
167
0
158
87
88
199
130
154
175
111
130
235
0
108
82
146
123
126
197
102
109
160
97
201
0
0
156
0
103
161
114
101
189
0
71
119
0
142
143
0
159
0
0
122
186
175
138
0
277
0
0
0
0
166
0
161
0
0
234
0
0
0
173
184
176
0
377
0
0
0
0
0
298
0
0
103
122
155
0
158
108
167
0
175
74
189
239
0
219
0
0
0
145
0
0
154
0
0
137
165
219
0
0
197
86
184
137
0
148
183
0
114
120
206
0
0
138
201
0
192
0
0
180
103
0
76
218
0
0
139
97
169
0
98
0
129
160
169
175
86
74
241
0
0
129
213
0
177
0
227
0
0
118
155
169
71
151
96
106
80
160
161
0
0
78
183
0
137
138
0
107
0
120
198
0
107
188
104
215
0
0
114
72
206
0
0
0
187
131
140
0
196
219
0
0
0
159
182
178
252
0
0
204
0
0
211
0
0
0
198
0
0
0
122
84
204
0
137
230
0
0
0
101
150
159
0
0
290
0
0
0
170
0
222
0
0
0
0
232
0
0
257
0
252
0
0
0
0
271
0
0
0
205
0
204
0
0
219
0
196
146
0
198
207
0
0
228
0
0
0
196
94
149
0
156
162
193
161
227
0
186
120
0
71
127
108
0
157
210
0
0
98
197
194
0
95
210
0
147
0
135
0
176
205
0
0
118
137
0
145
181
0
0
157
147
112
0
189
0
220
0
0
0
210
0
141
196
223
0
160
0
108
125
309
0
0
0
207
0
188
0
156
190
147
81
78
84
83
0
131
0
149
154
199
121
147
0
153
119
0
0
189
116
77
171
114
0
162
118
198
0
113
74
149
0
171
149
167
0
199
170
166
161
149
0
0
195
306
0
0
0
254
0
0
167
126
189
134
0
214
0
0
126
115
187
119
0
172
103
165
130
145
0
152
112
77
118
84
111
104
0
0
191
152
144
214
0
134
260
0
151
101
114
119
185
166
0
153
0
122
195
139
135
147
0
128
0
179
190
72
107
0
194
163
187
0
190
90
168
0
159
108
119
140
0
224
0
0
102
110
188
113
134
239
0
157
0
0
118
0
190
114
103
135
174
281
0
0
0
167
0
102
151
102
80
0
161
105
76
74
159
204
0
77
98
142
136
117
185
80
220
0
0
167
181
0
300
0
0
134
136
136
121
198
169
0
160
116
135
175
132
167
119
116
80
163
173
0
0
166
97
139
118
72
244
0
184
142
222
0
80
228
0
0
148
188
0
136
241
0
210
0
184
135
79
173
0
173
169
191
214
0
195
0
0
134
126
172
0
95
0
183
95
176
141
0
134
188
137
0
113
85
129
103
202
0
133
201
0
0
0
84
154
83
124
0
158
0
208
0
0
187
0
146
124
144
129
108
132
129
187
137
175
97
0
186
182
187
0
151
160
0
197
0
147
78
234
0
84
152
139
0
111
239
0
191
133
87
172
167
0
0
0
0
105
109
0
105
257
0
0
0
130
190
0
145
141
110
187
115
121
273
0
0
0
302
0
0
0
0
0
173
0
0
169
74
187
140
0
125
0
72
73
118
249
0
118
138
225
0
0
300
0
0
134
175
202
0
79
208
0
0
0
155
88
171
206
0
72
218
0
159
0
97
173
203
0
76
185
200
0
0
115
148
0
120
198
207
0
123
201
0
157
0
125
153
241
0
0
131
190
0
122
165
0
119
0
106
0
169
243
0
0
154
177
97
179
0
0
133
168
99
148
81
181
0
0
191
132
254
0
178
143
180
0
162
148
0
256
0
95
285
0
0
145
0
149
162
128
92
171
139
160
140
0
187
0
238
0
0
0
0
138
107
220
0
0
163
117
83
124
143
0
140
359
0
0
0
0
206
0
211
0
188
102
186
103
222
0
103
411
0
0
0
0
0
0
269
0
0
0
0
166
145
180
0
199
116
75
191
98
189
320
0
0
0
0
109
0
173
111
144
166
0
93
104
351
0
0
0
0
87
108
0
204
0
0
163
172
121
133
257
0
0
0
97
138
226
0
179
152
177
158
0
108
125
0
124
161
195
0
156
0
171
0
186
91
235
0
0
0
80
114
100
104
80
107
150
176
78
118
252
0
0
0
171
119
0
134
158
108
123
176
144
223
0
106
153
150
160
266
0
0
0
252
0
193
125
161
78
185
0
94
175
90
0
188
134
103
78
222
0
0
189
0
0
151
0
114
191
175
216
0
142
0
161
86
72
243
0
184
0
160
137
159
144
84
84
0
108
230
0
172
0
0
130
176
169
135
0
142
170
0
0
234
0
163
306
0
0
198
0
216
0
0
124
159
110
196
112
109
178
0
89
153
78
113
184
213
0
148
0
0
0
209
0
72
199
142
207
0
150
0
237
0
0
0
0
89
180
176
0
190
171
0
0
0
79
198
113
198
247
0
0
163
170
192
0
242
0
195
221
0
0
0
0
136
171
244
0
217
0
87
334
0
0
0
177
87
280
0
0
177
196
114
0
148
122
0
183
90
0
134
93
117
165
0
118
82
130
227
0
180
147
240
0
0
125
0
88
165
0
0
226
0
175
0
198
146
190
112
0
179
182
205
0
0
0
232
0
0
107
157
259
0
0
0
157
0
131
0
87
235
0
0
0
140
0
116
100
143
176
207
0
91
170
141
205
0
0
143
151
178
0
233
0
161
164
204
0
180
96
139
0
151
0
177
125
151
0
0
219
0
222
0
0
116
156
331
0
0
0
175
0
182
0
173
131
98
105
144
158
0
0
0
155
108
0
218
0
0
258
0
0
0
257
0
0
121
119
101
177
0
92
180
0
0
154
141
125
0
96
105
139
171
0
145
136
97
193
178
187
172
99
169
79
130
199
0
75
255
0
0
0
187
120
151
80
168
180
128
192
0
0
198
169
104
145
117
148
79
73
75
104
114
0
87
152
0
163
141
132
0
182
0
173
299
0
0
120
177
171
186
0
0
78
194
116
167
186
89
156
185
71
133
104
157
0
0
78
76
202
0
0
167
191
99
194
216
0
163
253
0
0
0
0
0
182
106
192
105
179
171
0
297
0
0
0
0
164
0
154
151
88
77
142
133
0
127
0
161
157
153
244
0
221
0
0
0
136
0
106
122
182
80
166
94
148
0
173
144
92
0
71
135
169
129
181
161
147
155
109
81
161
0
134
0
211
0
0
104
132
115
124
165
129
108
114
0
114
199
0
165
181
0
0
87
0
305
0
0
105
150
98
81
87
88
133
0
119
81
151
0
0
199
0
0
199
196
0
199
0
0
237
0
0
85
157
0
0
0
166
0
99
131
148
119
155
0
0
128
186
91
246
0
0
134
0
180
196
151
170
150
150
0
225
0
93
78
111
234
0
152
84
122
176
223
0
198
177
194
0
0
0
171
112
128
0
169
127
269
0
0
0
0
128
120
0
130
112
183
173
150
0
187
182
94
121
132
106
123
155
226
0
343
0
0
0
139
145
268
0
0
180
187
90
176
94
95
160
0
175
190
0
145
152
135
0
96
139
151
164
80
0
102
125
88
150
107
0
82
74
258
0
0
0
108
0
213
0
93
170
0
71
173
171
140
0
92
176
74
115
122
0
195
215
0
170
0
105
95
125
79
79
150
205
0
152
102
151
151
142
127
216
0
0
106
146
164
0
147
0
129
196
0
102
184
111
171
84
168
130
131
164
0
165
142
0
0
179
0
229
0
0
0
172
0
198
151
194
134
110
148
214
0
98
171
0
153
88
163
0
256
0
0
117
0
192
120
100
116
137
127
0
0
124
162
153
178
240
0
86
104
193
0
0
0
129
105
170
0
172
131
319
0
0
0
0
0
187
0
292
0
0
0
91
297
0
0
0
0
198
232
0
175
188
0
127
281
0
0
0
92
112
182
0
191
237
0
97
0
196
129
0
0
196
0
209
0
0
150
248
0
130
78
76
133
167
0
114
124
116
0
163
174
0
189
120
108
130
0
0
146
174
0
198
0
112
158
182
152
138
239
0
0
199
197
0
168
104
142
164
183
101
88
127
239
0
0
127
172
191
0
79
179
0
248
0
0
176
122
121
163
165
192
0
0
181
0
139
76
135
123
105
176
0
145
0
92
98
146
197
113
236
0
229
0
0
124
160
0
0
173
0
73
116
0
289
0
0
0
221
0
0
173
0
103
73
313
0
0
0
138
104
111
0
80
169
185
98
218
0
96
143
159
186
0
0
118
180
0
133
323
0
0
0
0
0
108
123
226
0
0
163
234
0
182
169
156
181
106
190
260
0
0
0
119
150
199
132
0
240
0
154
176
0
183
157
177
162
0
163
90
160
173
0
97
113
180
85
188
198
0
158
199
94
77
195
0
0
0
0
121
116
0
171
108
78
171
250
0
137
181
171
150
124
169
99
144
0
0
168
107
105
148
134
109
0
213
0
0
146
153
0
208
0
0
217
0
0
172
195
127
208
0
80
108
189
83
417
0
0
0
0
0
0
156
148
80
265
0
0
229
0
211
0
0
171
0
162
139
0
133
366
0
0
0
0
0
0
0
129
195
75
107
230
0
198
0
122
227
0
162
0
144
76
131
186
0
0
0
193
0
193
0
112
0
180
194
131
173
250
0
0
0
250
0
157
82
199
0
92
87
217
0
206
0
0
120
94
197
209
0
113
73
0
169
0
85
96
169
0
0
0
122
102
252
0
0
263
0
0
0
168
194
0
205
0
152
164
222
0
0
134
0
171
219
0
74
120
175
123
190
249
0
95
170
118
213
0
168
0
146
0
140
136
165
76
102
182
0
0
88
169
0
85
192
199
0
0
172
174
79
136
134
0
83
227
0
0
191
186
256
0
183
0
228
0
0
0
121
167
193
172
0
160
236
0
196
159
170
0
160
0
88
203
0
259
0
0
149
0
84
176
187
0
336
0
0
0
0
146
133
0
174
189
235
0
90
150
131
146
175
175
0
0
182
188
0
196
0
92
128
152
0
0
181
164
111
97
166
147
127
119
172
226
0
100
82
293
0
0
0
0
155
196
164
230
0
147
120
94
123
0
181
146
102
167
178
114
185
291
0
0
239
0
156
163
0
123
143
0
95
173
200
0
157
178
0
188
0
149
199
182
79
118
121
0
0
100
0
110
98
155
0
145
76
183
170
196
155
189
264
0
0
106
0
172
0
0
120
0
129
0
129
0
181
121
196
0
112
0
88
141
119
0
97
81
193
162
122
0
192
110
95
0
71
125
163
0
126
104
78
172
97
235
0
194
0
160
0
91
107
0
74
177
130
139
198
138
86
83
309
0
0
131
94
0
0
89
101
152
126
84
202
0
79
146
0
196
87
136
172
128
176
226
0
96
127
0
200
0
0
148
142
171
140
0
256
0
0
0
135
87
179
173
199
182
0
169
0
169
163
83
80
0
135
93
225
0
0
82
197
0
175
154
0
180
148
0
274
0
0
136
105
199
186
119
79
193
152
257
0
0
173
0
159
90
195
0
75
164
205
0
156
114
0
193
172
234
0
0
85
118
208
0
0
0
162
0
192
109
120
0
0
208
0
0
185
167
0
163
0
0
93
155
187
162
142
197
173
0
191
323
0
0
0
0
180
247
0
0
0
116
0
430
0
0
0
0
0
0
0
0
288
0
0
0
104
186
149
97
197
136
0
243
0
0
0
177
149
169
0
118
101
0
99
0
95
126
120
111
112
81
148
144
103
78
240
0
0
0
75
139
138
150
136
0
94
107
116
101
142
187
0
129
196
233
0
0
176
0
0
117
93
96
132
0
114
187
0
164
185
0
0
166
200
0
0
179
229
0
187
315
0
0
0
0
223
0
175
107
199
239
0
173
164
187
202
0
154
307
0
0
0
93
87
244
0
210
0
0
0
158
178
155
190
0
93
177
184
0
113
233
0
0
0
242
0
133
142
193
0
0
210
0
0
185
0
0
0
128
190
0
229
0
0
85
231
0
163
141
166
0
131
0
74
94
85
190
0
91
163
0
115
214
0
0
170
155
155
0
262
0
0
229
0
0
161
120
184
218
0
170
102
182
146
0
0
121
201
0
0
144
0
226
0
170
173
145
0
187
164
0
0
164
0
168
126
104
129
106
172
189
0
0
233
0
173
0
120
141
170
0
210
0
0
229
0
185
221
0
0
90
0
156
116
243
0
0
0
175
90
149
95
139
113
85
73
92
155
160
183
71
183
85
88
0
82
137
141
193
167
0
136
128
82
112
72
154
151
131
138
183
184
127
135
148
131
179
113
119
90
88
90
193
131
216
0
0
136
97
148
160
121
120
176
0
101
165
0
0
227
0
219
0
142
152
0
219
0
185
197
148
161
135
174
0
98
162
0
84
160
76
252
0
0
186
81
0
139
228
0
151
0
0
143
0
185
123
228
0
93
181
0
89
197
0
0
153
182
232
0
0
0
136
179
0
105
117
0
164
0
154
149
177
0
215
0
126
0
106
0
144
235
0
0
0
0
148
0
0
0
228
0
140
167
115
0
129
125
0
126
0
90
145
133
143
260
0
71
185
163
103
138
130
164
151
183
0
143
0
157
134
160
0
0
85
0
135
202
0
86
143
134
150
0
102
155
178
243
0
153
174
132
154
81
126
0
0
71
125
159
0
262
0
0
103
204
0
301
0
0
0
71
114
159
0
146
0
147
167
0
180
158
0
0
195
91
98
194
0
133
180
132
85
136
0
141
0
113
137
121
245
0
190
0
0
240
0
179
241
0
198
0
0
126
94
0
134
141
185
75
176
259
0
105
105
125
214
0
110
164
71
140
141
174
124
185
185
195
0
0
0
0
158
182
0
82
118
189
0
210
0
0
138
182
0
115
0
164
0
81
86
89
254
0
148
75
235
0
0
242
0
186
0
384
0
0
0
0
147
0
169
185
0
0
0
111
176
71
126
96
165
0
187
139
83
128
0
178
222
0
74
145
150
0
300
0
0
0
0
0
142
89
122
0
172
104
129
109
162
81
175
143
136
180
105
190
136
132
200
0
183
326
0
0
0
0
0
85
278
0
0
136
168
72
195
154
139
97
232
0
94
76
103
142
136
200
0
142
244
0
0
0
89
158
0
257
0
0
151
123
176
181
138
0
216
0
172
135
103
143
147
91
243
0
0
0
152
160
162
141
0
93
175
105
207
0
0
0
165
0
147
151
219
0
0
0
158
176
174
94
0
126
110
170
182
159
76
157
0
194
0
0
174
195
194
143
125
209
0
151
88
208
0
190
112
188
139
128
186
121
94
180
185
160
0
172
0
127
166
0
0
76
128
191
178
168
263
0
0
0
156
124
107
0
237
0
0
0
0
190
187
139
0
180
240
0
118
198
185
168
100
149
0
202
0
0
191
0
0
292
0
0
0
163
0
115
177
0
144
0
198
0
110
177
160
88
126
0
244
0
166
95
127
0
180
176
172
92
188
117
113
156
178
96
145
0
115
126
139
124
142
101
140
0
0
161
0
148
205
0
175
75
85
0
173
0
181
0
76
168
184
0
156
0
158
173
195
279
0
0
137
0
126
90
104
157
169
195
196
0
181
0
81
187
85
205
0
114
206
0
236
0
0
0
0
188
226
0
0
193
0
0
0
200
0
160
289
0
0
0
261
0
0
0
186
254
0
131
0
168
138
179
205
0
128
217
0
228
0
160
257
0
79
172
0
275
0
0
0
180
98
216
0
78
85
148
230
0
142
185
113
90
75
88
173
106
0
263
0
0
0
167
408
0
0
0
0
0
0
75
135
82
137
191
100
178
0
163
0
199
209
0
178
86
241
0
121
0
115
176
131
127
97
184
78
129
165
0
158
115
190
180
0
0
74
156
148
0
0
96
241
0
0
0
118
158
154
215
0
168
164
102
0
129
178
0
0
0
173
0
0
0
0
191
163
176
0
182
0
246
0
0
93
128
118
169
0
0
297647