181
187
0
339
0
0
319
0
0
0
0
0
115
90
464
0
0
0
0
0
0
109
180
232
0
192
158
0
0
0
269
0
0
0
191
0
0
287
0
0
195
0
181
199
0
231
0
0
148
109
118
251
0
0
190
150
0
98
138
135
185
91
195
214
0
185
0
0
213
0
0
146
0
99
136
177
141
154
148
0
137
380
0
0
0
94
164
252
0
0
240
0
0
107
90
237
0
0
173
100
146
122
267
0
0
0
131
204
0
125
389
0
0
0
0
340
0
0
0
0
0
167
133
0
102
126
150
0
131
171
239
0
115
257
0
193
161
230
0
197
112
140
117
269
0
0
120
169
224
0
0
280
0
186
0
209
0
111
153
194
144
0
0
186
157
230
0
0
0
256
0
0
239
0
148
106
185
98
110
180
0
112
163
110
374
0
0
0
0
180
0
192
103
92
186
152
116
197
420
0
0
0
0
122
164
191
0
192
0
143
153
169
138
148
336
0
0
0
274
0
0
157
151
0
174
184
111
127
149
148
0
106
168
188
267
0
0
94
184
0
0
162
0
132
243
0
157
132
271
0
0
151
189
256
0
160
94
184
0
171
0
0
213
0
169
99
150
177
121
216
0
0
240
0
193
265
0
0
0
105
168
284
0
0
132
126
207
0
0
0
0
137
154
183
0
0
160
111
324
0
0
223
0
0
163
251
0
0
92
302
0
0
0
0
164
99
243
0
204
0
97
107
197
116
158
116
279
0
0
94
213
0
209
0
234
0
0
163
0
425
0
0
0
0
0
0
119
169
169
178
132
0
107
182
0
128
167
0
259
0
0
0
0
106
174
0
186
111
104
317
0
0
141
0
325
0
0
186
0
159
168
294
0
0
265
0
0
138
242
0
0
0
150
221
0
164
119
148
0
101
211
0
0
0
143
190
0
124
106
139
148
155
0
155
0
113
158
248
0
109
171
180
107
95
0
192
128
285
0
0
112
194
0
0
0
190
130
245
0
115
195
0
148
0
221
0
0
142
174
387
0
0
0
0
169
159
115
271
0
0
229
0
0
195
0
227
0
219
0
0
148
120
113
0
149
118
176
194
0
118
188
176
0
192
159
251
0
0
181
0
143
240
0
0
92
299
0
0
149
237
0
0
420
0
0
0
0
314
0
0
0
0
206
0
158
255
0
0
189
146
191
117
240
0
0
184
158
245
0
0
100
109
164
227
0
145
0
0
194
116
0
380
0
0
0
0
188
278
0
0
0
145
180
182
0
239
0
0
0
193
0
151
0
174
148
149
347
0
0
0
144
198
0
104
159
272
0
0
219
0
95
237
0
0
0
130
0
117
280
0
0
0
165
415
0
0
0
0
0
0
0
145
139
106
163
107
298
0
0
154
113
0
159
102
178
168
111
129
106
0
252
0
0
229
0
0
143
146
263
0
164
0
150
0
159
0
0
168
230
0
342
0
0
0
0
98
247
0
0
186
302
0
0
187
178
0
0
0
198
206
0
0
185
104
0
103
176
90
307
0
0
0
0
105
138
0
343
0
0
0
0
136
133
98
184
126
239
0
150
0
139
0
0
236
0
291
0
0
0
0
0
202
0
166
184
261
0
0
230
0
0
0
224
0
162
0
0
262
0
100
293
0
0
0
167
101
135
279
0
0
0
180
202
0
198
133
107
395
0
0
0
155
174
255
0
0
109
210
0
173
187
172
256
0
162
266
0
169
145
209
0
201
0
156
0
174
149
195
0
169
267
0
0
216
0
179
0
129
111
180
306
0
0
0
0
0
176
129
0
222
0
162
140
197
231
0
0
141
126
0
199
0
159
0
129
173
0
0
0
120
0
246
0
111
182
249
0
309
0
0
150
114
94
252
0
194
182
0
103
307
0
0
187
0
101
172
194
121
0
268
0
170
111
0
162
0
0
200
0
0
178
156
0
204
0
0
260
0
0
349
0
0
0
201
0
155
218
0
108
214
0
194
0
0
0
97
199
0
296
0
0
0
109
157
254
0
0
0
0
127
118
300
0
0
178
217
0
187
155
196
0
180
199
0
193
0
208
0
171
194
380
0
0
0
0
107
291
0
0
414
0
0
0
0
0
0
187
0
158
133
106
223
0
0
189
157
0
159
0
97
255
0
225
0
0
175
146
165
281
0
0
0
135
115
98
197
111
273
0
0
0
265
0
0
0
200
0
0
242
0
135
0
200
0
0
184
0
152
117
207
0
0
187
95
193
198
97
155
120
218
0
148
0
147
0
129
114
174
0
151
0
180
0
0
183
204
0
0
164
140
96
139
133
271
0
165
124
193
162
110
0
147
184
180
143
105
0
183
163
0
218
0
0
111
228
0
0
181
118
109
364
0
0
0
0
97
188
282
0
231
0
125
129
0
153
124
197
0
95
159
124
0
151
0
0
184
96
190
130
313
0
0
131
267
0
249
0
193
0
94
159
183
134
169
279
0
0
0
159
97
160
195
0
123
144
189
0
239
0
105
180
135
173
0
204
0
260
0
0
188
0
0
139
0
194
206
0
187
0
0
116
212
0
128
0
0
111
342
0
0
0
0
0
118
129
244
0
0
92
659
0
0
0
0
0
0
0
172
0
186
158
118
177
0
386
0
0
0
113
128
0
165
0
267
0
0
176
0
334
0
0
0
0
0
401
0
0
0
190
0
193
256
0
0
230
0
125
244
0
207
0
0
209
0
93
130
108
152
121
0
218
0
234
0
264
0
0
215
0
0
171
459
0
0
0
0
0
0
0
186
0
0
188
202
0
200
0
0
180
0
0
168
0
289
0
0
163
126
116
0
188
210
0
227
0
181
0
317
0
0
150
0
186
177
158
143
128
0
372
0
0
0
0
0
178
0
232
0
0
0
116
175
165
156
223
0
0
138
157
318
0
0
0
233
0
0
113
154
0
136
0
0
198
171
181
0
105
152
168
179
0
0
131
271
0
0
271
0
0
0
192
0
151
0
156
182
0
242
0
0
0
177
106
119
0
98
271
0
0
0
0
159
293
0
0
159
210
0
96
142
0
143
149
0
165
93
157
316
0
0
0
91
151
166
0
0
181
0
92
376
0
0
0
113
143
0
190
213
0
97
172
0
92
427
0
0
0
0
0
187
0
99
125
234
0
178
0
175
168
0
100
182
0
101
0
95
174
0
106
232
0
0
97
131
125
178
0
158
116
182
0
0
137
114
0
137
186
0
193
0
0
189
177
175
129
0
157
379
0
0
0
0
0
111
99
394
0
0
0
199
0
0
99
102
166
182
405
0
0
0
0
0
182
0
156
0
162
0
156
202
0
0
156
190
0
128
186
0
193
0
208
0
135
98
156
163
323
0
0
0
0
0
174
0
154
127
140
533
0
0
0
0
0
0
0
277
0
0
183
0
290
0
0
0
225
0
157
0
141
127
227
0
124
149
236
0
169
158
216
0
106
150
99
0
122
166
0
213
0
0
167
150
180
0
188
131
340
0
0
111
166
106
132
242
0
0
140
172
118
146
93
172
108
156
122
321
0
0
0
159
0
224
0
272
0
0
0
186
0
180
0
0
112
143
115
128
122
171
0
148
173
191
266
0
0
132
147
0
166
0
111
169
116
413
0
0
0
0
300
0
0
0
0
264
0
133
116
260
0
0
241
0
257
0
0
222
0
0
133
110
136
139
170
0
125
0
209
0
185
0
0
135
0
236
0
197
97
174
316
0
0
173
95
102
139
171
186
142
183
111
153
127
160
0
247
0
192
0
132
0
133
0
100
119
169
157
346
0
0
159
142
243
0
139
110
152
147
0
367
0
0
0
0
0
174
0
270
0
0
185
0
131
172
152
0
90
218
0
91
145
0
220
0
0
99
182
199
0
0
312
0
0
0
0
0
158
0
237
0
140
123
399
0
0
0
0
0
203
0
93
310
0
0
0
0
263
0
0
235
0
0
166
185
0
0
155
132
150
412
0
0
0
0
0
188
0
0
174
0
156
0
0
258
0
0
172
0
194
268
0
0
232
0
139
138
231
0
0
204
0
0
286
0
0
0
0
188
159
190
118
148
188
0
161
186
0
227
0
190
0
108
215
0
187
184
180
136
330
0
0
0
123
159
163
177
0
197
100
288
0
0
122
194
0
211
0
0
184
0
222
0
235
0
0
164
118
194
157
0
157
126
91
167
124
157
0
174
101
118
253
0
0
0
194
0
196
0
154
93
134
258
0
0
193
94
170
0
181
0
157
177
0
103
124
263
0
108
158
0
0
106
134
470
0
0
0
0
249
0
0
0
158
110
139
174
0
175
0
134
118
172
180
138
193
0
0
293
0
0
0
95
105
219
0
196
93
371
0
0
0
231
0
295
0
0
0
124
227
0
196
197
164
180
177
135
123
173
0
275
0
142
158
105
144
0
176
150
176
0
90
135
0
279
0
0
114
260
0
0
119
139
0
203
0
111
232
0
122
229
0
0
0
0
355
0
0
0
249
0
0
294
0
0
232
0
105
196
0
127
164
419
0
0
0
0
0
152
202
0
272
0
0
194
127
0
183
0
198
236
0
167
0
0
172
0
0
244
0
226
0
127
113
183
198
199
0
138
0
163
227
0
149
224
0
0
100
95
197
241
0
227
0
0
199
0
106
0
213
0
192
214
0
187
0
0
145
122
0
297
0
0
213
0
203
0
0
166
203
0
0
140
185
170
0
119
0
0
205
0
144
90
139
205
0
0
167
195
0
227
0
189
0
0
175
0
116
0
0
158
122
176
0
317
0
0
115
138
187
165
323
0
0
0
155
0
149
112
192
0
338
0
0
0
188
0
171
222
0
138
198
0
0
138
186
192
243
0
0
206
0
0
186
0
0
181
0
175
0
133
372
0
0
0
133
0
159
0
176
259
0
196
0
158
150
241
0
103
0
166
184
0
276
0
0
0
153
168
148
0
217
0
166
188
172
215
0
0
328
0
0
0
0
121
255
0
0
0
0
0
142
188
96
191
181
0
147
0
173
0
228
0
316
0
0
94
143
257
0
172
153
134
163
189
110
263
0
0
274
0
154
173
187
0
133
187
343
0
0
0
0
193
0
0
106
197
242
0
0
109
0
177
0
185
162
137
184
0
205
0
0
0
96
196
0
0
150
131
0
161
0
147
173
0
157
106
227
0
174
156
188
184
147
0
115
125
0
0
0
172
145
102
109
97
190
0
98
172
0
133
191
208
0
145
0
155
177
155
169
112
176
113
198
243
0
0
174
212
0
0
141
130
0
174
114
296
0
0
168
0
0
132
259
0
0
0
204
0
117
317
0
0
161
0
236
0
177
0
216
0
138
265
0
0
0
0
122
216
0
119
0
191
185
311
0
0
0
191
0
191
0
181
166
259
0
0
286
0
0
0
0
101
192
0
278
0
0
0
239
0
0
0
0
103
107
121
103
160
240
0
155
191
0
202
0
159
274
0
418
0
0
0
0
188
173
308
0
0
0
119
140
188
223
0
141
136
108
135
128
186
0
0
160
188
0
288
0
0
0
150
166
0
132
168
425
0
0
0
0
99
172
0
0
181
142
140
0
108
194
328
0
0
0
0
104
299
0
0
0
130
160
124
284
0
0
147
0
219
0
161
133
121
112
0
147
90
104
185
190
200
0
176
0
191
0
0
119
301
0
0
0
0
412
0
0
0
0
0
214
0
244
0
0
97
176
132
165
0
147
0
360
0
0
0
0
0
275
0
0
0
0
184
177
0
0
0
0
365
0
0
0
0
0
98
157
136
171
193
177
148
140
125
0
0
124
105
166
121
172
195
170
139
0
170
130
0
245
0
0
176
0
209
0
115
197
181
153
122
167
0
96
125
0
0
192
0
123
264
0
0
175
157
227
0
0
194
201
0
150
178
0
358
0
0
0
99
159
0
189
0
132
343
0
0
0
0
269
0
0
160
300
0
0
0
0
186
196
166
0
152
0
94
270
0
0
104
94
191
0
119
131
103
128
110
132
0
0
137
178
0
196
263
0
0
334
0
0
0
152
273
0
0
174
160
0
231
0
189
179
91
173
127
0
121
128
179
245
0
0
187
142
156
191
252
0
0
168
127
170
183
346
0
0
0
140
285
0
0
0
0
246
0
0
269
0
0
0
195
177
158
0
0
115
0
148
0
188
113
181
0
185
175
225
0
171
130
210
0
200
0
172
117
0
223
0
0
133
205
0
265
0
0
0
127
291
0
0
160
0
105
126
146
96
128
90
121
0
223
0
184
283
0
0
0
0
185
0
124
262
0
0
184
244
0
0
186
116
255
0
222
0
153
207
0
105
126
330
0
0
0
92
177
0
194
0
112
357
0
0
0
140
204
0
0
240
0
119
186
0
157
162
0
388
0
0
0
0
0
256
0
0
203
0
191
0
185
115
156
149
0
0
262
0
0
163
223
0
122
191
110
256
0
148
193
0
0
159
166
0
247
0
150
0
168
120
188
198
0
227
0
207
0
0
191
255
0
0
198
256
0
0
0
235
0
145
0
426
0
0
0
0
183
0
141
127
147
259
0
149
243
0
0
139
186
0
106
256
0
96
91
246
0
195
213
0
157
175
163
250
0
0
137
375
0
0
0
0
103
172
184
137
185
161
159
0
213
0
0
166
163
0
230
0
175
130
0
153
106
132
162
138
131
0
121
142
153
0
278
0
0
0
0
114
144
149
155
253
0
0
0
164
270
0
208
0
189
250
0
0
225
0
0
0
129
552
0
0
0
0
0
0
0
0
0
90
116
210
0
192
0
169
152
329
0
0
0
0
120
0
239
0
175
0
178
105
171
150
0
0
178
0
90
195
92
116
150
102
194
184
0
107
642
0
0
0
0
0
0
0
0
0
0
289
0
0
0
0
126
141
196
0
0
0
0
155
0
126
126
179
117
268
0
94
158
0
121
134
232
0
0
118
0
99
243
0
172
102
190
138
177
0
174
137
115
0
203
0
195
152
269
0
0
143
0
0
123
0
141
0
309
0
0
393
0
0
0
0
0
195
0
199
318
0
0
0
0
316
0
0
256
0
0
147
182
100
282
0
0
175
0
183
91
91
199
0
0
0
0
541
0
0
0
0
0
0
0
117
157
0
198
0
104
254
0
0
0
104
102
131
0
182
0
0
195
178
168
0
287
0
0
0
271
0
0
119
155
0
0
176
242
0
193
173
0
186
0
0
158
139
139
126
191
0
234
0
194
141
241
0
0
178
116
174
138
318
0
0
147
158
0
115
270
0
151
0
187
131
252
0
0
144
124
108
178
210
0
0
108
239
0
142
0
200
0
172
0
108
193
0
0
186
183
0
126
0
167
0
169
0
0
138
152
0
475
0
0
0
0
0
0
0
0
149
155
127
204
0
192
160
0
192
204
0
0
0
173
0
272
0
0
187
127
215
0
0
135
172
0
249
0
0
0
0
288
0
0
262
0
0
154
171
92
160
0
126
337
0
0
183
0
286
0
0
0
177
123
156
0
133
351
0
0
0
248
0
124
193
0
114
176
0
206
0
199
299
0
0
0
261
0
0
0
0
207
0
0
152
151
158
0
149
119
198
0
0
180
0
109
172
0
0
122
163
190
0
269
0
0
0
0
162
0
209
0
0
104
124
125
168
182
0
121
115
134
237
0
112
395
0
0
0
0
408
0
0
0
0
161
0
311
0
0
0
0
229
0
213
0
0
92
123
119
0
168
358
0
0
0
144
193
103
172
288
0
0
0
134
91
552
0
0
0
0
0
0
0
192
249
0
104
180
185
182
189
207
0
0
240
0
0
0
345
0
0
0
0
0
0
117
116
163
189
156
219
0
130
163
190
0
299
0
0
121
222
0
0
192
0
0
105
130
136
169
195
0
138
176
172
458
0
0
0
0
0
198
0
195
0
390
0
0
0
0
184
0
0
253
0
253
0
0
105
175
248
0
0
0
99
90
338
0
0
0
0
0
200
0
0
0
111
92
174
0
170
0
189
0
129
217
0
0
152
0
144
184
243
0
0
362
0
0
0
0
0
0
127
96
239
0
102
138
155
107
0
186
189
167
144
176
194
0
171
149
212
0
0
0
104
174
215
0
110
169
113
0
386
0
0
0
0
126
276
0
0
0
0
0
184
177
0
215
0
152
225
0
311
0
0
0
0
231
0
184
345
0
0
0
0
198
222
0
282
0
0
210
0
0
167
167
0
264
0
0
124
166
157
134
0
155
135
0
121
148
174
0
121
94
137
0
0
220
0
94
124
134
238
0
0
153
228
0
124
107
185
267
0
0
0
251
0
0
104
280
0
0
0
0
0
198
194
282
0
0
120
289
0
0
0
0
0
228
0
118
191
0
124
135
156
0
182
207
0
161
0
0
159
150
179
286
0
0
0
107
141
141
176
166
0
233
0
299
0
0
182
164
298
0
0
159
0
129
95
93
163
133
209
0
178
131
0
126
102
115
196
0
132
245
0
161
234
0
110
179
0
193
199
188
105
168
0
152
0
191
134
138
234
0
0
0
306
0
0
0
119
220
0
101
218
0
0
94
372
0
0
0
0
0
153
112
148
198
196
227
0
193
241
0
219
0
0
135
130
126
174
107
141
150
146
298
0
0
0
174
109
149
0
192
0
170
167
190
198
187
180
120
129
147
101
176
113
218
0
261
0
239
0
0
206
0
0
272
0
0
0
158
128
135
277
0
106
174
0
104
145
213
0
280
0
0
0
0
118
251
0
0
0
141
126
233
0
0
141
430
0
0
0
0
168
150
188
150
0
119
201
0
0
168
151
0
125
151
194
0
248
0
149
190
0
0
182
0
0
114
122
173
0
242
0
136
152
0
174
152
0
182
104
274
0
0
196
183
0
137
106
0
90
301
0
0
0
253
0
0
116
101
321
0
0
0
0
0
0
121
399
0
0
0
162
175
159
154
145
196
317
0
0
189
176
169
275
0
220
0
0
91
165
0
224
0
157
376
0
0
0
190
135
0
0
244
0
166
90
138
175
0
179
318
0
0
233
0
0
132
0
173
0
219
0
197
0
150
152
302
0
0
0
0
0
0
158
0
203
0
147
161
0
194
0
242
0
101
193
0
162
193
0
120
0
121
93
200
0
195
0
256
0
0
0
127
194
223
0
266
0
140
199
164
0
0
116
118
258
0
150
0
221
0
150
483
0
0
0
0
0
186
109
186
0
274
0
93
149
0
187
0
185
271
0
0
0
0
180
128
190
0
152
105
0
132
175
166
101
123
161
182
171
184
0
103
116
176
144
312
0
0
0
0
118
330
0
0
0
0
127
125
160
190
118
161
158
101
92
218
0
0
0
145
139
0
245
0
203
0
205
0
219
0
256
0
206
0
0
0
107
195
96
186
138
0
99
157
0
190
105
188
0
111
0
0
110
140
151
0
109
346
0
0
0
0
143
358
0
0
0
0
145
189
169
0
0
191
130
195
0
283
0
0
198
0
0
190
256
0
0
0
0
278
0
94
221
0
107
142
172
180
0
93
96
147
153
0
118
256
0
229
0
0
195
0
0
0
145
167
190
319
0
0
0
0
192
118
197
0
111
195
0
135
0
183
133
235
0
0
171
172
0
268
0
0
0
107
199
168
0
160
119
211
0
143
134
167
197
97
161
171
235
0
286
0
0
179
302
0
0
0
0
284
0
0
106
291
0
0
0
95
319
0
0
0
111
139
174
232
0
110
247
0
0
115
517
0
0
0
0
0
0
0
196
122
0
188
274
0
172
224
0
290
0
0
94
163
131
197
154
113
197
150
230
0
151
159
132
131
116
128
201
0
182
0
335
0
0
0
0
0
243
0
188
0
146
191
230
0
112
242
0
0
129
183
158
115
181
0
168
184
0
221
0
217
0
166
0
174
136
115
199
0
171
191
141
167
145
0
139
106
0
300
0
0
0
158
0
163
178
185
161
134
122
186
0
299
0
0
0
169
0
0
189
0
180
163
98
246
0
0
0
133
334
0
0
257
0
0
103
226
0
150
162
175
0
121
176
129
93
178
0
186
160
0
238
0
112
159
193
224
0
0
249
0
195
260
0
0
128
0
196
0
171
0
128
198
159
215
0
0
235
0
165
301
0
0
0
0
0
0
229
0
0
341
0
0
147
204
0
316
0
0
105
162
117
102
184
112
210
0
216
0
165
266
0
0
294
0
0
0
99
180
0
0
0
0
195
174
198
157
167
0
166
0
173
208
0
262
0
0
204
0
0
93
188
143
186
184
166
195
155
114
243
0
0
126
103
113
138
162
99
129
320
0
0
0
0
0
189
0
0
196
0
171
166
123
94
198
341
0
0
0
296
0
0
245
0
0
250
0
0
0
0
0
150
173
0
170
186
0
122
158
0
157
241
0
0
140
237
0
175
157
165
112
179
0
103
98
0
182
196
154
239
0
0
181
0
341
0
0
0
345
0
0
0
0
0
360
0
0
0
0
226
0
0
0
0
154
271
0
0
178
174
156
137
145
0
110
207
0
158
206
0
0
190
227
0
0
104
260
0
0
0
0
147
281
0
0
284
0
0
0
139
170
385
0
0
0
0
169
115
226
0
0
103
113
142
0
122
259
0
172
153
191
0
109
284
0
0
135
175
308
0
0
0
184
0
198
179
0
109
235
0
0
0
237
0
0
169
0
167
133
174
221
0
95
171
124
190
169
160
94
180
0
0
242
0
0
294
0
0
0
340
0
0
0
0
196
222
0
101
199
100
187
0
0
181
0
287
0
0
190
202
0
185
0
101
179
108
108
184
117
98
193
213
0
222
0
148
198
91
192
0
169
142
108
241
0
185
288
0
0
203
0
0
111
0
124
177
228
0
0
211
0
139
406
0
0
0
0
186
110
0
178
133
0
137
134
302
0
0
142
91
270
0
0
0
210
0
134
0
228
0
120
0
0
508
0
0
0
0
0
0
0
131
0
174
108
415
0
0
0
0
0
240
0
153
241
0
0
0
187
157
274
0
0
0
241
0
0
183
0
262
0
199
0
0
103
352
0
0
0
0
140
0
202
0
171
167
0
137
167
135
219
0
98
117
147
0
172
0
204
0
124
0
187
163
155
276
0
0
0
166
266
0
140
352
0
0
0
0
112
166
120
131
336
0
0
0
0
457
0
0
0
0
0
0
322
0
0
0
126
164
0
188
183
157
113
185
0
0
239
0
245
0
180
142
393
0
0
0
0
117
140
139
344
0
0
0
186
101
152
92
138
250
0
125
0
232
0
107
92
93
274
0
0
0
0
124
0
161
142
169
0
123
176
217
0
96
336
0
0
0
293
0
0
0
174
0
186
124
117
157
0
0
135
0
159
0
178
0
181
0
167
122
198
166
157
0
182
132
288
0
0
123
203
0
211
0
140
179
176
166
302
0
0
0
154
0
0
90
243
0
168
129
100
118
157
0
254
0
149
0
177
0
182
0
320
0
0
0
195
265
0
0
110
109
122
153
189
0
207
0
189
0
169
167
0
125
207
0
0
144
164
195
191
0
132
165
229
0
123
337
0
0
0
0
0
144
249
0
137
0
191
0
279
0
0
0
305
0
0
246
0
93
177
425
0
0
0
0
194
129
0
377
0
0
0
0
0
105
146
190
342
0
0
0
210
0
131
0
214
0
127
130
225
0
285
0
0
123
0
139
177
0
91
98
195
193
0
0
112
343
0
0
0
0
0
110
116
200
0
0
240
0
0
165
90
467
0
0
0
0
0
0
177
188
158
206
0
224
0
152
179
0
0
196
0
119
0
225
0
0
169
136
0
265
0
0
0
266
0
0
360
0
0
146
0
152
0
294
0
0
0
0
245
0
187
0
410
0
0
0
137
142
264
0
180
182
103
131
335
0
0
106
333
0
0
182
122
124
194
294
0
0
305
0
0
0
236
0
142
180
186
170
0
265
0
127
255
0
0
0
114
155
0
252
0
0
0
116
154
182
124
312
0
0
141
190
0
151
190
0
0
176
194
0
177
0
0
131
109
0
106
303
0
0
0
179
117
100
216
0
188
197
177
155
305
0
0
153
0
131
113
237
0
0
205
0
193
194
158
0
135
0
188
0
0
167
189
113
213
0
172
0
204
0
133
101
188
0
0
211
0
160
356
0
0
0
0
187
242
0
114
121
161
278
0
0
152
95
128
143
157
189
232
0
0
110
492
0
0
0
0
0
0
238
0
0
148
115
0
293
0
0
236
0
0
237
0
186
359
0
0
0
115
125
154
149
98
202
0
123
165
148
187
161
210
0
0
0
117
196
251
0
0
280
0
0
247
0
252
0
0
235
0
0
193
0
151
165
0
106
167
182
210
0
0
198
90
222
0
0
0
344
0
0
0
177
145
248
0
138
143
189
154
0
162
224
0
121
103
144
116
191
0
186
0
371
0
0
0
123
172
218
0
0
184
0
101
157
0
183
92
103
0
188
200
0
163
0
0
148
168
96
180
410
0
0
0
0
121
0
162
191
0
192
218
0
203
0
196
0
0
95
179
155
138
184
125
0
142
232
0
0
108
182
144
146
142
0
175
271
0
0
191
163
0
122
0
132
148
0
222
0
0
150
0
116
106
189
0
0
167
112
197
0
314
0
0
123
144
113
157
160
214
0
237
0
0
188
222
0
217
0
180
0
123
0
164
201
0
146
164
169
0
185
328
0
0
182
0
148
193
0
0
0
183
104
124
316
0
0
0
0
0
288
0
149
0
181
248
0
343
0
0
0
0
0
185
120
172
190
142
194
116
188
0
0
187
181
172
176
233
0
92
189
0
132
0
161
117
164
216
0
114
0
347
0
0
0
119
158
145
282
0
0
0
158
358
0
0
0
190
190
137
164
188
136
93
92
106
156
453
0
0
0
0
0
164
0
195
0
95
173
143
188
267
0
155
380
0
0
0
0
197
212
0
286
0
0
158
125
262
0
171
190
0
0
326
0
0
0
194
166
299
0
0
145
0
91
331
0
0
0
188
245
0
0
160
303
0
0
208
0
0
0
261
0
189
0
132
138
0
236
0
215
0
0
191
0
136
146
172
244
0
0
164
117
169
0
0
132
157
0
119
152
131
164
188
229
0
0
284
0
0
248
0
0
0
150
104
106
0
153
113
290
0
0
165
96
100
132
109
333
0
0
0
98
184
237
0
0
0
334
0
0
0
107
278
0
0
154
0
233
0
148
214
0
0
137
91
117
193
279
0
0
0
0
0
274
0
0
105
0
0
204
0
126
134
170
0
256
0
0
0
218
0
197
0
140
251
0
0
120
143
103
161
126
137
0
204
0
165
361
0
0
0
0
0
142
0
0
324
0
0
0
0
123
0
159
199
113
157
321
0
0
155
182
108
94
109
188
0
0
101
256
0
0
191
216
0
0
138
189
0
198
206
0
90
188
0
0
174
155
217
0
165
192
120
95
216
0
0
0
0
0
189
0
101
161
164
0
176
172
0
170
191
138
179
263
0
175
0
0
104
142
167
145
120
198
0
0
305
0
0
238
0
155
149
243
0
0
198
0
0
165
268
0
247
0
0
154
0
90
230
0
248
0
168
0
229
0
0
172
157
271
0
0
0
0
0
276
0
0
0
142
354
0
0
0
0
0
103
165
0
177
0
0
196
170
94
167
0
166
0
375
0
0
0
0
0
143
232
0
0
223
0
0
0
113
164
216
0
160
367
0
0
0
0
0
277
0
0
0
0
178
187
182
92
264
0
0
0
153
94
186
0
135
0
214
0
0
199
110
153
225
0
102
374
0
0
0
0
0
0
229
0
159
195
193
192
0
158
106
124
119
164
0
146
0
144
0
509
0
0
0
0
0
0
0
0
174
195
218
0
229
0
0
115
0
149
117
107
185
201
0
157
163
154
194
268
0
111
0
426
0
0
0
0
0
0
188
0
0
136
0
148
115
351
0
0
0
164
163
0
271
0
0
0
131
94
127
200
0
0
0
284
0
0
0
255
0
179
226
0
0
223
0
0
208
0
120
198
195
180
187
0
0
313
0
0
145
180
0
0
162
109
179
205
0
211
0
330
0
0
146
248
0
0
0
244
0
0
0
163
0
254
0
0
0
122
111
225
0
0
0
94
140
100
332
0
0
0
0
0
0
190
104
153
166
0
181
118
95
113
158
0
164
137
131
156
187
109
215
0
0
0
242
0
0
209
0
0
140
297
0
0
0
146
0
110
124
110
0
190
182
131
188
0
144
0
230
0
0
156
197
91
111
104
0
180
144
0
246
0
121
100
250
0
110
128
278
0
115
171
176
0
90
104
158
0
189
108
146
272
0
0
447
0
0
0
0
0
0
0
0
0
0
122
179
157
0
231
0
0
194
368
0
0
0
0
208
0
138
0
199
105
189
0
0
185
141
0
128
0
264
0
0
168
220
0
144
119
103
146
0
155
0
156
99
251
0
178
127
195
0
0
158
119
125
134
0
180
191
0
285
0
0
124
0
405
0
0
0
205
0
120
118
0
244
0
146
0
176
184
244
0
251
0
98
141
174
227
0
0
116
184
230
0
106
194
166
0
185
178
0
214
0
0
198
210
0
151
243
0
0
151
0
184
0
114
352
0
0
0
106
155
187
198
292
0
0
0
130
188
125
189
139
0
102
106
135
179
287
0
0
0
0
144
310
0
0
171
153
238
0
0
152
0
202
0
104
126
179
165
155
155
269
0
0
168
135
197
124
185
289
0
0
0
165
0
0
124
121
128
0
0
271
0
0
0
124
0
0
124
153
120
195
150
126
151
100
193
0
0
96
110
216
0
0
194
115
163
108
120
308
0
0
0
169
0
346
0
0
0
0
118
99
258
0
104
154
118
0
126
142
134
193
0
262
0
0
227
0
127
194
93
274
0
0
305
0
0
0
153
0
178
338
0
0
0
176
197
221
0
281
0
0
300
0
0
0
227
0
198
110
98
185
143
145
134
420
0
0
0
0
0
139
91
152
186
0
95
133
97
119
200
0
99
262
0
183
0
0
104
99
91
182
184
246
0
173
351
0
0
0
168
134
141
0
269
0
0
0
206
0
275
0
0
180
111
155
116
150
0
136
134
222
0
188
0
170
0
171
163
150
0
236
0
0
0
461
0
0
0
0
228
0
151
180
135
167
174
187
191
112
137
261
0
417
0
0
0
0
0
0
178
218
0
0
177
0
143
191
299
0
0
0
0
0
216
0
200
0
0
0
219
0
259
0
292
0
0
198
115
230
0
180
0
407
0
0
0
123
283
0
0
0
165
0
226
0
105
174
0
193
120
161
0
0
154
137
108
244
0
124
196
122
187
177
204
0
144
246
0
254
0
191
0
0
0
0
90
238
0
97
127
259
0
0
160
0
196
0
178
0
152
115
254
0
231
0
115
0
185
0
195
129
136
140
0
101
176
0
158
170
184
102
168
0
274
0
0
0
92
194
144
94
90
176
0
354
0
0
0
0
111
197
0
99
190
0
145
0
163
114
102
146
127
167
0
245
0
0
0
136
0
247
0
222
0
0
146
236
0
0
184
0
360
0
0
0
0
0
0
199
0
130
143
113
0
139
105
197
0
312
0
0
0
0
182
118
185
220
0
0
236
0
0
109
275
0
0
152
271
0
0
0
111
351
0
0
0
0
145
164
0
97
186
125
235
0
0
143
151
120
242
0
0
0
0
0
134
118
266
0
175
118
140
370
0
0
0
0
0
387
0
0
0
0
0
0
0
193
165
112
115
226
0
0
170
0
140
136
0
513
0
0
0
0
0
0
0
105
134
0
246
0
0
191
0
0
152
0
199
0
0
197
190
0
0
0
138
234
0
117
194
0
0
295
0
0
0
99
100
268
0
0
0
0
0
117
239
0
98
127
0
135
103
178
204
0
0
0
253
0
235
0
246
0
141
152
161
105
92
0
196
189
0
128
167
0
0
167
171
110
185
0
118
0
251
0
0
0
192
225
0
171
0
191
0
297
0
0
0
248
0
0
0
225
0
0
174
0
0
0
178
0
104
111
130
328
0
0
127
193
0
170
222
0
237
0
191
181
0
130
184
0
285
0
0
98
166
0
186
0
228
0
118
235
0
0
232
0
0
180
193
113
132
155
0
195
120
174
133
0
250
0
199
159
166
133
218
0
0
103
97
97
109
258
0
192
0
0
191
111
142
212
0
185
129
141
187
182
0
250
0
265
0
0
172
0
0
0
141
99
174
388
0
0
0
145
129
0
254
0
156
0
128
0
388
0
0
0
0
0
147
142
173
173
170
166
125
161
0
156
165
155
164
150
0
0
0
160
219
0
99
116
0
113
156
137
142
311
0
0
130
130
0
151
0
220
0
0
169
0
280
0
0
0
0
171
349
0
0
0
0
188
143
132
135
0
117
168
162
90
316
0
0
145
131
201
0
166
0
166
382
0
0
0
0
225
0
0
131
178
0
91
176
0
128
232
0
0
0
205
0
192
0
239
0
0
120
310
0
0
223
0
0
0
265
0
160
96
188
244
0
190
125
236
0
0
134
0
240
0
0
166
0
169
126
245
0
164
129
109
199
0
0
141
333
0
0
0
98
118
190
0
176
0
0
0
0
214
0
134
154
146
101
120
188
0
144
183
0
179
0
0
152
131
231
0
0
0
206
0
157
237
0
0
152
0
212
0
175
0
0
152
159
138
193
0
165
149
120
130
312
0
0
140
192
148
141
280
0
0
334
0
0
189
208
0
184
204
0
121
97
118
0
272
0
0
169
0
99
157
0
191
0
0
175
163
139
146
0
0
100
102
139
162
165
190
105
161
191
0
0
179
190
125
107
189
187
127
175
191
131
230
0
127
461
0
0
0
0
133
184
222
0
0
225
0
194
241
0
170
237
0
333
0
0
0
0
232
0
195
188
180
260
0
0
0
109
127
151
147
0
201
0
243
0
0
294
0
0
167
0
122
304
0
0
112
120
95
216
0
128
144
145
190
115
184
223
0
154
0
0
114
244
0
106
350
0
0
0
161
0
197
196
163
0
206
0
258
0
0
112
95
187
0
106
168
173
0
212
0
0
135
0
158
256
0
0
124
119
117
0
114
217
0
186
0
167
128
134
0
332
0
0
0
0
0
92
242
0
0
126
139
123
113
200
0
0
119
223
0
331
0
0
0
133
94
199
0
226
0
0
150
0
227
0
0
187
140
271
0
0
199
0
331
0
0
0
272
0
0
183
153
0
92
130
213
0
0
156
148
234
0
189
162
0
137
180
0
162
141
120
152
126
0
0
153
148
149
191
0
121
262
0
0
0
401
0
0
0
0
0
0
0
159
0
222
0
197
177
0
165
99
171
155
183
238
0
379
0
0
0
0
423
0
0
0
0
145
149
0
152
122
242
0
0
248
0
0
319
0
0
96
335
0
0
0
0
134
198
0
171
0
224
0
297
0
0
112
104
91
108
163
130
179
168
0
256
0
0
114
194
379
0
0
0
204
0
114
126
0
270
0
0
142
199
258
0
0
0
140
121
131
153
0
189
203
0
0
96
185
0
163
0
181
0
201
0
108
142
150
199
191
171
143
465
0
0
0
0
0
0
185
294
0
0
0
257
0
0
217
0
0
187
0
273
0
0
125
99
110
257
0
0
224
0
167
97
146
99
122
176
186
164
0
181
0
285
0
0
354
0
0
0
263
0
159
126
196
0
121
168
0
178
0
304
0
0
0
179
170
0
0
167
211
0
0
0
0
160
133
170
112
164
0
144
0
178
228
0
0
107
176
216
0
193
254
0
204
0
140
197
0
225
0
0
145
144
0
194
121
111
156
185
0
0
144
0
94
156
131
0
103
172
328
0
0
123
244
0
130
0
194
143
238
0
0
232
0
0
113
465
0
0
0
0
0
196
0
148
128
141
150
114
184
159
0
283
0
0
0
188
0
113
239
0
0
190
0
240
0
0
0
0
167
221
0
0
0
193
0
178
376
0
0
0
0
133
269
0
0
119
119
111
127
130
152
183
196
0
162
0
238
0
180
0
144
138
197
92
167
0
225
0
95
142
193
135
0
132
164
229
0
179
0
0
274
0
0
365
0
0
0
0
182
123
90
238
0
107
100
108
146
120
0
256
0
0
146
120
139
166
178
90
122
198
167
92
168
139
0
148
300
0
0
0
0
0
158
131
180
182
170
145
170
116
274
0
0
148
162
120
291
0
0
0
0
188
0
200
0
0
228
0
0
507
0
0
0
0
0
0
0
119
90
151
0
221
0
0
128
118
117
174
160
201
0
0
159
190
0
100
176
185
0
176
0
199
109
193
128
170
0
194
271
0
97
168
156
326
0
0
244
0
0
0
160
93
172
181
184
122
147
192
114
171
251
0
0
128
0
113
115
266
0
0
230
0
113
163
364
0
0
0
0
0
0
179
168
136
0
128
0
217
0
0
166
153
125
187
143
118
298
0
0
0
95
170
242
0
242
0
0
0
179
0
0
129
304
0
0
156
131
156
184
185
122
92
309
0
0
0
238
0
0
249
0
171
0
133
110
165
196
0
569
0
0
0
0
0
0
231
0
125
116
201
0
224
0
92
205
0
0
166
188
220
0
0
188
100
196
0
0
268
0
260
0
0
0
142
134
251
0
132
190
0
316
0
0
0
0
165
0
221
0
0
0
195
0
0
193
117
231
0
0
0
139
189
123
164
0
0
255
0
182
183
160
0
142
152
0
194
0
108
132
168
219
0
201
0
0
115
264
0
0
183
0
149
171
167
143
91
174
0
0
133
128
101
179
90
118
124
182
0
127
0
242
0
0
328
0
0
0
180
312
0
0
0
0
146
246
0
115
181
0
99
208
0
0
146
0
194
0
115
126
0
194
0
0
279
0
137
110
178
0
0
104
0
223
0
0
137
193
0
0
217
0
204
0
183
155
109
327
0
0
0
129
158
192
0
0
167
184
0
0
0
169
179
245
0
0
0
153
231
0
129
129
219
0
127
0
363
0
0
0
113
199
194
0
142
135
302
0
0
0
0
284
0
0
0
189
0
0
159
105
176
0
193
0
160
657
0
0
0
0
0
0
0
0
152
0
171
0
269
0
262
0
0
154
0
201
0
154
275
0
0
0
205
0
0
404
0
0
0
0
259
0
0
320
0
0
175
0
134
0
137
0
158
0
232
0
212
0
0
157
290
0
0
177
329
0
0
170
180
193
0
111
133
199
0
129
141
234
0
150
129
166
95
155
184
191
0
198
169
0
161
0
214
0
0
178
168
0
136
211
0
0
217
0
0
237
0
0
172
208
0
124
139
160
197
223
0
0
0
102
200
0
239
0
0
283
0
170
0
0
135
151
323
0
0
0
104
360
0
0
0
188
0
0
185
123
107
113
0
134
105
132
146
125
0
109
138
190
0
175
0
193
0
158
208
0
96
97
240
0
114
0
342
0
0
194
0
213
0
97
252
0
0
0
148
187
148
98
170
93
0
199
176
766100