128
0
162
101
0
182
193
161
0
152
152
94
119
107
193
117
0
60
0
91
150
0
112
170
142
0
129
191
128
0
134
0
128
159
104
176
0
77
166
0
96
0
35
197
193
223
0
0
135
183
111
0
138
0
100
0
210
0
161
0
75
99
186
177
81
162
0
184
169
149
0
238
0
126
102
162
0
156
138
133
119
177
190
82
233
0
194
154
70
174
165
0
74
97
0
0
58
0
0
119
0
80
120
76
150
184
0
104
100
115
153
91
0
199
165
128
189
95
211
0
42
114
114
0
175
0
100
183
157
0
188
108
202
0
0
174
153
0
0
132
164
89
109
132
169
148
173
0
65
136
95
0
163
0
150
178
112
97
69
0
45
0
94
185
118
116
119
196
0
189
150
154
199
178
196
139
0
52
110
0
0
128
0
90
127
152
198
75
96
70
87
174
82
186
0
83
172
193
0
0
85
0
57
174
96
82
134
0
167
156
240
0
131
163
86
144
81
105
0
171
106
0
47
130
0
0
126
182
152
0
109
139
183
97
218
0
67
141
105
70
0
120
122
137
185
85
74
110
83
0
0
162
0
69
127
0
0
191
157
77
117
124
0
146
126
175
173
79
133
119
80
133
110
157
0
0
138
182
135
0
84
166
114
131
199
160
94
0
109
0
175
0
111
180
183
110
189
247
0
68
80
76
218
0
67
145
98
115
118
0
199
79
167
0
235
0
151
160
130
111
109
167
0
108
0
154
0
250
0
198
178
95
194
144
103
144
153
143
199
116
189
137
145
201
0
232
0
170
71
89
103
0
70
140
161
152
75
104
0
94
169
0
0
73
0
96
166
0
179
89
237
0
179
0
130
197
0
0
0
133
123
128
90
82
166
97
111
0
76
118
80
162
103
96
75
0
0
54
177
188
70
162
0
111
0
181
126
100
87
217
0
80
87
0
168
115
185
0
85
185
0
139
0
164
69
201
0
74
124
159
124
0
165
107
0
226
0
186
138
113
167
156
0
0
164
0
59
69
98
179
0
0
221
0
165
166
102
107
161
138
0
195
0
160
133
0
0
142
0
140
0
0
166
72
76
206
0
97
145
0
110
193
171
0
175
129
162
142
110
127
135
237
0
0
31
174
82
123
103
196
0
98
90
0
126
163
131
191
223
0
0
211
0
205
0
53
198
190
104
119
172
0
124
90
178
0
40
198
0
154
93
243
0
68
99
195
0
0
0
0
234
0
163
0
151
0
94
132
137
86
195
142
183
85
139
0
89
127
0
180
0
0
109
145
181
177
180
91
0
109
155
111
141
159
99
0
146
192
0
47
144
0
0
53
135
119
0
86
100
127
78
181
189
103
137
160
193
199
199
0
136
105
0
148
126
0
120
200
0
131
0
202
0
90
194
162
166
150
157
250
0
66
0
172
188
189
199
154
126
0
182
218
0
153
120
0
107
0
129
126
70
117
0
206
0
64
78
169
147
0
186
106
164
187
0
182
183
0
113
91
124
169
0
142
0
118
148
105
0
118
195
170
198
163
181
110
170
87
175
0
0
49
79
0
74
151
91
77
185
180
170
0
138
193
109
115
97
144
171
0
0
0
163
0
0
67
0
36
0
0
89
131
0
46
188
69
252
0
79
95
170
0
181
0
59
135
237
0
133
146
203
0
174
113
0
141
0
141
190
0
57
133
0
123
192
182
169
234
0
123
110
119
104
168
101
86
163
154
0
114
0
96
130
0
108
163
187
96
77
171
0
152
152
170
178
175
194
188
156
0
135
198
130
169
195
119
0
249
0
234
0
78
149
200
0
89
97
0
78
125
157
0
99
173
85
81
193
143
155
85
110
0
69
75
73
116
0
99
186
73
145
101
0
93
0
251
0
122
0
0
86
146
148
0
162
113
0
183
90
0
221
0
215
0
89
176
191
149
75
240
0
109
0
99
0
139
203
0
153
0
200
0
174
139
0
0
184
97
101
142
175
0
53
251
0
0
143
136
87
126
87
118
0
70
221
0
188
82
192
80
132
0
0
0
128
0
160
0
0
56
129
100
94
222
0
151
152
0
103
0
0
119
0
93
100
181
148
179
188
0
170
73
214
0
101
168
72
75
164
0
104
0
91
156
74
132
0
210
0
176
170
112
126
83
151
195
126
119
205
0
145
175
197
159
139
171
152
189
130
154
109
0
186
249
0
81
221
0
156
0
168
0
80
0
197
95
153
79
78
0
38
152
199
164
219
0
91
149
0
0
187
116
95
154
156
82
149
0
107
154
243
0
124
0
131
0
145
0
65
144
150
139
111
206
0
114
0
97
0
188
105
0
161
0
124
133
121
0
0
103
191
221
0
0
169
85
131
0
118
0
0
0
147
201
0
164
125
72
92
0
0
51
148
0
184
153
0
0
0
143
195
0
0
115
98
135
134
0
82
167
0
129
197
139
193
146
0
99
157
148
0
0
0
189
183
157
0
240
0
181
105
127
223
0
132
123
0
51
73
115
87
189
0
128
0
38
124
93
0
97
153
157
0
176
0
135
178
188
153
0
133
0
174
0
54
194
0
81
151
0
173
146
90
0
165
154
124
164
184
73
0
139
176
0
148
0
170
173
123
123
157
0
134
0
150
133
107
90
79
147
128
0
128
0
150
0
183
200
0
0
153
138
174
152
0
0
51
134
113
123
123
131
157
0
118
150
120
0
111
0
178
0
158
0
203
0
0
111
0
261
0
0
195
146
167
185
0
0
178
0
154
0
79
73
163
0
143
87
156
0
97
0
152
117
105
130
170
0
151
0
125
96
0
85
224
0
0
0
65
188
156
0
85
109
107
0
169
263
0
153
135
132
0
112
110
149
0
187
183
0
0
105
82
134
195
105
137
183
0
93
244
0
218
0
212
0
119
0
67
0
101
147
0
174
0
182
86
179
102
0
0
103
0
116
133
109
0
197
133
99
155
104
157
156
0
89
153
143
101
90
0
123
130
162
165
247
0
150
187
136
165
0
93
108
185
102
0
140
0
165
113
0
160
198
81
172
0
125
78
199
209
0
179
108
94
97
74
165
0
125
0
71
138
200
0
176
0
184
103
178
200
0
117
136
129
133
210
0
131
113
172
176
0
242
0
195
70
0
110
177
176
197
117
228
0
165
80
134
0
152
165
71
76
119
0
189
208
0
205
0
65
83
145
150
0
0
165
161
169
119
157
107
0
142
0
0
163
153
0
81
0
95
106
106
0
161
0
0
163
82
85
0
126
187
0
96
179
0
187
0
256
0
163
145
146
131
125
0
0
154
161
151
0
138
145
78
192
126
145
131
0
41
120
111
0
142
0
135
80
78
158
0
111
140
156
186
232
0
50
186
0
116
170
0
0
107
119
198
112
0
0
101
0
136
100
126
194
0
0
191
182
181
144
168
0
0
140
245
0
49
163
217
0
83
0
95
80
0
71
197
175
75
0
84
207
0
184
143
142
0
0
154
128
0
93
117
0
182
167
191
0
184
151
0
70
0
61
146
0
193
0
236
0
0
57
146
98
0
146
0
87
0
100
239
0
148
82
161
126
0
176
178
125
160
143
0
180
113
100
192
0
143
0
126
0
97
106
0
195
114
0
39
180
0
136
100
88
223
0
0
195
111
141
143
76
0
80
153
89
125
154
0
146
119
70
135
172
0
119
168
0
131
184
166
119
0
166
127
0
0
0
173
143
92
176
161
0
247
0
127
102
99
69
164
164
71
94
0
93
163
74
143
77
198
190
0
97
199
89
230
0
128
196
86
177
198
167
138
0
157
136
156
0
73
119
177
0
119
162
0
0
258
0
73
113
100
0
0
138
109
159
151
196
0
126
0
144
0
108
96
134
0
225
0
117
0
77
89
191
91
0
146
143
0
158
0
100
0
139
174
87
0
0
141
91
124
0
64
97
99
156
160
195
0
54
98
0
199
107
178
167
91
187
189
150
133
174
137
139
0
0
122
86
122
122
0
98
71
0
73
0
113
0
0
43
180
151
0
108
135
212
0
0
80
110
102
111
0
156
174
0
90
161
189
80
130
171
188
133
98
0
128
0
195
0
173
154
0
97
0
58
175
72
0
0
131
105
0
106
0
0
180
0
157
188
124
163
0
0
174
0
69
186
153
132
0
126
171
89
83
108
74
185
237
0
113
198
146
143
0
115
0
0
187
136
106
0
42
90
115
0
114
72
71
215
0
0
0
98
81
0
98
97
225
0
0
114
193
103
0
159
119
126
182
102
0
58
150
0
188
0
156
219077