193
204
0
0
78
115
104
175
88
0
193
0
79
185
0
0
188
0
61
0
93
123
104
0
90
106
115
128
69
143
157
133
0
135
174
87
162
156
0
92
135
171
120
0
28
150
166
133
0
74
140
180
68
127
195
0
0
55
65
0
106
0
161
0
75
60
101
0
132
161
153
52
166
158
85
94
105
67
150
165
0
0
0
103
123
0
159
57
0
124
196
174
0
0
109
69
92
0
87
91
90
193
0
83
52
186
112
0
190
0
171
121
90
178
82
77
184
115
87
152
0
118
0
199
135
135
0
175
86
87
59
0
241
0
135
0
38
203
0
79
154
223
0
125
0
108
75
0
197
67
169
137
0
54
168
57
113
174
106
179
114
134
62
98
173
161
193
151
0
0
57
95
66
0
44
151
165
90
0
209
0
44
80
128
172
90
150
91
81
190
239
0
138
61
178
0
163
90
122
149
164
162
91
112
66
186
0
52
154
115
0
137
193
194
205
0
85
0
182
80
90
55
174
0
135
58
0
0
43
106
190
90
191
53
66
151
106
171
0
0
96
136
0
196
0
161
114
87
92
134
170
0
34
151
84
183
111
106
0
73
0
117
51
195
102
94
97
0
106
193
0
56
91
203
0
36
169
74
0
160
115
0
142
176
91
129
96
122
0
31
175
187
220
0
85
0
69
113
77
172
0
69
166
0
0
121
63
144
70
51
52
107
154
80
53
65
89
177
107
70
0
33
158
0
117
201
0
115
0
89
178
56
72
131
194
118
132
90
0
162
90
0
46
196
194
178
56
135
58
53
0
56
92
175
161
109
99
0
184
160
63
147
171
95
119
149
0
50
148
67
221
0
126
208
0
45
100
0
0
164
176
138
0
85
93
143
167
164
195
58
147
0
67
98
149
0
63
0
125
70
151
90
137
69
0
43
64
188
59
134
196
197
89
70
175
116
0
0
88
189
0
0
133
193
0
67
179
103
192
136
0
62
155
143
189
0
158
0
136
129
0
168
70
174
150
102
65
0
101
191
169
127
129
0
126
124
143
0
0
0
187
175
60
0
67
0
190
0
110
0
114
179
107
0
162
171
134
153
120
80
0
150
0
87
0
69
154
156
62
0
52
190
147
0
86
196
195
187
0
99
80
109
154
227
0
158
189
0
140
194
138
201
0
106
162
70
113
50
175
108
0
161
80
190
63
158
192
113
214
0
0
155
158
178
149
228
0
194
203
0
216
0
126
187
168
0
171
0
113
77
88
171
156
185
160
188
166
0
199
131
133
101
0
104
0
145
165
109
98
170
158
178
126
0
121
67
146
64
89
89
96
140
72
65
96
231
0
133
194
85
174
0
86
76
68
0
86
101
159
193
197
90
53
127
57
0
136
191
0
170
0
0
106
66
197
79
51
155
0
123
183
113
232
0
0
149
131
116
62
58
95
199
0
182
178
51
102
0
173
110
69
176
198
56
95
0
50
0
179
0
84
199
0
70
76
196
69
170
115
192
77
0
186
179
0
145
58
132
178
71
109
0
0
137
164
174
86
103
0
169
55
191
0
193
85
102
103
191
115
69
192
78
126
0
34
68
198
151
80
132
142
65
103
0
189
0
82
98
192
0
153
0
88
182
0
57
133
118
76
83
231
0
198
121
0
81
164
165
62
86
0
48
76
165
143
53
84
107
0
70
111
0
161
0
0
106
145
70
173
0
232
0
128
137
0
148
161
82
213
0
151
128
104
164
0
79
185
104
234
0
107
56
65
168
197
95
232
0
183
0
134
176
80
225
0
0
136
171
111
0
55
64
119
0
73
181
141
113
0
135
0
139
0
106
152
197
97
0
0
83
125
122
0
72
55
73
73
0
107
53
240
0
112
81
94
0
0
165
0
70
137
127
193
0
26
121
117
53
143
63
153
0
125
0
45
138
151
0
145
123
0
113
0
95
122
64
162
140
188
97
149
98
0
92
155
146
145
65
61
148
156
0
105
186
172
0
73
221
0
0
61
74
196
0
94
0
51
96
150
0
78
109
117
0
85
128
67
0
130
0
0
175
193
52
154
196
126
220
0
124
196
148
161
0
102
77
113
65
203
0
85
182
0
44
199
0
60
0
148
132
0
68
183
0
178
0
138
191
101
125
179
134
0
114
189
148
59
0
117
133
134
181
130
81
148
52
87
61
121
0
82
137
120
0
0
29
156
196
0
121
88
0
154
84
0
138
121
0
67
160
130
183
154
0
225
0
80
0
198
0
41
66
115
0
153
196
0
185
167
0
95
156
104
0
129
0
219
0
55
107
0
84
0
58
145
151
199
72
0
176
0
232
0
140
0
207
0
59
76
110
0
0
101
76
76
207
0
195
98
0
136
106
0
134
168
106
132
155
160
139
84
0
113
59
87
159
131
0
86
164
137
190
0
60
0
234
0
162
0
29
73
74
161
219
0
127
135
132
52
137
0
70
84
0
0
159
176
0
0
97
0
82
132
0
104
199
146
150
134
142
0
32
58
107
71
69
53
64
178
0
56
0
106
78
0
117
150
207
0
147
0
186
187
0
180
0
174
171
170
0
59
93
0
118
152
134
0
0
44
107
61
130
221
0
194
70
75
135
0
185
0
92
141
73
146
0
176
124
142
0
180
63
122
173
0
173
119
86
151
96
132
197
67
74
0
134
0
213
0
0
106
87
57
150
179
52
141
0
88
119
76
106
182
64
109
195
187
0
195
0
26
117
74
128
0
132
83
0
0
61
0
0
31
0
169
129
0
25
117
0
62
125
201
0
132
87
129
0
128
154
218
0
161
117
161
78
138
0
134
0
65
0
99
104
61
154
84
90
0
194
89
0
192
58
115
158
144
191
0
198
117
0
0
113
136
76
125
101
102
0
71
185
68
0
131
80
0
95
86
176
99
205
0
40
67
0
0
123
0
53
96
108
170
126
0
136
155
150
124
147
131
189
146
0
109
166
173
170
189
0
123
163
92
0
111
59
0
148
0
112
160
193
0
46
0
221
0
0
125
0
55
123
105
147
0
151
193
102
150
111
0
115
175
165
131
0
187
203
0
85
91
104
122
50
107
64
0
80
198
144
63
0
181
115
168
0
94
165
155
86
196
0
65
122
79
0
90
126
0
188
74
199
89
120
52
161
77
188
0
123
0
96
0
138
56
93
107
104
63
188
190
137
107
165
56
87
68
171
148
0
177
145
0
0
38
107
81
197
87
95
201
0
43
165
0
150
116
167
0
134
186
0
182
148
159
92
0
159
77
135
205
0
172
172
171
104
120
141
141
171
129
0
150
163
135
159
161
0
198
91
183
0
72
0
111
186
66
193
64
68
182
209
0
73
0
85
112
151
193
171
173
101
0
194
0
50
0
0
81
190
89
150
235
0
0
0
190
207
0
59
153
180
73
208
0
121
164
0
152
189
179
0
0
124
86
0
104
0
103
199
154
154
162
92
81
144
168
53
158
202
0
0
33
0
199
0
58
144
177
111
151
159
174
0
38
88
63
138
167
192
91
0
185
0
60
161
193
50
195
129
0
124
114
83
79
170
56
146
76
197
0
167
72
112
62
57
167
84
160
157
114
77
186
0
118
134
165
0
101
86
92
148
0
80
0
175
0
80
53
87
102
0
197
0
60
0
36
0
124
169
0
130
140
126
0
64
192
142
70
184
162
175
57
0
118
61
150
67
197
153
148
175
0
112
142
137
107
103
126
175
0
67
88
157
58
72
0
0
91
61
173
191
0
0
193
87
0
110
84
92
194
0
74
59
85
195
0
132
157
153
0
124
0
37
159
58
144
188
186
201
0
70
176
0
150
0
76
217
0
46
197
50
82
152
60
83
168
168
0
0
65
199
0
105
0
192
82
93
74
207
0
40
134
0
164
118
198
105
189
93
0
34
52
110
0
175
77
0
116
135
70
0
164
226
0
124
0
25
118
186
59
167
100
153
148
184
147
72
126
54
108
0
122
93
134
0
62
0
96
186
199
107
0
0
98
162
53
164
73
52
159
109
97
152
69
0
103
50
177
158
139
79
0
82
180
194
0
194
114
0
66
121
124
71
0
104
127
93
211
0
109
60
144
169
94
106
178
108
77
0
145
0
112
177
133
191
132
116
0
79
194
136
0
59
72
213
0
159
214
0
85
139
137
182
73
0
39
160
98
102
0
104
75
92
0
134
175
203
0
199
0
84
78
56
192
0
134
0
123
107
61
84
71
138
192
182
131
88
77
0
148
73
60
173
105
79
126
194
0
196
0
183
78
97
0
89
169
0
168
0
171
120
190
137
205
0
62
55
126
195
68
152
170
0
113
0
61
174
0
68
164
79
151
0
32
101
137
0
99
70
189
0
147
98
142
0
212
0
150
0
49
111
96
67
130
153
0
160
193
192
91
0
135
129
169
0
165
71
0
155
189
193
181
0
110
133
216
0
157
50
73
71
176
57
0
25
191
91
184
0
180
139
165
135
0
173
128
0
0
128
0
59
181
106
184
0
128
141
59
0
191
118
178
0
113
189
176
148
0
72
0
141
120
77
147
173
108
0
80
218
0
157
0
125
169
54
105
173
264330