104
0
105
0
80
152
129
195
102
0
0
181
151
162
78
50
78
149
69
65
197
199
69
154
49
136
0
0
98
89
198
193
0
104
89
54
173
0
142
0
164
0
136
0
141
181
109
0
184
175
0
54
75
0
133
0
139
81
65
82
161
67
0
99
193
114
142
124
164
158
157
179
79
76
137
199
58
128
106
0
129
148
0
135
73
93
99
206
0
70
90
134
0
183
71
129
115
109
0
0
126
155
131
0
0
134
114
129
178
109
0
76
207
0
110
153
93
0
0
161
92
148
80
184
0
164
0
49
75
0
175
172
0
149
121
0
0
99
0
160
114
91
48
60
110
0
100
169
241
0
67
188
0
167
154
0
238
0
0
112
145
112
92
0
148
90
83
109
93
0
0
0
141
147
130
0
141
130
91
0
143
163
66
114
137
166
0
130
0
53
189
0
67
184
0
165
0
141
0
0
0
74
138
0
96
194
72
128
125
89
0
123
0
178
0
0
121
270
0
0
0
178
92
74
149
79
92
141
216
0
122
172
104
0
186
0
147
0
195
0
175
159
103
101
51
135
142
90
133
0
92
110
171
156
132
181
147
0
154
146
153
0
154
103
120
141
114
91
138
0
181
102
151
93
69
152
197
140
164
163
0
122
135
65
160
79
48
94
58
148
159
0
0
0
147
82
242
0
0
0
92
168
0
136
168
164
60
149
0
53
189
96
52
0
133
0
194
96
132
113
188
140
165
84
69
122
177
119
0
51
204
0
0
0
58
142
168
197
127
111
151
187
0
165
88
44
178
124
0
130
127
0
166
204
0
0
98
185
175
69
169
154
163
152
144
200
0
198
161
143
74
89
71
214
0
0
51
0
162
82
0
49
190
0
0
168
48
154
137
102
66
118
131
77
116
183
123
113
133
57
65
181
89
185
196
0
152
168
97
97
74
190
193
0
85
156
178
196
0
0
103
211
0
95
217
0
0
102
137
83
145
117
154
194
109
0
0
0
156
158
94
171
104
131
136
119
191
146
215
0
0
0
0
99
103
59
97
166
0
0
172
0
86
134
124
0
164
183
0
141
231
0
86
65
54
174
111
0
109
94
109
144
121
54
101
107
160
70
134
55
0
185
0
0
0
143
106
204
0
54
73
196
123
54
200
0
0
50
136
50
115
189
179
86
192
147
183
0
189
125
132
130
0
132
73
63
63
93
97
168
194
0
175
113
0
175
0
101
47
181
104
152
164
170
192
178
141
205
0
154
52
156
205
0
0
51
45
94
49
149
0
117
144
110
165
202
0
189
87
186
97
58
173
208
0
74
82
112
155
0
63
96
63
174
102
0
171
118
161
133
198
190
0
101
84
72
127
202
0
174
122
100
113
0
163
210
0
0
150
0
195
195
176
0
178
112
106
137
168
0
0
0
0
0
50
181
128
155
91
0
143
0
0
182
102
0
72
112
182
138
0
169
115
60
58
65
176
0
115
162
0
110
0
105
155
137
112
0
73
131
193
105
175
138
58
165
191
124
120
0
142
193
209
0
129
156
165
0
196
66
162
207
0
96
184
142
109
89
49
44
117
0
89
244
0
0
0
0
149
113
96
67
158
51
78
81
80
0
112
0
161
59
161
115
83
163
137
121
0
190
159
105
0
175
0
228
0
0
175
0
141
99
148
92
113
172
95
187
183
177
168
140
166
0
0
76
131
158
101
113
80
179
0
205
0
179
0
171
157
0
139
112
171
48
174
170
196
83
0
176
192
62
164
175
0
0
0
55
66
199
0
0
114
101
83
0
132
88
0
148
98
163
156
186
121
83
107
0
154
49
202
0
142
178
151
128
151
0
195
190
0
69
88
146
74
77
0
48
187
0
0
102
0
155
179
157
196
0
98
175
176
110
0
94
143
65
44
73
166
71
150
159
54
153
119
123
164
174
84
105
0
116
65
0
135
185
182
165
89
179
84
142
162
144
128
0
0
47
87
83
0
93
158
157
0
92
145
48
145
0
124
68
88
167
0
185
100
152
0
198
194
120
179
197
0
85
46
114
0
48
109
74
0
47
150
177
135
156
110
0
92
162
194
110
154
87
90
91
152
197
156
100
45
101
0
0
137
153
130
109
79
73
153
65
91
140
0
102
144
0
184
114
74
119
138
48
44
117
0
193
54
91
90
0
101
176
122
64
198
47
163
72
52
0
48
91
122
0
74
167
179
0
172
129
210
0
47
165
146
183
140
0
137
0
142
215
0
0
177
206
0
0
179
201
0
195
0
176
89
110
0
142
173
118
0
90
72
49
151
155
0
54
111
0
138
181
83
73
141
0
198
53
102
195
0
196
137
199
0
75
194
104
113
119
85
114
166
0
168
123
0
132
66
186
192
86
160
0
59
217
0
0
68
0
74
89
139
92
145
143
130
88
194
95
82
184
169
154
150
167
101
106
0
149
140
0
139
0
72
44
82
123
89
121
48
118
134
130
163
166
123
175
131
187
301
0
0
0
0
77
72
115
108
113
89
151
0
0
174
190
134
0
52
129
115
0
198
118
144
0
0
46
105
0
153
166
0
108
139
112
0
0
133
162
192
53
160
182
194
45
135
82
164
0
157
72
186
193
184
52
52
74
62
116
0
0
58
68
169
74
131
122
183
193
202
0
134
61
150
110
45
235
0
55
114
132
0
148
158
132
174
0
0
187
194
0
111
79
66
222
0
0
192
125
0
51
0
97
146
110
234
0
0
0
171
258
0
0
179
105
127
96
0
0
128
141
145
57
171
0
124
47
85
72
189
138
0
188
186
161
167
180
49
82
48
69
126
168
0
157
161
194
199
0
96
134
62
70
0
66
0
109
140
149
150
0
99
0
0
112
181
53
58
89
157
0
47
197
81
54
139
0
181
109
0
90
193
108
0
122
132
185
103
0
97
0
83
133
139
114
58
192
55
0
195
0
165
176
0
169
160
178
0
203
0
141
0
118
90
69
188
196
103
102
0
207
0
121
89
64
124
0
71
144
149
127
178
139
0
108
175
191
64
197
109
202
0
139
192
67
89
47
189
49
110
226
0
150
123
79
44
151
61
130
59
148
178
45
182
166
223
0
0
0
68
199
79
0
148
95
78
0
99
0
113
180
189
135
155
69
149
87
71
195
0
0
130
0
187
102
143
206
0
0
110
109
221
0
0
0
108
196
167
0
177
0
174
90
182
0
0
127
126
0
191
74
0
70
121
64
131
46
166
0
91
152
163
158
54
0
63
264
0
0
0
120
87
147
166
0
0
125
129
111
132
213
0
87
0
177
0
0
174
137
76
217
0
166
199
71
67
175
152
154
0
49
163
96
0
162
211
0
0
124
0
0
145
124
77
118
123
172
131
92
193
140
144
0
126
56
184
190
129
59
119
45
175
0
225
0
0
58
192
106
64
113
0
211
0
112
0
163
132
48
54
112
111
106
143
116
214
0
0
166
153
0
100
0
186
0
128
110
53
183
159
0
0
76
0
171
115
186
0
67
79
159
0
0
141
81
0
122
48
151
157
75
140
0
89
135
96
158
154
66
178
133
104
113
181
142
61
56
180
0
49
83
143
107
88
192
46
202
0
0
134
157
122
128
149
110
196
169
0
124
73
152
164
71
0
162
123
69
186
192
150
94
0
158
71
131
189
93
167
329
0
0
0
0
0
155
125
0
0
180
0
127
113
123
192
158
177
0
130
97
109
95
163
159
90
137
84
49
117
169
114
132
194
0
127
63
133
135
108
171
229
0
207
0
143
137
113
193
172
0
83
0
203
0
187
0
151
199
99
123
61
169
190
191
0
90
163
155
138
201
0
132
170
0
183
208
0
96
0
116
170
0
54
139
183
0
89
162
202
0
78
75
224
0
148
92
151
92
0
56
128
114
111
0
75
0
49
60
169
155
208
0
115
119
119
0
0
54
169
227
0
174
114
191
0
104
0
192
0
165
0
80
81
81
102
71
64
151
93
162
102
100
0
106
0
122
0
141
133
48
48
78
195
55
187
192
150
90
132
129
125
81
0
131
0
161
97
0
95
90
87
88
56
188
51
183
171
93
52
194
123
78
145
80
187
139
85
100
58
98
109
221
0
155
76
108
129
119
0
0
131
0
0
100
148
107
0
151
0
135
77
150
94
116
72
59
115
0
209
0
0
0
0
68
97
166
153
0
224
0
0
57
85
178
58
48
202
0
151
0
114
180
206
0
68
156
162
78
0
111
171
157
112
111
189
118
118
0
196
127
98
175
55
176
156
129
163
0
69
50
117
0
49
200
0
149
94
0
0
114
87
190
56
122
66
164
132
52
92
103
137
110
181
179
173
0
126
49
48
115
52
64
188
170
159
102
130
154
54
61
146
0
57
128
109
173
0
196
131
0
82
108
76
153
99
196
113
173
0
143
122
177
44
84
74
0
129
163
226
0
0
149
0
97
175
0
168
56
55
173
141
120
157
186
0
44
136
0
49
166
106
71
138
160
177
114
197
195
182
0
144
177
65
90
155
156
172
176
115
170
186
119
0
96
122
139
124
171
93
102
150
141
182
0
133
211
0
200
0
0
0
166
0
101
0
0
212
0
0
77
195
178
136
134
51
114
109
54
104
73
159
0
146
129
192
178
152
73
152
0
125
0
78
169
111
46
105
0
0
109
186
126
45
52
141
0
175
132
58
93
51
75
152
166
0
166
131
102
101
91
144
0
111
140
183
96
88
120
121
161
84
187
72
151
0
0
126
159
111
0
104
0
0
53
80
0
125
46
48
195
121
166
0
175
192
108
71
133
0
51
184
178
0
229
0
0
170
114
86
124
69
166
64
0
82
90
99
189
75
127
53
118
0
181
164
189
0
134
123
185
193
194
0
145
155
0
70
109
173
61
161
193
152
110
113
182
174
0
225
0
0
108
116
123
197
141
148
65
162
173
143
52
90
183
197
147
179
59
138
0
114
187
83
121
155
0
0
183
176
137
143
178
92
136
0
0
150
198
0
198
162
67
0
173
162
175
67
164
159
74
166
98
60
176
168
209
0
87
165
113
76
138
132
0
191
156
114
0
94
199
91
149
0
122
142
88
167
74
75
0
118
127
139
84
103
175
172
154
0
128
71
191
110
259
0
0
0
0
138
0
80
49
67
112
154
0
160
142
0
218
0
87
0
111
94
0
182
150
200
0
155
173
159
94
77
0
56
109
199
84
170
60
130
52
159
143
126
149
131
103
172
180
112
131
123
61
147
90
126
159
131
197
123
185
153
145
0
0
88
162
198
0
187
108
158
140
112
0
93
58
169
74
100
124
150
161
0
236
0
0
0
0
156
148
0
49
88
126
191
76
169
177
48
101
133
78
89
189
64
122
0
133
54
96
80
133
0
0
194
44
134
89
0
230
0
75
128
0
169
86
113
168
54
222
0
0
135
101
0
118
0
78
150
185
168
176
0
145
0
0
49
188
71
86
173
162
74
0
197
194
122
0
0
0
0
0
147
56
107
118
45
185
197
237
0
162
57
139
172
197
62
139
170
172
68
177
137
142
69
97
67
179
0
173
182
59
116
123
185
102
0
196
117
100
87
89
53
202
0
192
180
108
130
0
50
181
113
159
0
0
115
66
67
159
191
59
123
0
70
172
0
68
156
80
0
160
135
55
237
0
0
144
199
61
182
133
0
267
0
0
164
207
0
0
147
171
166
61
231
0
72
0
162
96
88
89
165
152
222
0
0
149
194
159
91
160
0
175
0
0
159
103
115
117
0
140
110
117
0
176
101
81
0
67
0
129
95
96
176
0
86
139
138
187
122
83
0
131
110
99
0
175
182
107
0
155
176
0
0
121
50
104
134
177
0
201
0
97
132
85
50
64
156
0
135
0
53
199
194
49
191
0
130
0
103
113
208
0
165
86
95
169
0
80
161
141
119
0
157
118
164
163
44
87
121
73
0
160
112
169
197
120
0
58
134
0
172
130
0
170
86
0
0
72
0
181
145
0
169
0
137
124
139
174
148
0
169
0
100
70
134
90
0
87
175
186
199
117
193
192
0
57
52
110
0
184
105
178
93
161
65
195
86
174
200
0
134
135
81
193
91
0
125
124
152
102
110
0
195
198
79
0
0
205
0
183
0
59
95
156
133
152
0
0
80
0
141
102
117
152
60
149
0
0
0
86
95
188
0
183
174
74
183
145
0
182
0
51
113
66
186
110
72
194
0
0
73
174
56
175
0
0
178
0
215
0
48
114
74
125
0
132
75
210
0
205
0
185
176
180
0
119
0
133
176
165
101
152
151
148
113
179
188
0
0
50
176
0
165
210
0
47
187
48
175
184
87
172
65
155
186
142
59
89
87
0
136
0
116
57
62
143
149
127
124
137
158
194
0
123
114
142
0
45
173
0
61
206
0
193
72
92
0
208
0
152
0
145
195
226
0
0
0
186
160
191
84
0
62
110
126
109
147
134
90
71
0
85
113
0
169
46
217
0
111
121
184
0
64
157
221
0
122
198
108
200
0
81
113
82
68
101
0
124
75
108
93
119
200
0
0
125
0
86
140
0
115
166
83
177
123
62
77
48
200
0
0
49
123
0
187
0
0
153
145
0
87
136
191
123
82
166
62
55
62
166
58
130
89
131
103
104
173
112
47
176
192
0
172
103
0
0
121
103
190
176
85
162
59
118
0
145
157
129
198
123
160
0
0
0
63
141
166
0
0
174
55
148
93
81
96
137
135
0
95
201
0
120
0
0
0
190
140
196
135
115
172
199
0
125
116
138
112
95
175
0
180
0
177
136
65
60
189
90
174
178
45
68
0
165
128
165
177
134
95
0
211
0
53
109
159
0
172
76
48
180
191
0
138
127
48
137
0
173
167
151
0
47
203
0
0
0
82
155
139
117
145
0
0
53
156
123
129
138
154
109
117
0
73
106
98
59
137
0
185
110
192
160
101
0
68
74
89
0
135
0
189
149
0
177
71
132
94
80
195
131
0
167
0
147
243
0
0
67
153
130
165
180
142
67
0
130
0
76
114
78
139
0
67
142
100
195
176
0
0
151
118
69
51
108
131
109
199
99
75
124
141
0
0
0
189
159
169
122
127
169
0
173
159
171
56
102
0
0
189
124
104
148
157
176
0
145
96
126
0
169
75
105
154
92
146
0
0
73
88
0
91
184
0
231
0
0
0
186
72
50
104
132
80
140
69
142
192
149
48
207
0
0
0
127
123
197
0
208
0
199
110
180
116
0
0
90
139
141
170
171
0
185
0
66
0
212
0
101
161
52
114
0
0
146
50
137
90
132
80
183
131
173
97
103
140
59
0
127
89
63
183
74
0
199
185
0
53
154
48
157
176
50
49
152
0
189
176
196
99
78
173
139
187
214
0
115
89
172
0
86
196
117
179
164
141
50
179
144
0
0
162
183
192
130
67
162
181
175
87
139
174
0
47
107
80
179
178
141
80
105
115
171
174
0
67
141
0
163
54
84
242
0
0
0
148
137
95
194
0
61
76
67
83
161
176
210
0
122
160
177
168
0
0
75
155
82
98
101
52
190
139
191
0
0
0
96
170
195
155
97
95
154
59
112
197
0
54
139
158
50
46
178
160
94
143
0
0
64
158
0
96
0
168
0
181
0
0
0
148
92
194
107
198
67
199
92
115
140
163
91
184
185
0
0
72
191
0
152
0
156
0
183
90
146
167
0
48
48
65
94
183
0
0
105
134
163
91
0
90
0
69
189
0
50
172
77
137
0
49
109
232
0
0
112
0
98
151
200
0
114
182
112
0
0
168
0
120
182
209
0
0
0
63
101
183
0
101
111
122
0
148
0
130
179
164
108
104
180
189
55
107
162
96
51
184
137
0
0
178
152
198
167
150
0
126
136
0
131
69
198
82
129
257
0
0
0
182
107
53
92
105
186
143
80
0
78
54
83
197
75
168
110
0
118
206
0
151
0
131
112
0
143
174
201
0
130
74
218
0
0
141
157
151
166
0
111
0
77
103
0
103
177
133
130
223
0
166
89
0
52
51
125
81
46
181
176
80
55
195
0
140
75
235
0
0
0
44
207
0
0
0
167
189
48
77
154
176
181
54
78
145
137
0
79
98
0
115
130
91
175
233
0
0
173
67
102
161
84
116
89
143
118
185
0
0
0
125
122
196
150
124
102
120
157
160
145
151
214
0
137
127
60
174
96
94
0
127
146
0
179
154
73
0
144
47
159
50
148
48
156
182
71
108
256
0
0
101
199
165
138
139
177
80
135
0
86
81
56
63
54
73
0
51
103
171
0
169
105
139
0
128
0
129
45
138
120
186
129
158
157
80
129
0
0
205
0
168
141
79
0
0
147
0
0
90
75
137
186
137
161
196
96
96
148
50
195
114
91
54
151
143
0
0
172
121
0
98
58
139
186
88
190
132
77
120
90
148
45
104
82
89
76
109
114
85
192
51
0
120
82
61
140
0
0
196
0
107
200
0
167
120
87
159
208
0
184
0
76
44
154
104
122
94
151
95
0
94
192
149
121
47
104
117
182
197
122
52
109
158
185
146
0
0
74
142
80
0
0
44
130
126
93
181
61
84
164
153
0
110
87
191
222
0
123
160
233
0
0
218
0
196
64
192
157
139
0
113
0
0
80
247
0
0
228
0
80
166
0
69
67
0
97
97
0
52
117
156
189
0
200
0
213
0
61
0
173
134
120
169
0
195
48
161
151
90
189
84
186
0
134
75
124
164
163
48
102
49
170
196
0
164
105
112
0
81
174
140
0
0
195
75
0
127
141
198
150
71
0
63
108
0
0
132
193
0
136
79
180
0
181
0
80
92
50
190
177
63
117
214
0
151
131
60
162
0
100
110
120
0
167
46
62
214
0
0
157
73
196
127
110
69
193
54
0
121
73
0
129
113
88
216
0
56
84
109
65
207
0
84
170
106
117
190
175
46
0
72
83
82
108
133
192
180
187
174
123
174
191
98
188
170
83
136
113
191
139
182
113
162
99
0
223
0
0
171
60
188
124
195
0
0
106
189
159
89
136
86
46
196
0
157
123
189
164
154
206
0
131
98
0
113
0
147
193
74
121
192
228
0
0
137
0
182
76
83
55
112
84
242
0
0
70
98
250
0
0
161
127
92
80
103
0
164
130
67
119
104
86
162
135
149
0
54
135
146
54
157
0
197
141
196
172
72
112
126
116
61
84
0
69
98
78
181
145
139
134
114
213
0
0
68
158
48
128
0
157
112
122
119
171
0
85
73
198
166
142
148
100
177
170
182
141
96
0
72
0
137
0
142
0
122
150
0
57
187
78
102
0
148
0
117
177
88
161
155
125
89
196
49
74
86
0
109
59
211
0
191
68
57
135
105
142
0
0
179
75
139
130
49
75
152
197
121
233
0
165
108
141
116
0
145
95
0
114
136
99
134
91
0
0
160
76
114
140
0
193
121
0
188
0
146
169
137
68
119
139
0
61
109
0
101
58
63
158
63
83
133
65
98
53
72
122
87
191
85
0
0
215
0
190
98
133
95
120
173
142
163
112
121
44
145
0
61
201
0
124
0
173
183
50
128
0
0
96
0
172
51
132
52
135
0
63
49
69
187
171
169
135
139
0
117
87
154
44
138
80
153
0
106
125
0
0
0
0
144
0
195
0
220
0
0
121
176
0
168
0
82
46
88
187
138
143
75
122
76
160
0
68
82
113
0
196
187
136
159
159
226
0
0
179
188
218
0
0
64
123
73
149
49
124
71
54
87
55
127
65
154
163
0
120
67
146
128
80
139
0
97
0
173
212
0
93
159
0
59
155
168
134
268
0
0
0
102
0
89
109
0
81
0
197
171
176
108
0
83
181
139
198
0
0
0
146
59
193
150
116
164
170
69
189
125
160
163
142
170
83
154
0
0
133
0
124
113
49
97
226
0
95
178
53
57
53
113
183
94
187
233
0
140
165
186
140
132
130
95
89
148
0
241
0
150
188
134
109
176
68
0
60
63
162
55
94
185
0
160
0
92
134
215
0
100
0
163
190
132
119
229
0
0
62
145
0
0
186
191
0
155
131
142
0
136
0
45
68
63
170
0
0
122
136
49
103
88
160
78
216
0
82
72
143
115
82
154
73
123
0
0
161
172
0
143
136
150
153
137
173
187
99
136
94
95
0
172
135
0
121
45
171
0
88
189
194
135
0
60
72
163
0
175
133
119
46
108
72
72
220
0
173
0
101
0
85
174
75
133
0
81
0
45
129
50
141
78
69
216
0
60
176
48
220
0
128
0
224
0
50
185
52
174
180
190
0
117
191
161
0
71
110
49
126
138
0
166
45
69
210
0
124
0
0
51
185
0
115
158
0
186
66
53
120
0
178
162
60
198
0
57
135
129
76
179
194
110
89
135
131
72
67
110
0
181
194
112
44
130
78
81
109
99
90
119
58
68
0
81
0
64
116
0
145
164
189
184
148
136
213
0
53
74
166
160
99
194
0
195
101
46
77
67
75
0
169
53
204
0
163
0
172
0
124
66
0
0
109
132
89
0
0
127
53
97
0
176
86
69
118
80
69
138
70
149
100
0
161
92
0
112
114
98
95
0
192
89
106
185
167
49
123
86
0
94
0
187
137
201
0
101
109
59
185
50
196
51
102
150
63
0
137
151
161
133
125
99
0
0
125
0
169
231
0
0
74
59
108
0
163
0
0
91
108
63
181
90
83
162
114
145
77
87
168
148
114
149
114
99
63
176
163
76
0
52
100
69
76
88
62
0
51
109
181
245
0
0
85
166
55
158
126
179
186
56
195
90
81
119
0
71
171
179
0
188
0
0
97
119
0
130
196
0
70
171
110
184
76
193
0
0
0
145
174
152
48
89
127
92
121
141
169
0
0
198
115
110
0
73
77
76
193
77
166
76
94
0
102
71
141
81
136
60
103
0
178
0
108
156
112
0
56
125
92
0
45
195
82
167
79
113
0
70
133
112
0
88
69
88
169
91
126
168
0
94
0
184
0
0
127
0
0
113
96
0
0
121
68
75
186
156
103
0
0
85
180
86
91
123
129
122
0
0
0
80
130
154
169
112
0
198
171
106
48
100
80
50
160
188
114
165
0
227
0
0
199
148
115
69
0
117
0
118
0
62
115
44
48
63
98
60
90
174
136
46
119
51
137
55
145
208
0
113
89
59
139
142
164
137
110
163
97
0
187
198
127
153
0
86
75
57
160
182
124
157
0
64
0
60
56
157
68
108
193
157
94
153
0
0
195
126
136
62
146
104
67
140
0
198
57
178
125
225
0
0
170
117
189
122
169
0
177
0
139
155
0
150
94
139
74
159
100
0
0
131
189
87
112
0
71
107
181
0
115
104
59
134
104
145
0
75
185
136
192
61
132
170
130
166
139
87
54
176
96
219
0
52
150
114
130
91
154
86
178
71
0
198
144
149
122
78
192
90
112
0
194
0
0
131
125
74
190
0
175
0
86
156
0
0
0
165
153
99
197
114
135
211
0
0
136
0
0
143
88
108
123
170
0
90
133
0
0
0
167
152
124
147
135
168
115
158
125
114
0
0
186
124
133
165
75
208
0
44
92
114
105
190
142
0
219
0
0
156
65
158
86
77
109
151
86
44
133
0
195
78
151
0
95
127
109
0
155
0
0
0
0
0
136
145
0
63
120
198
212
0
0
102
124
0
132
0
0
161
58
51
72
150
0
137
71
179
0
0
157
134
0
101
0
0
0
109
149
72
119
0
112
187
127
50
105
95
89
101
142
130
120
185
55
45
64
199
71
188
0
161
0
113
78
50
75
210
0
245
0
0
0
143
61
118
194
123
0
140
99
135
191
116
95
100
125
206
0
120
58
139
0
134
198
100
69
170
0
114
198
47
194
113
90
53
167
0
0
70
115
58
203
0
0
123
184
149
0
0
84
77
0
70
173
95
154
123
162
0
44
111
132
0
0
145
57
155
0
0
0
197
54
47
69
80
129
163
122
93
0
92
119
173
129
85
146
170
168
0
151
115
174
0
74
152
0
166
50
139
122
182
58
149
0
183
0
0
186
63
175
66
160
167
192
0
173
103
139
83
188
0
185
186
145
0
46
151
103
77
68
0
156
135
151
60
167
170
75
102
0
172
163
120
65
157
0
128
101
219
0
126
174
177
198
0
148
0
195
72
134
0
131
233
0
129
187
0
0
0
0
105
101
125
179
0
149
107
99
170
0
119
91
111
65
113
149
164
0
132
94
75
120
0
0
75
115
46
192
0
70
134
181
102
143
0
114
76
124
0
167
64
87
223
0
105
172
176
79
144
166
153
0
125
172
283
0
0
0
0
0
97
0
126
48
53
216
0
189
89
142
68
200
0
110
0
198
114
103
0
109
80
108
190
197
99
165
186
51
163
111
187
181
193
187
0
0
131
126
93
52
0
146
159
79
116
0
93
0
172
74
109
0
57
113
0
153
71
46
170
197
97
0
75
55
48
105
67
56
76
56
185
86
151
179
0
155
74
140
0
58
141
69
0
162
78
153
171
146
134
180
172
100
120
73
119
167
182
67
57
252
0
0
0
0
70
102
0
105
0
0
191
59
111
158
89
199
195
64
0
61
68
123
122
78
89
44
170
178
193
63
72
173
195
79
80
93
95
72
156
159
0
198
0
0
0
116
133
50
173
72
65
0
124
190
146
97
0
144
145
148
100
168
95
123
99
134
0
141
85
103
163
177
0
76
0
199
81
138
128
0
183
99
153
152
135
0
79
97
0
153
64
167
130
51
188
0
53
159
160
89
60
65
178
127
0
196
96
74
81
124
59
94
101
0
108
0
0
140
149
183
99
205
0
75
0
108
141
110
77
148
112
189
143
194
99
0
161
120
49
0
51
129
0
144
189
87
133
192
104
118
128
161
212
0
139
0
107
71
96
0
104
172
0
156
140
116
0
71
86
156
177
61
179
98
89
119
65
56
73
0
53
136
0
0
189
0
195
0
178
0
0
84
0
0
56
187
126
0
154
152
182
0
0
109
133
175
78
183
124
143
0
158
84
0
46
66
94
195
159
172
0
130
71
0
168
0
95
0
175
46
54
177
0
162
121
58
92
204
0
0
86
0
166
0
86
192
112
130
55
0
85
0
90
166
0
0
103
161
44
135
110
166
0
0
80
79
0
79
86
64
98
82
168
0
194
0
0
189
56
84
128
71
136
100
112
0
158
127
187
142
114
108
47
219
0
128
114
93
47
153
141
172
0
133
82
81
0
72
179
111
49
67
134
45
141
138
118
156
133
134
70
69
185
145
116
170
0
129
167
201
0
194
0
89
101
209
0
186
62
0
146
129
0
189
168
57
122
0
131
188
0
104
131
208
0
66
193
176
163
69
148
141
189
0
190
57
151
196
0
144
81
89
140
89
78
85
93
94
192
96
213
0
150
0
0
114
106
117
0
0
209
0
180
160
0
121
0
184
50
168
0
0
0
95
157
169
91
127
62
89
0
0
163
117
168
226
0
48
136
0
192
169
121
170
108
138
95
94
94
116
176
67
97
0
0
137
70
0
127
0
118
0
0
161
80
0
160
48
121
182
0
72
73
169
0
147
87
163
0
178
174
0
95
155
74
148
143
78
67
108
139
185
177
252
0
0
0
0
122
175
136
154
0
0
178
161
0
95
58
68
98
0
0
127
0
48
109
94
0
191
0
150
0
137
179
70
187
77
55
195
194
132
69
160
0
0
81
136
44
148
80
168
141
0
103
189
106
0
104
0
82
216
0
170
195
0
74
133
81
160
88
124
0
0
53
71
79
134
85
0
51
92
85
172
122
107
223
0
0
57
100
0
192
0
0
186
162
59
83
165
194
108
0
0
137
0
115
140
0
151
76
145
77
125
190
74
120
57
150
129
138
118
162
106
0
174
178
53
0
169
0
0
163
142
167
0
64
224
0
184
81
0
137
136
78
73
46
217
0
165
180
0
46
257
0
0
0
158
171
113
183
0
128
146
64
105
187
150
82
0
0
170
86
88
123
45
59
150
170
129
119
56
101
149
82
0
133
191
169
135
218
0
0
0
53
190
157
143
196
141
84
59
59
59
149
80
94
110
55
127
133
146
135
112
106
0
49
57
191
132
57
182
46
162
183
184
91
156
189
123
117
194
190
190
83
57
0
167
174
53
150
114
0
94
124
65
131
80
66
0
65
89
0
223
0
89
0
170
118
0
156
97
66
178
0
133
45
118
120
162
190
0
172
164
185
49
83
47
123
0
0
0
56
119
182
93
69
199
184
106
103
0
148
0
0
166
50
146
214
0
68
44
141
119
117
227
0
71
116
0
74
75
137
132
0
61
162
77
129
176
58
77
46
140
170
0
0
0
0
107
114
0
46
114
213
0
0
0
191
0
183
199
128
195
193
128
147
155
157
186
143
71
61
157
58
169
0
123
0
216
0
98
98
133
0
128
79
126
0
163
143
157
59
98
127
140
198
0
0
181
75
104
132
182
166
87
154
0
176
103
0
150
60
181
61
198
0
0
195
122
44
144
106
165
168
89
125
104
78
101
0
0
63
181
141
82
192
192
126
96
98
172
151
114
62
149
0
116
154
0
0
54
81
77
0
61
0
57
197
52
139
105
120
158
62
130
188
127
55
138
205
0
132
125
72
0
62
0
163
0
145
124
0
164
94
181
55
133
0
147
0
0
156
48
53
94
99
189
190
128
111
98
0
159
57
185
0
0
93
62
135
201
0
166
0
104
0
182
113
66
172
170
182
0
165
129
76
0
180
186
213
0
0
125
82
0
102
156
0
96
186
77
99
0
158
191
182
50
70
204
0
0
0
108
159
63
114
199
61
165
91
165
187
105
58
150
0
0
143
154
135
195
148
114
88
92
168
142
188
0
112
168
94
183
154
150
105
0
87
157
183
181
140
128
191
0
46
104
68
86
124
0
0
143
185
177
0
182
0
168
176
195
140
0
193
0
94
45
190
0
114
0
102
149
108
90
52
137
0
49
150
0
115
0
97
0
173
126
0
61
45
114
187
261
0
0
145
186
55
84
179
136
195
142
117
82
183
189
153
187
214
0
0
125
95
69
82
104
0
70
113
138
73
191
159
86
123
112
72
157
82
79
136
84
0
136
0
78
57
53
56
173
127
138
0
0
166
176
182
184
117
222
0
0
113
0
159
56
170
165
146
125
0
132
55
133
119
90
125
0
125
47
103
136
87
0
97
74
149
211
0
140
91
100
191
61
166
188
113
69
128
190
51
136
0
0
67
44
137
194
207
0
0
134
0
192
105
111
189
100
112
99
84
117
111
0
181
140
228
0
119
170
0
63
168
176
69
54
170
73
156
0
0
135
60
0
184
112
119
236
0
0
180
0
119
161
112
0
0
73
150
93
0
177
0
101
197
205
0
115
183
131
113
97
89
0
49
86
124
182
191
62
0
76
192
204
0
0
136
186
0
0
175
0
87
0
118
130
76
154
174
111
0
69
0
184
152
0
128
78
126
44
194
0
92
0
0
65
0
212
0
158
205
0
113
104
0
172
184
75
191
0
95
93
74
194
119
0
75
169
182
116
172
0
0
119
70
113
117
0
189
0
131
174
181
63
141
152
0
115
107
0
175
0
85
96
191
0
118
135
0
174
0
51
175
98
69
121
62
109
0
167
107
154
0
193
48
91
0
47
197
53
166
0
48
134
197
144
196
48
117
83
77
183
93
0
198
163
105
98
191
99
92
95
166
190
0
107
104
126
128
116
0
53
132
164
0
70
51
152
146
128
172
118
108
51
86
54
107
68
139
218
0
78
153
128
0
0
109
128
51
115
0
93
45
152
195
185
114
152
0
77
79
141
0
46
80
158
135
0
108
146
45
46
141
171
176
122
157
0
142
0
85
110
133
129
179
0
0
194
202
0
112
187
112
0
0
0
188
178
0
0
0
56
173
193
115
52
88
93
141
83
121
131
128
78
152
144
73
150
0
120
99
0
199
173
88
116
0
157
44
118
154
186
62
172
160
0
121
47
171
95
145
0
0
161
163
180
0
0
77
122
117
133
165
86
123
47
135
0
83
73
0
131
86
134
128
192
124
157
158
95
86
163
198
196
144
0
79
112
103
0
73
104
97
63
71
107
146
81
0
100
103
56
123
0
65
0
108
220
0
102
67
129
180
94
172
87
0
123
74
106
95
76
58
141
0
205
0
186
181
102
95
90
0
182
168
81
96
0
0
130
0
138
78
136
155
83
158
67
105
0
176
186
0
0
60
162
0
0
194
137
248
0
0
74
0
133
0
0
138
100
143
0
136
0
154
192
100
106
0
0
0
128
60
178
0
159
51
75
152
116
74
195
174
143
184
81
0
91
117
73
0
167
130
137
151
78
124
149
62
198
208
0
230
0
106
167
112
0
155
69
57
204
0
0
171
96
156
104
171
0
116
198
86
79
186
102
139
63
87
124
139
83
188
136
72
82
201
0
100
0
165
0
149
63
174
79
0
146
49
56
0
189
187
176
190
80
84
0
166
0
0
199
0
162
117
176
88
161
102
66
0
130
0
152
0
180
0
0
177
144
205
0
121
0
47
178
61
159
83
196
174
164
82
141
132
0
0
0
174
203
0
185
54
200
0
57
158
67
55
189
51
96
0
167
79
222
0
89
174
80
179
199
166
135
161
159
80
97
53
188
0
137
107
99
156
86
60
62
84
93
172
131
182
59
188
197
0
71
92
128
166
181
0
86
70
88
58
91
100
104
154
104
0
137
129
0
187
156
62
0
148
118
157
149
80
110
81
58
154
93
120
0
161
141
199
0
160
0
104
100
199
58
59
73
159
197
170
195
70
54
78
47
196
164
182
80
0
143
196
83
0
71
90
95
58
131
177
0
72
0
174
0
63
98
52
126
126
127
185
104
90
64
53
84
57
0
82
75
59
72
60
0
93
107
96
71
150
49
195
129
70
0
149
118
133
69
189
0
77
0
237
0
195
0
0
67
81
185
0
220
0
141
131
189
179
115
130
64
0
158
90
150
0
117
0
174
152
54
111
192
55
106
153
0
0
0
136
178
158
86
157
0
0
240
0
0
169
162
0
195
158
123
48
159
158
84
0
77
194
74
143
87
105
121
157
77
163
89
0
0
66
124
97
52
46
62
172
0
44
95
0
154
0
184
0
103
145
87
177
0
63
60
186
0
0
0
61
189
0
128
0
179
89
114
115
77
93
87
0
119
190
51
171
193
56
75
153
87
98
146
87
169
85
89
77
124
0
0
129
96
125
206
0
77
160
68
100
78
157
112
120
103
124
128
175
151
0
54
169
0
115
60
147
95
166
94
0
83
123
66
178
183
49
166
177
151
90
110
160
118
0
141
0
127
131
166
163
87
0
0
45
155
74
0
125
0
0
122
194
206
0
134
174
116
97
100
66
187
171
172
196
102
207
0
0
138
142
188
0
78
140
156
0
0
170
161
152
190
59
103
139
188
174
0
112
164
59
114
152
166
63
139
91
68
113
58
186
69
193
100
189
152
0
0
0
167
0
0
120
0
103
70
190
0
0
0
189
198
0
0
98
0
146
53
177
83
0
160
0
69
165
0
155
58
45
91
0
171
198
105
0
107
89
0
78
0
185
99
0
97
0
196
129
193
128
0
183
0
190
62
88
148
151
159
72
105
0
0
145
174
0
178
121
193
0
147
51
151
94
0
86
144
91
118
0
144
110
165
172
132
148
173
79
0
140
0
0
88
120
129
0
177
0
196
185
77
88
98
107
73
150
0
194
145
183
164
165
0
119
44
73
120
221
0
133
168
0
150
96
0
188
49
49
66
152
80
179
0
195
170
0
77
172
0
48
56
199
52
145
191
173
0
93
171
102
245
0
0
73
0
52
119
159
152
75
46
123
154
166
215
0
0
171
181
0
0
77
121
105
66
168
143
146
168
133
211
0
109
170
149
126
191
0
0
0
152
174
0
131
118
67
178
71
148
59
146
77
121
188
92
0
0
64
49
52
47
76
63
95
142
131
167
78
0
94
0
0
94
55
44
157
0
0
106
0
165
195
164
142
148
178
114
69
100
0
139
166
0
86
120
121
0
78
113
127
104
76
201
0
173
210
0
0
104
0
93
152
0
0
47
170
98
220
0
152
189
0
0
150
119
224
0
100
0
135
150
103
185
148
0
91
143
0
0
66
109
154
114
95
186
113
0
111
0
0
0
133
0
69
162
199
0
61
140
129
180
61
0
152
97
0
184
195
64
196
149
63
169
172
61
163
62
161
82
144
176
0
117
165
146
120
195
0
144
111
0
255
0
0
164
116
138
107
114
129
124
124
177
231
0
88
213
0
0
187
0
162
199
176
56
150
170
121
68
158
96
0
140
94
138
155
0
185
74
184
0
181
0
0
214
0
0
51
0
154
0
108
156
250
0
0
146
0
0
106
155
151
50
145
98
75
0
102
81
98
151
100
53
194
140
204
0
140
197
0
92
183
114
103
54
0
154
170
156
179
153
180
0
0
207
0
116
0
179
113
126
113
0
126
119
100
0
172
201
0
134
87
0
161
0
0
62
110
166
180
190
158
191
96
156
0
0
174
103
0
161
0
158
89
151
0
177
173
186
111
187
80
0
154
0
145
182
117
117
187
0
109
90
106
165
197
0
157
105
187
66
0
74
0
241
0
0
173
152
105
142
145
131
0
108
59
195
172
0
0
199
198
56
0
156
130
191
76
0
195
196
192
0
55
160
196
185
48
78
81
106
0
167
134
193
192
134
148
59
145
171
155
158
122
133
138
193
187
96
154
181
196
167
153
220
0
91
126
135
0
81
141
90
72
185
129
87
144
0
105
187
0
116
177
183
47
140
0
84
0
93
61
184
156
102
96
187
111
194
142
180
144
176
166
149
60
121
144
66
141
85
104
111
0
179
88
69
119
0
177
97
135
0
0
91
79
148
84
153
0
178
160
83
167
0
47
93
211
0
0
142
0
49
125
138
158
108
146
85
112
47
93
71
0
289
0
0
0
143
164
0
0
0
160
150
64
203
0
77
169
0
110
166
114
0
138
70
126
44
109
64
0
193
185
105
0
0
99
109
79
106
68
85
172
59
114
128
191
0
147
73
0
90
181
0
129
0
78
184
175
146
0
166
0
61
86
174
135
68
125
0
100
113
98
167
52
197
178
110
81
96
181
94
54
0
64
53
101
50
122
172
91
192
193
129
78
105
178
68
112
182
235
0
0
64
162
197
114
211
0
98
0
0
181
0
0
0
145
139
78
95
104
0
83
0
76
0
157
183
105
117
0
0
0
0
155
91
107
154
105
129
0
0
0
150
183
128
228
0
142
0
0
0
184
140
0
62
165
134
177
91
0
79
116
146
66
90
69
134
198
127
0
145
0
176
110
73
103
78
116
0
100
0
71
94
158
0
45
163
187
85
112
123
0
84
178
0
156
164
107
0
177
109
0
80
164
62
141
0
155
51
113
136
0
180
192
67
0
101
152
62
145
106
156
128
0
169
0
0
155
61
155
68
155
0
180
0
141
192
0
0
175
61
68
79
68
198
133
117
146
155
186
108
67
65
107
176
116
0
186
0
171
221
0
0
46
149
117
72
0
76
176
167
120
128
105
0
67
68
79
0
0
50
152
185
189
125
179
0
130
49
44
83
0
75
69
154
95
194
137
77
46
165
180
166
162
86
51
193
0
108
144
44
96
0
101
0
74
75
143
0
51
87
105
0
0
56
99
161
167
151
166
171
117
113
163
193
135
61
143
121
196
205
0
142
178
148
175
133
0
47
87
0
106
160
88
81
112
68
240
0
0
150
0
161
157
169
0
86
181
61
0
133
108
93
119
195
198
0
64
70
0
189
109
169
52
102
59
171
123
163
156
83
212
0
197
140
180
86
192
88
211
0
162
127
127
161
0
158
150
59
69
163
58
129
122
87
116
119
68
0
52
73
56
55
110
0
126
206
0
0
0
83
199
0
0
186
106
153
70
0
178
116
49
76
125
0
138
120
166
206
0
138
125
65
204
0
0
161
162
115
0
57
148
171
154
115
104
146
119
48
133
196
0
135
121
188
148
153
0
152
103
0
64
199
104
0
0
0
198
166
179
159
129
0
105
0
192
0
176
68
139
0
141
0
154
215
0
54
53
142
183
0
0
0
62
191
98
170
101
88
0
176
0
183
0
180
178
144
0
184
0
0
178
157
216
0
175
72
156
135
138
0
0
0
148
82
60
119
102
187
197
156
68
161
143
146
147
138
0
178
0
109
90
149
107
0
160
58
112
174
198
50
176
0
136
82
285
0
0
0
89
0
172
139
167
56
85
0
119
0
181
0
99
182
163
132
153
117
159
117
171
62
77
179
191
0
198
94
155
78
160
0
85
127
0
83
135
66
248
0
0
81
177
106
52
115
78
76
177
81
98
82
68
107
91
104
72
131
143
117
71
0
115
188
87
62
174
0
77
115
154
101
167
55
142
198
0
121
0
205
0
80
164
0
198
106
264
0
0
179
0
107
172
130
156
130
87
153
197
66
72
106
0
68
127
117
187
0
168
163
45
57
173
121
56
130
181
93
103
165
0
96
111
92
193
85
0
219
0
176
48
205
0
0
139
65
132
0
0
0
0
85
0
46
185
111
0
0
96
0
132
99
82
98
70
108
190
207
0
76
149
46
103
63
0
74
113
147
0
0
168
109
0
99
118
52
154
0
117
0
104
0
57
146
90
157
56
83
0
73
139
185
198
0
0
140
146
49
73
118
91
110
116
0
191
0
195
0
163
0
92
45
196
0
65
113
0
110
135
129
65
116
0
61
95
181
167
128
148
0
151
160
178
172
60
133
220
0
0
85
136
148
59
147
0
210
0
134
94
121
137
55
146
0
174
197
195
142
183
175
81
59
79
150
0
93
94
187
0
129
128
152
56
85
178
149
79
67
173
190
0
105
185
0
0
0
75
0
124
71
155
55
215
0
0
69
95
95
0
60
0
0
105
109
95
149
0
146
107
98
57
140
146
94
0
82
120
0
133
87
166
90
173
51
193
0
50
173
0
0
0
57
102
159
0
0
81
169
0
69
107
0
136
91
178
179
91
121
140
0
91
81
125
44
123
79
67
162
167
188
172
63
147
0
64
196
196
0
66
123
115
0
203
0
182
154
0
141
110
58
145
0
46
103
180
129
192
126
0
0
157
84
137
199
182
0
142
0
155
179
165
0
202
0
135
128
57
123
0
0
190
122
70
128
97
124
137
197
71
0
128
145
198
0
176
143
148
111
155
97
94
110
88
132
173
59
88
100
67
48
56
150
113
62
176
93
62
0
74
0
112
170
184
215
0
186
88
0
84
77
102
98
0
156
0
93
144
183
179
98
49
169
0
101
90
216
0
115
82
165
185
113
51
190
201
0
0
0
68
158
155
140
184
0
0
0
0
151
126
0
0
181
170
0
147
94
134
0
0
0
64
89
165
113
71
0
0
64
158
106
48
78
167
73
165
0
192
201
0
54
176
135
125
73
95
183
78
147
0
90
68
0
190
45
173
184
169
176
0
0
168
149
167
93
98
71
143
0
166
95
0
140
0
49
0
195
120
131
122
0
81
114
165
0
0
140
166
129
207
0
125
0
100
117
180
144
170
57
196
161
123
174
65
90
61
0
100
125
116
159
180
140
124
0
145
117
222
0
189
0
138
0
0
198
110
141
106
66
98
165
177
184
66
198
0
127
193
70
162
198
0
100
55
156
159
98
86
107
44
92
192
0
122
197
129
134
89
129
198
55
0
101
178
106
0
0
141
0
175
137
185
119
192
153
255
0
0
0
0
0
0
46
167
146
0
165
0
0
0
126
0
0
0
172
0
0
160
208
0
140
129
79
70
118
206
0
185
153
52
46
126
90
186
99
127
0
93
90
143
188
149
88
137
97
75
174
81
165
160
118
95
0
157
178
146
0
162
181
87
151
175
0
161
163
111
0
134
103
136
110
117
0
0
186
63
163
148
45
72
62
0
116
79
108
126
0
135
67
85
149
0
0
171
135
127
106
75
72
104
136
0
70
67
48
167
161
107
72
81
74
66
213
0
0
110
0
144
76
132
193
123
103
0
51
81
0
123
187
86
71
192
122
105
110
44
64
127
0
89
54
110
120
173
104
109
158
0
0
111
105
62
93
121
52
101
0
114
108
138
116
0
0
192
186
95
127
0
144
72
100
116
0
71
59
117
117
191
82
0
170
183
199
0
170
99
116
73
130
0
113
0
133
135
165
174
176
109
0
145
92
121
0
0
192
56
63
101
45
148
178
0
0
61
155
115
133
92
153
0
196
125
0
71
126
92
92
196
130
151
175
172
70
112
129
62
147
0
0
129
109
0
92
101
110
59
159
182
105
0
124
0
0
68
133
45
160
98
121
119
66
121
162
0
196
70
154
76
185
132
0
173
84
116
103
62
142
0
188
190
193
110
145
147
198
90
185
149
145
115
0
0
197
67
75
89
49
118
160
127
102
0
96
95
154
0
74
0
109
52
64
55
83
54
115
121
186
209
0
120
0
48
164
83
0
136
168
227
0
108
166
188
145
183
184
88
139
0
146
157
187
196
0
135
0
0
242
0
0
146
82
85
118
160
192
225
0
124
176
115
68
0
113
56
149
85
197
99
0
150
98
139
162
0
0
174
188
137
66
149
184
0
0
173
113
0
180
197
182
92
168
0
60
120
189
125
89
99
0
0
83
150
99
127
99
66
72
163
222
0
0
114
120
92
55
135
147
134
171
45
109
58
77
171
70
78
165
152
0
93
0
113
0
45
146
111
188
83
188
146
113
115
51
128
83
0
125
0
48
92
75
0
105
172
49
114
119
0
137
0
0
150
0
0
133
199
138
70
166
106
154
190
102
194
129
105
95
102
72
162
90
166
165
192
0
109
50
57
128
0
122
129
0
0
196
146
136
63
136
163
0
106
86
92
68
76
89
0
57
164
0
147
176
0
47
113
143
49
146
163
220
0
64
164
45
142
167
0
112
114
111
55
115
79
179
0
135
102
157
72
103
0
86
119
154
105
61
141
49
180
179
0
184
73
262
0
0
0
93
158
115
0
132
115
168
101
72
100
71
0
187
189
0
183
0
0
80
106
98
120
0
0
215
0
0
215
0
0
0
156
125
119
0
0
138
85
148
128
94
54
85
121
195
113
0
211
0
133
83
143
186
153
0
159
84
181
164
118
0
0
0
52
83
116
168
68
94
144
0
141
138
129
72
121
169
0
133
73
52
152
73
53
51
172
197
88
122
0
105
138
132
105
0
164
0
181
152
173
0
190
120
159
0
180
0
0
196
52
104
56
141
195
0
71
169
0
129
160
122
92
190
182
80
117
51
207
0
0
0
182
151
141
160
102
0
148
74
62
133
0
222
0
180
185
188
124
0
230
0
0
134
108
0
48
189
105
185
59
105
194
78
61
206
0
121
0
75
156
137
114
134
105
124
59
0
143
115
0
88
124
186
157
191
0
117
51
118
171
194
225
0
0
214
0
93
76
196
91
181
0
0
49
143
82
108
178
0
116
144
171
143
68
0
130
144
148
0
60
48
119
187
83
124
0
185
0
156
0
154
97
69
171
79
192
115
93
0
178
163
0
0
152
152
96
126
158
157
146
198
0
119
0
0
127
132
79
48
161
170
158
108
133
0
0
197
83
189
99
167
128
96
0
165
94
137
0
181
150
49
146
179
0
45
169
0
127
0
135
198
195
84
0
1170432