13
144
0
115
114
0
181
181
199
97
100
0
180
193
101
179
0
117
132
299
0
0
0
213
0
172
0
0
0
139
107
121
78
291
0
0
165
158
94
128
257
0
120
93
182
157
153
75
113
187
165
213
0
0
0
181
0
141
83
238
0
0
0
0
112
148
145
105
83
194
139
0
112
149
183
90
125
150
0
146
102
73
142
80
87
240
0
0
0
236
0
0
163
98
116
0
152
0
146
94
0
108
102
146
195
146
84
148
178
107
70
165
137
155
147
182
0
0
0
182
98
249
0
200
0
94
143
159
123
168
128
163
177
149
0
97
76
133
122
0
67
172
206
0
0
134
0
0
127
0
0
174
131
0
217
0
0
226
0
80
68
135
129
145
0
92
120
123
0
0
92
92
156
0
0
89
178
0
130
149
110
188
219
0
0
163
0
0
91
0
98
169
197
116
122
0
246
0
0
116
91
0
199
154
96
164
0
194
85
135
156
0
128
0
75
98
215
0
159
0
286
0
0
0
0
178
203
0
0
251
0
0
123
151
145
183
0
118
84
176
72
154
0
119
0
353
0
0
0
0
72
309
0
0
0
0
159
199
169
179
220
0
150
190
191
78
190
110
193
97
0
150
148
0
0
130
137
160
139
198
0
0
106
295
0
0
0
128
152
133
107
120
0
111
164
182
164
233
0
227
0
67
109
136
143
77
162
193
133
0
71
79
68
152
0
0
198
103
131
155
145
169
223
0
0
0
147
181
158
113
0
170
161
217
0
172
91
177
229
0
175
196
0
164
92
150
0
198
141
0
152
0
158
158
345
0
0
0
0
0
0
179
0
182
0
85
181
152
0
97
217
0
106
0
139
86
71
253
0
0
157
186
129
144
0
0
125
206
0
0
74
75
112
187
176
0
166
89
75
148
0
171
0
138
0
93
107
182
0
0
79
99
140
0
211
0
186
0
151
0
188
0
164
0
249
0
0
0
0
120
0
283
0
0
0
70
112
187
250
0
0
119
111
197
177
146
110
129
0
122
72
139
133
0
155
0
120
0
175
106
85
0
145
85
199
72
183
74
142
0
138
151
0
123
376
0
0
0
0
0
176
79
106
117
0
123
223
0
0
0
75
180
191
82
175
0
143
0
0
249
0
0
186
143
135
179
164
0
171
0
0
98
180
113
107
77
168
83
185
174
0
0
89
191
169
147
101
121
69
204
0
68
172
174
133
169
113
0
102
150
154
0
219
0
164
197
150
197
158
145
108
258
0
84
127
125
130
195
124
152
174
96
212
0
95
235
0
81
159
0
130
80
75
113
280
0
0
103
191
196
228
0
0
129
198
105
0
75
143
143
160
169
0
155
173
147
213
0
0
0
294
0
0
0
0
221
0
137
0
83
146
247
0
0
177
176
195
0
79
78
163
130
180
0
0
193
125
0
132
0
132
128
165
198
188
0
0
168
102
0
172
192
0
140
0
164
0
87
199
83
194
144
196
0
137
149
0
135
125
174
0
141
0
89
166
179
133
0
0
157
123
187
92
112
178
0
180
169
162
0
213
0
164
190
232
0
103
176
225
0
73
149
0
68
85
176
0
164
0
91
107
92
176
0
158
0
177
0
0
67
151
230
0
0
98
189
148
183
194
114
150
0
170
0
136
0
99
78
170
0
0
79
103
192
92
0
143
253
0
0
178
171
114
177
121
97
0
87
70
189
0
192
233
0
0
70
121
125
89
178
155
141
147
0
0
119
0
116
0
125
174
276
0
0
0
142
130
0
128
0
147
107
192
166
226
0
0
202
0
182
137
0
167
117
144
0
166
0
71
181
154
112
91
234
0
118
174
245
0
91
173
167
0
187
0
0
72
161
0
184
143
199
111
172
209
0
112
0
190
0
159
0
122
133
0
96
153
0
176
191
176
119
0
174
0
148
155
0
195
183
144
160
197
196
0
178
141
134
0
0
91
189
183
101
184
0
124
0
114
106
200
0
0
175
128
97
183
146
0
200
0
196
81
167
0
0
175
235
0
129
168
85
85
192
98
161
242
0
0
0
170
165
164
197
119
197
188
156
131
0
162
102
134
104
138
131
122
140
271
0
0
0
0
105
117
228
0
143
163
0
209
0
222
0
0
0
111
149
0
190
0
153
124
91
78
176
247
0
0
182
238
0
170
131
124
116
183
88
148
132
126
100
164
67
101
144
0
0
75
69
86
114
0
109
108
113
273
0
0
0
89
115
0
242
0
168
0
104
125
95
192
0
0
118
0
130
104
181
112
0
120
136
208
0
126
143
126
147
121
67
255
0
0
76
161
97
0
0
164
112
0
110
109
150
0
92
100
89
0
122
133
173
210
0
125
79
70
114
0
70
155
191
0
111
0
205
0
166
0
119
162
126
99
147
151
236
0
85
120
0
102
141
163
222
0
93
69
149
119
0
0
125
75
166
142
118
262
0
0
149
0
146
162
0
74
145
254
0
0
75
220
0
0
74
135
0
76
183
128
68
137
167
0
101
194
0
68
139
0
0
96
196
0
0
0
0
87
165
81
75
195
92
238
0
0
0
148
183
0
0
106
167
196
138
86
105
141
184
174
191
0
0
133
163
153
158
186
0
76
145
141
0
192
0
102
123
100
0
168
151
0
121
106
0
82
247
0
0
194
0
0
122
230
0
196
107
105
79
182
131
131
0
170
236
0
0
132
183
174
183
0
248
0
0
229
0
182
0
266
0
0
153
144
71
0
139
100
0
152
0
162
130
0
119
150
183
90
81
0
197
0
109
212
0
180
118
240
0
0
0
81
231
0
0
0
194
216
0
213
0
76
115
155
146
166
137
0
87
0
183
191
129
194
0
191
161
126
0
155
261
0
0
120
0
161
0
161
231
0
197
195
159
0
108
0
273
0
0
0
219
0
100
123
87
166
144
166
78
127
0
93
197
92
185
197
99
0
0
172
225
0
107
130
0
239
0
124
153
130
96
0
89
0
0
106
151
149
189
129
199
195
0
111
76
146
0
0
195
0
184
201
0
277
0
0
185
194
148
100
68
101
97
224
0
154
144
79
186
0
181
164
0
195
0
223
0
134
147
159
166
154
181
99
103
205
0
106
299
0
0
98
120
226
0
208
0
172
133
0
170
123
167
0
132
82
140
143
167
187
116
157
252
0
0
0
200
0
177
0
83
86
93
309
0
0
0
131
231
0
0
131
245
0
0
0
72
182
189
0
178
298
0
0
0
0
145
0
120
0
155
169
116
0
180
124
152
166
0
169
126
190
0
0
286
0
0
0
71
108
84
107
153
77
86
85
192
0
131
170
143
139
126
0
138
111
0
171
0
205
0
0
172
205
0
0
188
98
97
199
0
167
120
197
247
0
0
0
116
186
112
90
205
0
77
163
141
0
173
196
0
0
197
0
291
0
0
0
0
92
136
181
88
74
127
93
171
189
85
171
0
113
209
0
0
0
0
95
103
161
0
111
178
238
0
130
0
223
0
0
89
117
0
153
73
138
109
120
130
0
165
0
98
154
72
74
150
0
0
169
0
126
0
71
174
196
211
0
131
228
0
101
89
198
96
177
127
140
149
171
144
0
128
164
0
193
213
0
0
0
136
77
205
0
179
0
0
195
0
92
123
133
143
155
89
119
178
221
0
114
116
125
0
100
69
230
0
0
143
75
89
125
155
0
69
86
177
0
182
108
106
215
0
0
107
0
0
107
153
151
68
244
0
0
205
0
207
0
159
96
190
0
151
97
110
0
133
165
150
0
0
153
155
100
0
159
120
0
110
0
0
142
180
189
159
133
196
113
153
218
0
173
0
224
0
0
0
0
0
211
0
0
198
178
100
0
88
239
0
194
272
0
0
161
127
74
162
117
83
188
0
184
196
0
238
0
228
0
0
0
100
124
263
0
0
0
0
88
194
81
117
129
143
98
0
116
138
180
165
167
143
0
105
255
0
0
83
144
159
88
188
0
157
92
89
142
93
181
0
157
0
106
0
127
0
128
80
69
137
182
232
0
0
115
170
194
228
0
145
181
81
228
0
0
0
143
0
91
0
166
0
0
211
0
179
0
164
223
0
157
79
193
0
0
159
0
151
137
171
0
217
0
0
0
120
106
146
80
129
209
0
0
128
104
0
70
143
90
86
182
0
115
72
127
188
97
105
111
179
170
157
0
153
177
0
166
138
174
158
84
167
168
80
181
0
175
130
163
112
169
166
111
0
288
0
0
0
184
88
92
186
104
144
170
187
126
190
328
0
0
0
0
0
112
189
110
96
310
0
0
0
0
0
156
147
154
0
122
228
0
0
0
128
129
113
0
89
108
84
145
200
0
81
134
144
217
0
190
0
0
85
123
174
0
139
242
0
0
0
150
193
119
96
184
74
126
179
205
0
178
83
104
90
192
150
87
0
111
105
0
76
82
0
127
127
100
0
193
194
171
0
0
163
143
0
105
0
183
0
133
199
181
164
0
236
0
180
0
165
103
73
103
0
183
0
0
83
0
101
87
129
0
0
179
67
195
145
0
237
0
0
0
0
191
133
81
125
167
157
106
94
67
243
0
201
0
147
236
0
198
195
0
130
102
147
85
103
118
265
0
0
170
107
73
109
94
190
0
0
110
175
0
0
145
177
74
126
67
74
91
162
86
146
165
204
0
138
0
193
84
183
0
113
180
0
73
81
77
98
75
113
192
216
0
179
116
78
192
0
74
164
177
0
220
0
119
163
199
123
131
134
159
0
157
0
140
175
70
145
123
0
73
159
0
76
145
103
0
170
0
163
148
206
0
140
0
180
387
0
0
0
0
0
0
0
134
72
0
103
198
0
67
131
0
240
0
0
0
0
106
79
130
151
125
0
0
76
156
0
195
0
0
0
174
218
0
0
111
0
155
0
154
125
122
163
130
261
0
0
89
259
0
0
189
224
0
0
177
67
246
0
136
179
0
0
0
125
115
189
121
85
244
0
188
0
0
0
93
159
0
0
188
0
236
0
133
112
170
187
144
0
215
0
155
121
169
78
187
93
98
0
91
152
197
82
0
165
0
179
0
219
0
0
0
0
191
0
190
76
187
101
138
0
185
116
149
0
95
165
0
76
161
197
145
158
0
152
147
0
137
100
176
0
204
0
171
78
114
0
126
118
123
232
0
112
0
171
0
102
122
112
117
85
101
167
0
196
68
184
203
0
145
175
88
199
226
0
0
155
0
100
134
185
157
0
143
0
175
0
121
86
124
0
155
190
101
148
0
149
142
87
0
148
97
186
69
220
0
158
172
128
143
0
188
73
76
131
195
0
0
84
182
84
197
139
0
121
147
149
127
149
128
0
0
192
0
91
242
0
133
130
0
74
123
85
187
173
0
103
83
72
191
0
128
188
174
82
225
0
124
223
0
161
238
0
0
0
105
172
0
87
281
0
0
132
78
74
72
252
0
0
0
167
159
136
142
139
170
0
171
159
102
0
157
163
109
123
150
147
154
131
181
170
101
159
142
100
177
78
70
177
198
228
0
141
137
99
101
0
89
185
0
148
0
189
158
0
181
141
76
117
115
75
165
0
132
0
170
116
122
108
177
110
190
0
0
196
117
275
0
0
156
99
0
129
290
0
0
0
135
76
203
0
111
96
86
145
255
0
88
138
68
213
0
172
0
98
101
137
0
205
0
0
79
124
125
0
170
80
0
111
0
153
0
120
100
78
97
120
0
251
0
87
187
189
104
88
160
0
116
176
121
0
198
0
203
0
0
0
167
138
83
112
88
135
99
0
256
0
0
267
0
0
0
206
0
105
196
173
178
0
0
196
143
108
111
166
263
0
0
197
79
86
146
0
170
0
183
162
119
196
80
223
0
0
117
118
185
70
101
88
104
196
172
99
180
165
0
191
69
152
131
125
0
126
98
248
0
0
115
135
68
149
189
140
76
195
0
0
96
122
72
169
0
189
126
95
143
212
0
105
155
134
182
134
201
0
145
187
166
109
88
205
0
135
89
81
130
201
0
146
0
152
96
68
137
152
180
100
0
0
183
0
150
177
0
185
196
187
119
0
190
139
215
0
140
158
171
157
0
0
109
149
104
148
129
151
89
124
0
104
101
0
68
93
185
104
71
0
0
111
0
105
123
97
121
140
102
86
156
104
157
91
195
0
204
0
0
174
145
98
0
126
249
0
133
159
137
69
197
124
0
0
209
0
130
84
173
227
0
93
0
98
75
162
157
0
166
70
192
119
125
104
281
0
0
0
141
67
162
169
103
0
108
0
69
123
235
0
0
0
114
314
0
0
0
0
213
0
126
148
117
133
0
158
195
118
142
224
0
180
0
176
189
0
104
0
73
170
0
0
181
226
0
0
83
127
163
162
74
124
176
224
0
0
241
0
0
145
233
0
0
102
0
159
226
0
0
73
160
107
98
184
98
98
119
168
120
0
87
0
223
0
118
190
152
105
165
0
194
69
187
0
221
0
0
136
0
157
181
161
0
205
0
0
125
93
110
178
174
130
0
146
0
186
0
184
0
127
120
151
0
152
181
195
163
144
83
196
80
167
0
0
89
163
0
84
0
135
141
209
0
331
0
0
0
0
139
193
0
155
0
68
153
108
194
0
143
107
196
0
160
0
92
183
146
127
112
85
108
206
0
189
0
197
146
131
0
144
150
0
276
0
0
74
78
190
123
0
105
108
0
126
196
149
98
179
95
146
171
127
0
0
0
340
0
0
0
0
0
74
0
122
72
104
76
201
0
161
167
185
197
141
120
87
173
96
156
0
107
107
160
159
107
110
74
168
198
0
0
244
0
134
113
86
187
0
0
89
112
95
0
174
0
225
0
167
155
121
0
101
75
163
0
190
0
241
0
0
185
110
143
124
277
0
0
76
180
76
189
178
149
118
169
0
101
127
161
171
208
0
0
0
162
69
142
114
146
126
325
0
0
0
178
0
208
0
140
0
0
161
0
0
0
253
0
0
134
0
116
172
0
153
163
146
0
189
95
183
174
180
0
178
0
0
0
162
0
192
110
71
110
140
157
197
114
194
316
0
0
0
0
85
144
0
132
0
70
116
162
0
0
140
73
192
144
215
0
0
134
260
0
123
79
156
197
236
0
0
204
0
0
0
167
0
100
140
0
0
161
0
217
0
0
93
145
90
187
131
0
98
150
82
125
105
157
146
116
105
0
117
197
86
114
127
89
108
0
187
151
132
72
88
117
121
224
0
135
0
155
117
175
179
158
0
133
117
69
223
0
192
0
77
74
201
0
134
236
0
0
119
0
169
0
93
94
176
170
159
154
185
0
0
0
133
130
128
193
108
174
0
137
176
196
119
74
112
183
172
146
131
119
98
141
138
119
169
206
0
0
199
219
0
0
0
89
189
125
0
0
128
105
138
87
216
0
135
193
309
0
0
0
0
188
90
191
165
0
176
111
151
238
0
177
0
92
181
163
0
106
273
0
0
85
92
149
81
168
96
73
158
158
195
140
104
246
0
96
72
100
191
0
0
0
91
90
0
77
128
83
0
0
180
0
125
0
160
228
0
84
119
0
263
0
0
149
111
183
0
0
87
0
121
214
0
123
0
141
118
208
0
0
119
176
0
0
154
141
129
103
152
0
113
0
0
177
0
106
163
0
82
294
0
0
0
95
78
166
124
0
168
208
0
0
133
125
143
88
0
315
0
0
0
188
126
0
144
0
68
152
157
106
157
166
199
95
79
117
156
153
101
131
0
246
0
138
81
0
172
0
141
147
67
105
0
176
0
152
79
222
0
0
129
0
0
231
0
159
98
116
191
106
176
101
247
0
0
78
185
0
125
0
267
0
0
0
187
0
232
0
0
169
134
173
81
75
227
0
243
0
154
177
0
0
83
142
0
178
213
0
192
0
117
104
102
0
115
0
73
242
0
0
173
0
174
77
138
186
94
76
146
77
0
97
153
208
0
158
0
137
89
251
0
0
91
135
189
136
98
194
0
0
0
0
79
210
0
0
123
95
139
0
107
226
0
0
178
208
0
0
72
218
0
0
92
118
0
163
171
160
181
0
128
0
92
145
0
145
121
90
127
92
189
145
237
0
0
242
0
180
0
176
0
110
125
0
167
162
102
88
128
104
133
69
195
139
0
193
80
163
100
120
75
219
0
191
190
176
0
104
193
0
84
195
243
0
85
147
148
142
90
171
103
158
99
0
86
168
169
187
207
0
0
162
178
114
211
0
0
0
186
199
0
0
98
198
138
149
0
0
0
133
163
201
0
104
0
0
206
0
86
75
68
98
161
117
267
0
0
123
149
0
113
192
168
168
79
288
0
0
0
0
0
115
220
0
130
152
0
0
139
130
77
101
188
0
0
141
70
0
172
146
395
0
0
0
0
0
0
180
0
104
0
167
125
176
0
161
176
0
82
172
78
257
0
0
0
130
0
130
0
177
262
0
0
0
0
182
0
155
208
0
94
154
82
0
144
164
140
120
171
0
132
0
115
108
168
104
116
74
164
0
178
160
76
93
233
0
169
177
0
0
200
0
145
0
193
182
168
0
80
104
75
174
0
121
95
187
181
105
154
228
0
127
151
165
0
137
161
0
0
244
0
88
0
84
131
0
177
175
0
137
141
166
138
128
0
113
69
69
134
0
91
264
0
0
96
193
184
117
187
103
80
170
111
109
152
0
79
0
128
138
0
198
155
0
183
128
116
157
186
0
226
0
229
0
0
109
242
0
149
99
97
179
194
0
136
0
92
147
68
80
68
135
188
161
122
176
166
114
73
177
137
150
84
72
218
0
0
196
67
109
161
0
0
191
69
221
0
207
0
143
180
0
0
132
197
0
0
133
91
196
184
168
167
76
135
145
81
121
0
130
0
76
197
178
68
174
190
126
197
177
190
0
251
0
81
191
0
159
0
201
0
125
172
0
134
0
259
0
0
0
0
105
125
207
0
0
153
92
182
160
185
155
0
149
0
173
0
139
89
100
0
138
232
0
0
0
190
161
133
0
146
0
115
175
141
0
129
134
221
0
146
86
0
0
154
139
171
173
147
0
112
101
200
0
198
170
0
123
79
135
175
0
0
90
112
0
233
0
0
120
185
173
0
0
172
263
0
0
196
0
92
92
189
199
172
0
155
125
161
121
95
173
162
0
192
130
158
100
121
0
111
168
0
279
0
0
101
75
184
140
97
289
0
0
0
128
94
0
186
124
0
0
98
194
0
112
145
92
196
91
115
71
172
178
223
0
210
0
82
153
0
189
165
124
0
112
199
207
0
123
0
146
117
120
131
80
77
91
0
77
155
131
0
200
0
114
118
136
0
216
0
195
117
102
321
0
0
0
0
70
68
152
187
0
0
89
94
154
0
0
0
192
81
184
167
106
143
0
0
86
137
210
0
114
0
192
0
139
0
79
0
140
152
0
137
0
134
213
0
180
211
0
143
138
0
118
174
0
109
367
0
0
0
0
157
108
89
144
0
206
0
226
0
0
129
273
0
0
0
0
69
149
142
134
240
0
0
112
169
72
133
116
0
200
0
189
167
0
79
198
0
0
138
0
111
176
156
171
0
0
196
105
160
102
87
0
73
167
96
86
0
145
0
193
178
0
0
0
84
192
0
82
186
113
137
201
0
71
183
0
0
224
0
80
86
124
122
109
171
0
0
178
105
170
183
215
0
0
219
0
129
178
142
225
0
114
313
0
0
168
105
98
109
146
0
187
170
177
147
0
199
175
0
130
94
172
87
76
132
0
138
171
0
210
0
190
204
0
189
76
158
176
209
0
0
0
0
190
145
114
107
0
177
69
143
0
191
111
67
106
211
0
0
100
119
161
148
216
0
0
0
74
103
108
108
0
114
183
164
0
166
139
231
0
0
0
98
115
0
0
101
72
0
173
149
79
73
90
169
194
170
147
0
331
0
0
0
0
138
224
0
0
0
136
159
188
0
159
194
159
250
0
0
0
95
243
0
0
0
120
214
0
0
68
214
0
120
75
196
152
71
192
77
112
0
133
242
0
183
75
141
0
0
158
101
0
157
0
125
136
183
161
0
182
168
0
167
134
80
126
137
248
0
0
0
189
188
0
0
73
240
0
102
0
79
173
77
89
95
193
161
84
217
0
117
221
0
0
0
199
159
168
0
119
0
142
144
106
148
150
136
206
0
0
0
198
0
105
195
245
0
0
138
143
143
224
0
123
275
0
0
0
0
0
0
166
127
0
0
141
0
164
0
173
0
128
97
85
183
85
0
0
145
0
0
179
79
189
185
130
98
84
120
110
108
156
180
162
307
0
0
0
0
95
96
104
0
86
148
156
0
95
186
124
161
148
84
156
0
133
176
113
138
215
0
115
99
171
140
163
81
167
293
0
0
129
0
78
82
199
198
197
120
0
116
139
151
198
118
72
86
173
0
68
370
0
0
0
0
0
0
189
199
125
0
0
195
152
171
0
155
232
0
103
124
0
92
86
189
223
0
88
164
0
0
136
76
116
0
189
150
95
86
219
0
193
0
166
293
0
0
0
199
236
0
243
0
0
96
143
234
0
127
91
156
0
0
366
0
0
0
0
0
99
161
101
145
0
159
141
178
134
0
217
0
160
177
200
0
0
198
0
204
0
127
75
83
111
123
178
0
131
0
82
86
182
116
147
132
102
300
0
0
0
190
176
0
0
156
99
172
0
71
224
0
0
0
268
0
0
126
147
180
222
0
106
0
124
76
154
203
0
142
86
106
104
92
115
189
67
89
98
0
119
83
95
126
0
0
157
123
172
0
183
102
176
239
0
149
97
116
248
0
154
119
136
124
0
163
147
197
242
0
186
136
250
0
0
0
115
0
142
0
129
110
71
125
152
113
161
191
137
189
0
198
0
0
123
0
324
0
0
0
120
157
0
0
116
190
183
83
166
0
226
0
0
191
0
0
137
0
188
226
0
136
198
108
0
138
163
132
87
119
142
0
108
260
0
0
0
0
0
186
173
0
0
199
158
0
0
143
0
146
149
139
189
0
0
198
0
0
214
0
103
124
142
87
186
0
84
80
93
224
0
102
0
139
313
0
0
0
0
96
169
0
137
69
194
183
178
177
0
114
150
0
130
137
0
147
99
89
89
101
76
103
120
0
150
110
0
169
129
156
0
107
208
0
0
0
116
0
243
0
0
106
142
0
0
180
0
70
70
192
151
0
112
103
195
165
178
156
137
0
136
176
0
0
0
117
174
0
139
0
0
155
0
0
299
0
0
117
157
277
0
0
160
88
198
272
0
0
118
189
0
180
133
144
143
193
124
151
124
133
149
118
83
162
180
0
164
150
0
207
0
0
0
172
74
160
0
157
193
91
141
143
0
161
99
144
239
0
171
181
130
173
0
0
0
0
90
185
99
148
0
140
0
160
0
180
0
117
0
137
136
168
0
181
197
0
112
121
0
186
94
68
127
323
0
0
0
0
88
220
0
144
0
122
213
0
149
0
197
0
179
117
67
152
172
157
96
92
86
183
0
107
135
0
167
155
150
109
124
0
75
121
128
121
113
199
152
0
170
0
182
122
140
147
149
92
0
91
77
130
115
72
68
177
0
126
0
184
183
167
173
0
0
68
198
146
0
94
0
181
0
161
99
225
0
0
153
165
103
0
178
0
192
0
90
158
112
0
0
174
95
129
113
71
197
0
68
176
114
175
78
0
176
192
205
0
121
0
190
72
141
132
0
108
196
0
0
90
110
152
200
0
90
155
0
144
0
148
0
138
0
0
129
0
199
177
127
88
92
0
117
176
0
146
217
0
139
126
176
0
0
163
0
136
83
151
179
0
251
0
150
80
187
190
86
147
192
112
107
0
105
104
232
0
0
166
85
72
79
140
116
253
0
135
173
0
0
0
0
218
0
178
0
180
105
176
199
0
0
0
118
80
195
169
189
137
201
0
0
121
141
107
131
170
79
151
0
0
0
80
157
209
0
109
72
195
188
116
192
249
0
197
0
183
93
84
197
122
0
195
99
162
0
0
0
177
93
243
0
0
0
186
144
0
189
181
192
184
150
166
177
0
121
220
0
233
0
109
199
0
75
164
215
0
0
207
0
158
0
189
137
0
245
0
0
94
0
105
175
168
188
157
0
142
0
148
170
95
86
0
116
197
144
133
111
318
0
0
262
0
0
186
0
127
264
0
0
0
0
234
0
160
0
230
0
225
0
135
100
153
205
0
0
0
111
171
0
0
119
139
158
225
0
140
174
151
0
189
131
178
0
248
0
107
0
140
0
177
111
128
129
0
168
115
152
87
106
0
146
82
229
0
0
0
0
120
0
236
0
0
119
247
0
127
84
198
346
0
0
0
0
127
0
98
139
402
0
0
0
0
0
0
88
94
132
0
167
0
190
0
0
0
161
195
0
168
163
0
123
105
138
188
178
0
183
162
78
112
128
145
123
0
172
150
110
0
76
96
138
0
104
67
159
0
139
0
87
89
0
0
97
162
139
129
152
221
0
250
0
0
0
0
120
90
91
155
152
155
0
131
142
177
0
0
214
0
115
193
0
100
153
0
155
84
142
74
240
0
118
198
0
144
192
0
203
0
0
173
155
0
147
0
87
192
0
138
125
94
108
95
138
0
121
0
120
0
160
82
136
0
192
0
103
88
145
159
197
0
0
0
80
236
0
125
0
126
107
283
0
0
106
0
142
164
113
177
153
158
0
0
198
131
95
133
0
107
174
134
100
185
99
86
163
68
140
185
214
0
156
113
0
188
114
86
105
164
105
107
135
165
147
0
154
175
0
100
169
0
0
0
167
159
121
133
96
152
180
128
159
145
159
214
0
187
142
143
162
0
122
96
160
119
121
147
176
131
131
109
153
0
164
0
157
0
73
177
186
161
0
126
0
85
185
156
0
110
68
302
0
0
0
165
0
152
0
0
206
0
233
0
0
68
77
172
191
165
110
141
135
0
156
0
0
414
0
0
0
0
0
0
105
196
121
82
190
190
0
174
114
0
114
154
136
0
158
171
132
117
173
166
81
147
327
0
0
0
0
188
0
0
83
133
130
137
0
151
123
69
177
108
195
139
132
156
0
126
146
106
272
0
0
0
110
163
0
0
182
139
0
192
0
69
130
0
211
0
87
170
0
188
0
93
91
71
147
85
111
233
0
0
141
107
72
198
0
165
100
174
184
0
0
109
182
0
78
259
0
0
149
0
0
0
137
109
73
126
119
0
172
156
222
0
0
0
164
227
0
0
0
0
192
145
195
0
0
130
165
193
0
177
161
0
0
100
93
144
146
250
0
87
91
133
73
89
99
198
0
0
86
190
75
135
0
171
122
192
0
204
0
157
188
0
194
106
69
186
242
0
116
0
133
0
260
0
162
97
0
252
0
146
114
256
0
0
116
97
147
145
0
171
194
0
127
0
151
108
182
253
0
0
188
149
0
78
227
0
110
0
174
183
113
98
186
0
229
0
0
191
178
135
187
159
0
93
261
0
0
171
262
0
0
132
84
176
0
104
0
174
0
111
143
233
0
0
244
0
96
144
0
154
140
298
0
0
173
0
155
170
74
118
114
110
78
191
0
0
183
123
0
124
0
95
124
0
176
262
0
0
186
101
0
140
173
105
117
86
233
0
72
0
134
183
90
0
114
129
191
150
172
0
0
0
0
134
221
0
90
126
117
94
108
171
132
0
120
146
126
150
78
158
126
0
146
209
0
153
0
90
336
0
0
0
0
118
168
178
78
102
93
128
142
108
158
0
177
91
179
0
162
114
176
0
158
0
154
180
87
182
84
95
0
70
95
163
107
227
0
243
0
71
150
139
194
0
73
70
0
157
0
106
141
0
154
95
201
0
161
130
0
316
0
0
191
0
0
196
0
0
0
69
83
198
153
133
0
169
164
147
190
162
162
104
189
0
181
0
0
116
101
249
0
150
0
72
108
127
183
0
0
0
161
109
100
73
170
98
135
0
143
82
214
0
152
119
101
0
234
0
170
197
0
177
142
134
114
0
97
118
82
90
88
161
203
0
160
0
172
110
119
134
196
0
85
136
0
124
119
157
129
0
154
322
0
0
0
0
155
0
124
185
129
108
0
113
155
0
233
0
249
0
0
82
209
0
0
0
180
193
0
197
168
176
152
0
279
0
0
0
0
113
146
121
157
192
90
131
213
0
114
0
177
0
92
0
198
0
78
149
114
119
0
163
71
103
174
121
0
125
0
194
92
88
174
126
0
141
0
188
196
0
148
189
124
237
0
0
171
175
0
158
292
0
0
0
0
192
98
121
0
152
227
0
180
0
85
92
195
124
0
134
0
160
206
0
160
0
0
164
174
0
0
162
0
0
131
132
151
136
186
0
164
140
0
0
145
122
194
0
145
0
175
0
210
0
148
150
179
123
348
0
0
0
0
101
92
172
149
0
105
169
123
190
0
0
0
134
207
0
0
153
261
0
0
177
82
0
173
168
204
0
0
150
127
216
0
172
148
0
123
0
140
128
0
95
278
0
0
0
0
0
141
0
76
169
124
135
0
92
154
133
81
131
133
149
147
111
0
78
72
122
167
97
173
82
185
139
121
136
181
0
155
0
0
175
0
174
0
172
140
144
142
225
0
147
85
111
210
0
130
121
118
0
198
103
198
206
0
0
251
0
0
0
107
178
79
147
161
0
167
163
0
130
0
161
233
0
143
213
0
108
160
0
257
0
0
78
68
155
101
131
211
0
113
194
117
0
144
70
126
198
120
107
150
188
207
0
0
82
135
128
144
0
0
79
145
164
0
122
143
0
182
0
167
189
231
0
244
0
0
0
0
150
181
178
166
148
199
82
136
104
0
0
116
75
92
245
0
0
0
0
73
180
78
255
0
0
115
167
81
90
159
0
119
239
0
117
230
0
0
0
0
115
169
0
101
124
168
0
156
192
199
175
143
214
0
0
0
140
0
0
160
191
0
0
0
134
71
142
235
0
149
80
82
182
155
198
0
181
113
175
140
0
291
0
0
303
0
0
0
104
147
146
0
155
0
206
0
0
132
202
0
283
0
0
119
134
155
126
83
76
290
0
0
0
0
176
182
167
0
0
0
92
110
187
246
0
0
0
0
0
149
156
84
173
162
187
154
198
96
0
185
188
161
180
97
160
96
79
192
143
90
186
119
0
140
125
208
0
177
162
80
247
0
74
153
0
210
0
178
0
77
139
123
0
176
0
0
0
283
0
0
0
153
170
110
208
0
93
159
141
147
0
146
112
175
181
0
101
84
140
0
192
70
156
68
145
0
178
146
132
75
89
122
169
117
221
0
117
172
284
0
0
180
0
118
0
103
127
0
0
134
100
109
90
86
128
188
0
95
147
195
161
91
133
0
121
170
69
67
131
142
134
0
188
114
164
192
147
116
173
0
0
228
0
191
76
111
132
126
0
163
0
0
191
122
69
137
171
133
199
0
183
0
0
137
205
0
146
76
83
125
0
324
0
0
0
162
201
0
182
0
109
0
183
163
0
164
196
73
163
0
147
0
122
161
239
0
0
165
0
168
171
215
0
193
183
167
0
0
218
0
148
229
0
0
146
185
0
0
198
0
0
190
0
0
166
0
192
98
196
0
0
112
0
136
84
122
0
0
254
0
157
0
191
146
127
0
203
0
140
0
82
119
0
117
138
0
118
0
0
114
86
149
104
147
137
167
0
0
179
0
99
192
0
191
187
0
80
118
171
149
79
123
194
0
0
124
0
0
77
74
176
120
0
148
134
154
72
98
113
128
0
0
187
0
68
182
121
169
0
146
130
137
114
0
178
97
142
199
69
191
0
93
0
149
193
177
160
0
167
0
91
255
0
124
136
133
0
207
0
70
179
160
0
0
0
189
189
138
0
166
188
191
153
0
158
120
0
191
0
165
184
238
0
0
0
148
0
242
0
0
146
125
149
0
122
70
69
173
0
0
80
183
93
83
0
129
301
0
0
0
0
0
217
0
0
185
0
106
188
0
0
198
173
193
0
0
0
182
175
75
146
0
67
157
74
170
174
0
76
123
106
0
168
245
0
0
0
185
217
0
220
0
0
149
123
144
196
86
0
69
95
152
0
172
83
156
185
139
0
0
193
103
0
182
82
197
146
68
190
0
171
118
105
101
81
222
0
108
118
0
0
199
117
0
178
186
157
73
190
187
88
157
0
143
0
202
0
107
153
135
198
0
0
81
73
133
162
197
0
123
137
0
180
135
96
191
109
89
172
0
179
87
0
149
198
80
156
238
0
0
0
126
136
0
260
0
0
0
138
164
221
0
0
110
117
138
136
169
0
197
87
105
0
147
132
0
84
147
194
177
173
182
115
71
130
182
153
165
0
154
226
0
0
0
68
164
86
164
107
0
178
242
0
80
154
78
103
70
137
270
0
0
147
0
166
189
240
0
0
126
86
86
208
0
190
85
0
172
132
72
110
89
180
100
178
130
116
271
0
0
79
136
231
0
0
132
187
225
0
168
127
103
153
0
88
112
146
0
141
183
181
0
187
191
98
162
0
198
94
176
165
199
206
0
353
0
0
0
0
87
160
67
96
131
117
132
0
128
143
84
154
67
189
0
231
0
222
0
0
71
86
102
106
0
146
86
82
194
131
0
285
0
0
0
0
102
189
113
0
133
134
0
0
147
0
77
158
299
0
0
0
0
210
0
0
0
0
96
175
0
91
107
191
0
105
76
283
0
0
0
0
221
0
317
0
0
0
79
0
86
0
170
0
0
96
0
127
192
83
101
96
293
0
0
190
239
0
207
0
0
91
143
191
242
0
124
0
135
0
154
103
195
0
0
96
139
166
150
0
0
213
0
179
187
147
91
178
123
0
293
0
0
0
0
181
0
0
135
150
151
160
165
0
168
182
120
0
146
187
85
158
0
147
166
0
112
78
131
0
0
165
160
111
0
190
190
157
71
127
0
77
0
164
185
86
201
0
144
0
180
0
189
75
112
182
175
0
175
0
221
0
123
100
162
70
257
0
160
151
71
126
186
74
124
140
82
170
142
252
0
165
0
155
0
87
103
239
0
144
130
171
0
164
0
0
0
183
86
232
0
0
172
160
0
192
0
191
0
91
156
185
165
198
71
186
123
0
71
69
159
199
0
0
0
174
0
150
185
112
141
106
69
109
151
0
176
0
107
0
133
142
137
190
119
169
108
125
182
0
0
0
140
147
190
0
0
192
179
0
0
0
160
0
0
153
88
81
0
256
0
0
175
70
73
184
146
97
106
179
0
0
0
114
0
133
179
135
139
189
112
164
84
152
0
147
0
93
191
201
0
0
113
154
0
184
127
181
0
196
165
228
0
196
0
95
158
0
361
0
0
0
0
184
173
0
0
114
0
186
0
98
0
201
0
112
78
128
83
0
171
150
0
123
118
124
197
0
349
0
0
0
0
0
159
140
68
202
0
119
178
0
178
157
117
171
0
185
0
182
0
0
154
221
0
0
0
75
148
0
87
207
0
0
172
0
79
134
0
186
129
333
0
0
0
0
162
0
0
188
135
0
125
0
105
151
0
171
70
185
163
0
0
178
222
0
0
0
123
160
160
119
153
97
140
169
0
0
106
189
156
0
70
143
94
71
150
243
0
0
0
0
0
113
0
85
0
78
87
169
184
0
91
184
0
131
109
323
0
0
0
0
137
0
92
162
0
0
108
134
0
80
117
136
0
0
224
0
146
86
67
135
186
150
185
173
0
0
115
169
152
74
168
70
138
147
0
139
0
93
151
137
0
157
174
120
163
147
68
158
113
0
124
97
181
0
182
232
0
0
172
161
152
0
167
112
169
102
100
0
158
153
0
0
171
154
131
72
150
83
112
168
169
0
135
0
213
0
174
117
121
101
123
0
91
92
174
163
192
90
188
135
124
111
109
83
98
279
0
0
157
197
228
0
151
142
0
0
141
213
0
0
0
124
81
254
0
144
146
223
0
124
0
0
148
109
87
100
106
170
157
0
0
197
254
0
0
177
0
165
0
213
0
95
86
111
138
0
109
108
141
188
144
116
0
104
108
84
101
0
151
176
0
0
182
201
0
0
149
140
0
161
178
186
130
165
103
0
173
151
0
132
167
0
161
70
96
99
102
295
0
0
180
0
73
160
184
191
0
140
0
0
67
105
244
0
0
0
193
174
186
113
174
98
0
0
154
146
100
71
120
76
185
0
113
0
100
124
78
183
72
152
131
131
0
131
169
190
0
167
0
90
345
0
0
0
177
166
158
0
159
105
132
77
197
132
143
120
91
171
0
132
0
0
175
114
189
101
179
0
193
0
0
90
108
183
144
67
160
0
93
104
81
0
141
0
170
183
146
239
0
0
0
0
0
0
0
221
0
75
109
0
121
195
94
169
0
143
0
127
0
93
144
0
243
0
0
125
135
168
135
87
91
145
0
109
152
0
0
199
0
204
0
71
100
0
122
0
180
128
210
0
198
72
177
71
127
0
199
0
170
171
232
0
0
71
102
169
0
155
142
135
182
121
132
179
0
91
179
0
105
154
124
118
0
121
104
141
189
96
106
119
0
128
0
91
181
0
239
0
146
151
155
162
115
0
145
0
199
110
0
97
187
91
121
287
0
0
188
0
0
137
161
173
0
136
153
0
0
124
121
0
232
0
146
159
0
77
142
173
0
127
0
151
0
0
100
188
176
144
215
0
0
0
179
236
0
0
0
0
70
185
0
178
0
232
0
0
0
160
177
149
168
0
115
132
105
405
0
0
0
0
0
0
157
0
115
122
160
200
0
0
87
154
189
160
151
0
129
0
105
0
125
105
190
90
177
139
77
100
100
108
79
116
128
71
148
167
159
177
128
133
190
90
194
153
162
109
160
119
173
0
0
146
0
100
182
132
74
189
86
136
274
0
0
203
0
171
126
0
193
178
252
0
0
113
0
226
0
0
145
146
78
122
180
0
174
152
0
186
0
0
73
116
0
171
70
108
141
0
172
0
157
0
77
82
97
0
85
160
0
219
0
0
0
160
0
105
157
72
0
245
0
203
0
73
72
120
176
72
180
166
196
139
99
124
80
0
0
133
73
0
194
119
82
138
162
0
135
0
139
0
157
0
0
362
0
0
0
97
158
104
103
221
0
183
186
199
165
0
104
134
102
159
220
0
0
167
0
0
107
74
80
149
128
171
0
93
115
140
0
0
116
238
0
0
116
125
202
0
203
0
88
0
128
115
236
0
0
0
145
189
105
194
69
94
205
0
182
143
0
159
114
94
159
0
112
95
128
155
0
0
103
0
185
81
0
133
126
0
184
0
90
115
96
346
0
0
0
0
143
69
195
154
96
0
80
144
88
144
158
134
0
171
92
155
0
131
0
82
69
91
220
0
165
131
0
259
0
0
0
0
160
173
254
0
0
194
87
117
187
186
175
0
0
0
167
0
191
166
203
0
0
135
197
221
0
0
111
112
156
0
108
240
0
162
194
146
150
0
224
0
0
175
164
195
174
159
100
197
186
0
125
163
162
148
234
0
170
156
128
104
0
147
0
130
168
181
185
0
118
189
0
118
80
149
186
92
106
254
0
143
172
134
316
0
0
103
135
142
197
75
145
227
0
185
113
159
0
0
0
0
82
180
0
211
0
0
0
0
198
118
90
198
0
87
149
127
103
196
138
68
201
0
0
133
86
87
132
178
133
154
132
0
254
0
0
162
176
0
115
0
108
208
0
0
0
368
0
0
0
0
0
0
229
0
182
117
146
247
0
164
130
0
188
0
0
135
106
164
189
0
184
0
153
176
187
0
165
139
76
132
142
0
94
185
138
104
0
74
110
171
0
132
0
107
114
126
89
82
109
187
119
182
0
129
90
166
0
129
157
101
79
123
140
77
71
104
94
184
274
0
0
0
169
238
0
305
0
0
0
156
129
171
244
0
126
0
0
157
170
77
163
197
0
156
184
0
115
0
294
0
0
0
268
0
0
83
256
0
0
122
134
178
121
184
135
0
133
220
0
185
165
238
0
0
187
0
134
0
149
0
169
136
79
156
82
0
121
0
169
161
0
166
251
0
0
134
222
0
99
0
132
190
69
75
151
73
181
207
0
0
125
0
183
0
155
0
160
165
94
207
0
0
0
159
107
162
165
169
98
0
94
151
168
109
0
162
0
0
95
110
67
128
0
0
166
145
91
144
158
0
0
235
0
0
0
112
174
164
169
109
72
82
76
112
0
182
0
169
193
174
0
0
71
122
170
0
0
160
0
70
171
186
136
173
116
103
77
78
159
249
0
0
0
87
105
231
0
0
0
179
78
153
189
304
0
0
166
173
76
147
123
107
194
0
0
191
251
0
0
111
0
150
170
128
98
96
153
81
157
184
121
143
120
206
0
226
0
93
106
189
165
180
91
195
121
74
102
86
70
190
182
0
0
95
159
159
80
89
175
97
0
297
0
0
0
0
114
221
0
0
0
140
188
118
0
0
168
0
152
148
174
180
116
108
134
136
91
213
0
231
0
186
288
0
0
0
0
137
170
0
84
72
207
0
118
0
194
159
106
199
0
167
69
133
0
0
175
161
0
165
184
153
0
0
68
68
126
239
0
124
144
0
0
178
0
0
190
206
0
0
193
108
94
121
120
178
205
0
0
169
198
131
139
150
131
185
194
0
0
203
0
179
192
200
0
177
145
180
97
181
156
96
0
182
0
184
219
0
139
203
0
97
115
142
155
0
132
171
87
167
194
117
97
124
79
204
0
180
0
95
178
0
191
0
188
140
0
175
140
0
131
95
92
81
259
0
0
111
175
168
0
191
129
177
192
147
197
86
162
0
158
0
165
179
144
137
0
175
273
0
0
0
165
221
0
94
0
188
243
0
0
0
0
84
170
235
0
146
196
0
67
121
198
0
174
144
196
0
107
152
102
180
125
161
0
132
143
160
92
209
0
0
241
0
186
218
0
184
117
167
105
149
130
203
0
200
0
0
237
0
69
196
86
83
173
178
117
83
199
191
146
0
0
111
0
146
0
181
173
0
0
136
0
0
152
104
173
98
157
0
182
91
123
0
186
212
0
0
148
123
177
174
80
118
156
84
169
92
182
161
116
94
186
0
140
110
212
0
162
173
353
0
0
0
86
180
92
124
244
0
141
0
89
185
98
123
109
0
78
211
0
0
194
0
71
101
157
211
0
111
182
174
150
0
186
0
0
88
194
175
128
165
67
180
194
224
0
74
88
0
197
124
78
90
76
239
0
103
101
219
0
183
183
0
91
194
0
111
0
159
118
190
198
225
0
136
0
138
250
0
0
242
0
0
192
0
182
0
106
0
141
0
0
69
222
0
167
201
0
167
69
240
0
0
151
304
0
0
0
146
0
118
0
174
196
194
129
0
176
132
124
0
146
0
176
0
199
146
0
263
0
0
0
0
93
151
0
113
191
198
115
154
228
0
0
119
148
199
70
162
154
166
172
197
156
111
260
0
0
0
0
0
213
0
207
0
194
0
179
0
192
0
157
179
94
0
99
109
70
167
0
152
0
123
181
148
187
208
0
0
138
156
0
91
126
188
172
119
202
0
174
0
143
0
0
137
175
198
111
99
201
0
78
0
82
140
0
117
182
237
0
0
0
83
127
131
184
0
0
88
149
157
0
163
142
83
0
158
87
86
156
76
256
0
0
0
194
0
167
162
144
165
147
186
0
132
0
154
0
0
99
141
0
134
0
124
172
134
116
0
82
148
101
199
181
91
68
146
0
0
136
73
198
106
85
120
179
159
190
104
207
0
174
0
142
0
195
162
134
0
190
80
94
97
0
239
0
194
0
145
0
113
174
174
133
0
98
300
0
0
0
126
0
171
160
0
187
0
124
142
208
0
122
0
94
111
171
233
0
186
76
187
95
76
198
88
0
134
184
194
261
0
0
183
265
0
0
199
126
190
176
247
0
0
190
199
0
139
145
151
193
0
148
136
185
120
91
118
197
0
0
0
79
166
198
0
114
164
155
85
0
97
83
165
184
0
157
121
179
0
0
259
0
0
0
74
93
171
146
130
0
0
102
0
149
188
0
156
0
190
188
132
82
109
0
0
125
142
0
81
118
0
153
0
192
141
0
105
0
168
126
138
0
174
0
105
362
0
0
0
0
0
0
0
0
227
0
0
88
168
81
0
183
184
160
0
190
107
159
148
167
71
0
237
0
109
189
108
128
0
84
80
151
120
171
163
178
195
186
181
154
97
84
224
0
0
101
0
151
118
159
0
182
102
0
172
0
0
103
0
147
88
119
262
0
0
0
181
143
190
195
113
68
149
74
0
131
0
125
0
211
0
114
177
181
130
202
0
177
0
0
141
0
122
91
0
107
160
134
110
111
113
104
113
101
107
185
0
197
0
0
100
152
126
0
110
187
124
0
166
0
0
317
0
0
95
109
74
137
0
75
364
0
0
0
0
71
238
0
193
230
0
0
0
0
0
234
0
129
218
0
217
0
197
0
170
168
139
128
146
0
0
0
100
185
112
91
249
0
0
0
164
139
87
0
186
108
165
121
144
0
143
88
179
170
0
177
86
89
106
147
0
150
0
152
81
133
0
146
186
265
0
0
0
177
185
94
152
217
0
0
0
145
170
90
161
83
156
217
0
0
152
88
182
0
0
71
156
0
167
76
119
72
190
0
0
126
200
0
207
0
0
113
0
154
0
161
133
149
169
110
213
0
105
94
123
0
125
0
150
0
190
157
68
0
170
247
0
160
92
178
0
0
175
74
138
194
0
0
0
194
197
186
133
315
0
0
0
158
134
149
153
122
118
187
0
0
86
145
0
138
197
205
0
117
181
189
168
116
0
259
0
0
83
170
0
170
189
210
0
137
175
0
0
96
200
0
144
175
311
0
0
0
0
163
0
0
140
0
123
135
217
0
0
71
155
0
0
98
103
166
149
92
190
167
72
81
203
0
127
0
113
226
0
166
212
0
108
81
95
97
79
149
119
77
216
0
197
0
188
0
0
266
0
0
190
182
0
0
125
157
0
0
199
0
152
160
95
261
0
0
0
185
112
85
106
163
130
123
173
150
0
179
112
168
0
198
0
0
111
0
148
192
79
176
0
171
0
0
132
177
174
0
150
0
89
176
0
135
73
127
247
0
0
102
107
0
160
195
112
222
0
0
0
0
114
149
0
0
0
121
0
154
206
0
168
82
144
218
0
76
154
126
191
0
175
116
0
128
0
161
98
149
306
0
0
0
73
230
0
0
194
176
185
0
0
212
0
170
111
106
176
95
136
197
150
166
0
0
183
99
129
108
218
0
0
195
156
187
0
83
190
0
149
0
138
90
128
145
100
70
186
182
99
123
111
174
0
0
97
0
202
0
0
71
181
180
0
0
192
0
192
87
86
122
0
167
140
121
0
101
95
121
142
0
129
168
0
0
73
137
145
195
83
100
180
133
0
0
71
122
199
68
193
156
192
0
166
142
74
242
0
0
0
166
146
0
219
0
0
0
163
0
0
164
118
108
242
0
0
109
0
173
146
0
165
111
185
150
0
101
170
117
143
132
0
75
186
89
89
287
0
0
198
139
81
103
91
151
160
133
0
0
84
182
83
218
0
0
0
81
176
0
0
125
108
0
0
122
145
103
0
278
0
0
0
70
152
0
128
0
103
159
0
0
198
0
107
111
158
103
159
95
141
0
140
82
0
269
0
0
169
210
0
104
74
142
125
70
185
76
219
0
211
0
93
202
0
79
232
0
0
153
0
76
139
164
183
0
169
160
0
174
0
172
0
136
117
67
133
0
100
0
142
174
110
0
83
100
174
0
0
90
0
100
110
90
78
231
0
132
0
0
148
0
0
148
0
0
172
0
222
0
0
0
175
178
100
0
101
240
0
0
163
181
125
160
123
199
188
81
139
110
140
0
129
0
125
145
234
0
0
138
0
0
96
0
205
0
138
67
151
135
82
198
140
0
97
121
168
93
194
353
0
0
0
0
153
0
186
0
180
127
0
135
0
185
149
87
68
138
137
0
180
188
70
95
171
0
224
0
0
0
84
118
209
0
196
126
127
281
0
0
128
0
125
129
94
128
178
222
0
0
0
159
0
190
130
83
117
0
82
196
296
0
0
150
280
0
0
0
0
111
199
0
133
196
154
155
190
179
0
165
172
179
193
185
290
0
0
136
0
184
71
142
186
103
0
163
79
185
0
88
144
226
0
203
0
136
147
0
124
227
0
0
0
131
0
253
0
168
165
272
0
0
118
0
0
185
182
0
0
185
83
0
96
0
203
0
0
215
0
0
136
0
141
148
159
0
82
160
0
127
0
0
135
161
0
116
0
167
0
113
241
0
148
117
0
155
77
145
192
0
122
142
0
129
185
175
112
132
188
101
167
86
121
0
0
165
153
0
73
155
222
0
84
160
0
0
164
275
0
0
0
189
0
0
119
195
176
100
154
112
0
146
77
180
77
73
180
0
189
166
122
118
165
0
0
109
155
0
198
190
0
149
182
0
176
151
111
150
116
183
178
121
191
112
99
79
85
147
196
167
147
119
0
136
0
94
233
0
199
0
0
150
114
145
82
170
264
0
0
76
98
164
207
0
131
0
111
0
160
142
0
117
228
0
185
135
123
0
0
67
144
266
0
0
104
174
0
0
91
225
0
0
77
71
177
0
113
0
165
100
146
95
0
143
137
186
104
133
150
0
106
0
154
185
0
173
294
0
0
0
0
132
184
222
0
93
216
0
235
0
145
150
170
0
0
111
104
180
0
96
200
0
147
122
124
138
0
0
130
164
87
170
171
144
91
187
0
160
261
0
137
127
197
197
88
0
221
0
0
78
142
153
0
158
145
80
131
180
84
238
0
188
141
127
73
203
0
75
131
182
172
187
75
182
0
0
88
198
0
184
189
139
0
192
263
0
0
132
0
261
0
0
0
150
143
0
218
0
76
88
208
0
163
202
0
198
0
129
133
142
191
111
67
240
0
181
123
107
206
0
124
189
129
0
185
100
103
123
93
218
0
243
0
0
132
0
106
156
78
155
0
71
191
149
144
259
0
160
190
208
0
0
149
0
203
0
0
0
107
112
139
178
127
104
0
93
252
0
0
0
0
164
0
147
144
119
146
0
129
117
123
0
0
109
0
169
104
176
79
193
137
196
110
196
142
0
156
0
147
220
0
88
174
223
0
0
180
0
127
103
163
143
143
165
0
192
0
0
0
163
179
71
200
0
0
130
132
0
0
230
0
173
135
80
163
93
92
318
0
0
0
0
146
0
149
103
122
0
163
127
108
77
123
0
133
0
219
0
125
182
134
190
225
0
0
157
108
158
199
172
0
0
107
180
0
102
167
78
72
223
0
162
211
0
0
159
237
0
0
172
0
199
152
139
214
0
121
91
128
0
104
122
178
129
161
145
125
67
137
165
174
122
152
128
77
150
124
89
126
190
144
0
173
108
205
0
186
285
0
0
0
171
68
106
191
0
125
173
169
117
138
0
0
175
129
180
184
197
171
142
0
112
185
100
157
153
196
168
73
185
0
0
218
0
0
117
164
215
0
198
182
169
217
0
174
198
101
0
0
171
167
0
136
0
144
0
120
121
601822