139
27
165
52
0
62
0
138
27
0
15
18
130
21
0
94
95
174
104
130
30
106
186
0
110
89
100
70
134
21
34
0
158
147
128
162
38
199
0
95
62
113
172
135
125
185
104
192
166
125
44
76
116
43
32
43
198
88
130
181
125
67
169
158
50
30
110
134
188
66
144
164
24
143
46
30
97
69
23
127
0
106
165
199
180
111
144
112
105
113
191
25
25
0
154
188
41
25
123
164
39
60
194
85
127
0
119
77
179
148
67
104
54
55
119
44
179
132
118
195
35
72
87
102
57
181
34
164
193
26
0
183
115
64
132
47
109
107
85
93
198
97
175
166
79
35
135
34
164
76
134
0
128
154
52
192
111
82
116
148
196
61
51
196
131
170
114
78
0
97
20
165
55
42
105
93
142
200
0
99
185
0
51
107
60
114
172
138
116
155
30
63
72
190
30
110
178
0
120
138
94
0
38
63
195
0
179
145
111
162
86
90
0
137
90
49
35
103
0
49
68
109
58
137
87
198
0
67
177
64
138
157
120
171
161
175
57
27
146
70
134
59
0
65
95
101
103
188
113
174
187
65
69
117
69
87
183
18
70
156
86
83
19
191
155
151
104
75
27
28
130
129
199
166
26
77
91
37
62
82
195
25
57
181
72
141
147
155
106
133
59
192
152
85
184
141
164
150
0
85
146
25
79
140
126
65
156
0
148
29
42
134
99
27
98
34
91
106
191
107
94
44
91
108
0
0
121
0
165
0
99
161
194
156
84
141
175
0
20
188
57
169
33
36
134
79
154
147
138
168
167
31
0
69
0
28
90
186
134
118
179
173
204
0
16
57
143
111
86
122
104
87
76
173
29
160
65
106
163
149
72
83
152
0
62
83
77
196
74
37
102
185
115
58
31
35
128
198
194
62
160
64
116
0
137
76
34
183
174
175
19
140
90
46
110
148
121
100
87
62
22
94
146
136
191
68
63
199
125
142
177
142
47
88
109
104
118
140
158
27
170
192
0
28
172
47
157
32
37
88
29
70
27
169
30
23
76
22
180
63
43
53
69
0
120
70
46
46
116
175
67
186
99
0
61
176
33
0
144
52
85
195
73
160
53
194
46
98
119
93
81
101
151
174
191
89
0
44
159
80
121
59
135
143
80
101
120
156
61
111
65
26
61
147
0
142
0
189
22
174
58
116
146
85
85
183
133
181
161
33
62
33
65
82
195
94
114
100
33
131
0
119
29
72
73
137
160
175
109
77
177
77
155
75
0
93
56
186
176
18
64
94
39
63
24
0
134
115
66
161
20
160
156
107
176
97
93
27
19
182
20
72
116
165
108
43
122
175
61
140
132
20
34
41
156
123
168
151
0
18
54
80
46
87
199
96
101
33
92
124
76
182
63
97
159
0
0
139
72
63
159
97
196
135
113
54
51
140
87
151
157
24
128
86
122
150
122
130
146
44
164
57
100
0
115
139
42
45
147
52
51
106
163
133
198
47
58
0
87
180
129
182
169
143
150
78
196
130
152
157
73
198
152
141
198
67
44
188
100
141
175
177
61
108
28
172
196
112
66
75
93
31
57
85
67
53
120
0
64
167
93
117
79
92
164
132
186
0
0
150
38
70
117
158
28
65
167
106
170
131
0
98
0
91
76
48
199
29
66
126
107
56
198
166
183
24
77
191
0
14
35
162
0
66
56
56
63
0
23
27
54
103
83
157
107
114
21
27
120
60
0
158
63
194
151
68
199
24
45
37
134
163
177
0
106
44
0
0
39
178
193
187
162
75
189
197
109
192
25
105
163
52
99
56
27
161
99
34
81
135
153
135
127
41
59
144
76
64
124
41
27
142
78
0
60
193
181
54
31
187
196
0
68
138
76
176
168
80
167
150
122
193
133
116
108
180
119
138
53
153
150
96
75
94
114
103
38
123
0
44
143
53
25
50
159
35
184
187
44
68
142
18
102
162
69
176
66
0
110
98
66
118
101
155
115
171
136
135
0
33
62
52
72
34
180
36
175
113
94
0
178
129
197
197
0
127
21
168
151
181
103
28
167
115
21
183
0
60
48
95
108
34
128
41
190
167
98
162
186
50
168
55
118
26
55
86
166
82
82
110
0
193
107
27
80
101
186
167
53
163
198
53
120
84
0
0
190
0
183
136
90
57
101
153
133
148
65
173
26
169
46
98
112
164
97
21
96
62
191
48
174
101
53
58
37
93
89
155
107
73
198
34
20
90
197
78
21
0
22
125
33
183
134
196
137
47
147
116
61
132
26
125
72
77
73
106
159
102
169
48
126
0
59
148
139
18
132
113
105
58
27
170
87
160
159
42
21
73
37
141
137
98
174
83
126
184
72
33
66
116
139
99
109
121
180
42
157
131
158
102
118
118
123
0
135
136
106
0
177
100
92
21
56
188
47
21
132
154
59
51
49
43
139
192
0
17
34
184
172
155
135
161
102
123
115
35
159
195
175
183
56
149
83
174
32
86
57
87
142
79
168
68
177
136
21
181
0
160
43
41
181
189
187
151
172
108
111
111
97
78
72
93
0
56
52
0
171
141
177
54
25
50
75
103
150
141
29
84
154
0
78
0
132
21
118
108
148
32
0
183
186
188
26
0
63
80
164
157
0
51
110
0
96
79
199
138
108
40
199
36
104
189
181
0
76
159
52
43
131
141
24
105
45
104
133
149
88
42
106
0
46
94
166
0
159
148
89
47
134
20
55
70
177
148
198
150
27
192
0
136
164
196
165
0
136
65
0
74
100
177
174
110
28
69
0
188
154
59
157
36
194
149
49
141
169
57
66
170
0
82
26
63
187
96
104
55
157
143
122
0
111
50
44
164
191
88
55
52
150
41
125
91
66
31
143
0
177
75
83
48
121
178
113
113
0
172
161
51
65
34
179
193
70
164
0
53
57
23
35
109
166
57
184
57
35
150
131
99
103
148
128
29
80
125
49
0
180
59
0
32
136
59
23
49
100
50
38
187
31
27
181
138
135
0
74
0
175
0
19
171
158
145
51
66
134
166
100
149
126
23
194
170
197
32
92
44
101
0
186
76
53
61
0
56
125
0
41
170
143
181
109
0
122
61
136
19
117
169
177
150
102
110
194
189
201
0
20
0
70
168
162
74
175
142
30
26
24
146
0
141
186
171
142
30
104
125
156
188
154
194
180
158
57
117
41
130
0
98
93
198
49
181
27
154
136
45
175
124
145
141
33
87
62
207
0
89
184
0
115
88
65
110
130
64
34
41
196
108
0
96
170
115
60
172
192
72
173
49
188
51
43
127
71
172
151
60
136
70
55
33
184
45
70
199
176
176
173
69
30
123
151
18
151
61
131
41
182
48
18
190
122
34
0
171
110
87
144
167
50
137
96
68
87
197
52
123
0
43
126
126
36
186
27
162
0
77
32
183
166
0
123
198
134
86
174
94
187
174
127
34
80
0
43
178
118
126
152
77
72
132
154
0
9
189
133
110
184
97
113
187
139
62
196
46
18
154
20
0
74
179
113
0
133
78
123
177
54
170
190
89
58
24
108
54
58
186
106
144
45
70
0
73
19
180
0
83
172
130
107
94
0
126
0
131
0
0
119
0
117
184
0
115
108
18
184
126
187
123
22
166
170
57
0
69
51
76
156
80
142
35
42
119
92
147
22
99
0
72
139
149
71
150
87
87
152
39
50
169
87
165
52
179
69
0
57
0
95
33
28
151
0
41
0
148
52
0
24
20
48
178
163
49
0
70
147
98
196
170
23
78
82
196
82
131
180
147
117
44
140
129
92
58
55
110
109
100
36
126
194
129
123
33
144
23
196
0
160
190
187
79
90
143
121
140
178
115
33
28
148
0
118
158
47
63
84
176
104
19
30
34
57
79
115
145
118
24
35
110
51
193
56
19
153
0
104
169
169
173
110
129
91
147
136
77
74
180
187
154
80
69
122
197
185
35
102
143
82
184
47
22
167
86
41
25
19
103
26
23
178
55
47
53
163
30
150
186
105
190
31
65
121
69
147
147
29
63
143
134
191
188
135
0
170
98
0
141
25
73
0
18
107
131
0
44
198
134
0
57
0
167
67
64
197
96
174
63
67
81
25
34
49
80
79
73
110
103
131
84
141
35
0
126
190
23
93
107
144
35
97
182
147
197
101
132
186
169
55
119
117
182
0
136
149
55
106
124
122
0
37
90
108
182
21
126
0
86
168
0
198
19
53
133
29
147
56
192
35
54
33
30
120
140
44
91
53
158
0
28
83
88
18
97
33
167
86
192
93
157
44
62
155
174
54
50
35
85
72
109
0
192
64
143
192
150
125
136
184
193
76
91
93
99
38
167
176
65
101
94
137
150
61
147
80
0
0
57
113
80
129
137
130
54
49
159
104
196
96
146
143
91
67
118
152
129
165
192
21
119
121
85
183
39
154
199
170
0
197
102
67
78
62
142
32
122
176
42
169
0
193
102
48
170
0
49
41
29
115
127
173
94
195
57
188
114
119
0
126
78
27
92
172
77
197
124
19
137
120
69
100
0
162
0
93
46
105
56
79
0
188
24
125
0
170
186
0
22
0
142
80
151
158
97
58
168
137
70
21
78
173
122
102
119
92
73
37
112
40
84
0
123
0
147
0
166
192
64
171
83
34
49
189
198
162
167
183
131
71
0
132
166
53
166
138
186
191
184
105
145
65
114
117
0
150
162
97
183
49
139
108
88
112
155
66
38
26
83
96
90
184
88
123
141
49
110
0
142
120
194
111
69
41
173
48
19
105
35
26
56
178
75
77
121
189
40
178
198
0
97
144
73
107
127
110
55
176
162
139
95
43
192
170
129
19
163
66
112
0
191
0
31
38
20
88
48
63
53
193
44
63
149
101
196
51
101
0
159
171
35
129
114
116
72
102
121
60
146
97
135
26
31
146
158
82
114
65
163
192
45
139
185
189
19
49
80
85
87
26
185
81
154
58
0
39
45
144
153
103
180
67
198
65
53
0
41
122
176
78
173
142
124
77
176
182
0
41
56
51
191
50
195
75
57
0
50
56
172
99
53
0
185
0
195
31
189
76
181
145
83
162
98
171
71
82
164
65
197
104
199
26
88
119
151
160
38
48
49
107
136
187
47
93
117
150
0
104
58
68
54
132
152
112
166
21
170
70
122
48
113
28
169
0
77
155
162
125
0
161
104
196
174
45
45
40
35
170
176
96
45
190
126
0
161
125
157
102
55
70
22
96
182
135
195
0
83
196
111
165
126
139
92
88
0
163
35
61
21
35
112
36
34
183
118
115
147
196
171
92
141
157
20
52
72
0
64
174
149
30
43
166
52
186
162
184
173
139
149
81
167
146
158
118
168
0
165
177
26
27
69
34
85
191
167
137
39
125
192
97
32
195
50
128
90
0
100
132
183
105
23
64
141
170
118
131
181
139
72
145
138
140
30
19
157
129
75
146
122
72
117
97
151
97
47
24
193
189
32
101
162
63
36
165
179
152
196
137
0
167
156
162
23
92
170
53
192
21
126
60
88
98
109
0
182
66
0
146
192
99
0
88
99
131
49
92
36
0
157
199
64
192
133
173
124
0
149
43
131
153
58
58
155
40
107
89
194
70
166
25
193
116
131
81
21
56
57
138
198
133
51
101
110
181
167
121
79
97
139
152
161
113
172
33
56
182
164
160
142
93
95
65
185
0
34
45
100
99
137
75
19
141
172
119
190
103
125
0
91
165
88
106
95
31
199
68
195
32
41
101
103
100
191
144
37
158
179
182
123
0
117
130
177
90
83
23
180
116
76
190
188
137
41
100
88
89
96
112
136
114
31
50
56
31
34
151
128
38
64
57
83
87
132
0
90
73
196
195
149
135
135
192
149
71
112
146
0
181
0
161
170
23
56
109
69
131
155
172
93
187
111
83
163
122
135
36
195
136
0
21
148
140
139
185
147
155
67
144
108
122
0
98
71
36
162
64
179
34
183
51
50
121
195
166
152
177
158
62
24
100
180
160
0
127
44
158
130
91
37
82
184
58
125
135
170
53
145
0
21
163
65
135
65
91
112
72
150
130
64
0
157
0
188
191
29
173
77
195
23
89
114
60
198
137
58
0
182
124
0
155
144
87
95
173
119
62
42
163
114
122
0
137
0
86
109
79
23
25
75
35
116
163
23
138
44
0
62
24
104
50
104
25
199
140
82
128
198
0
46
29
79
128
128
102
199
178
181
150
0
31
122
154
110
106
158
120
22
31
0
139
85
182
75
105
102
133
145
141
152
151
54
104
66
196
77
83
28
168
103
183
91
106
0
69
72
37
29
106
183
170
54
194
151
167
193
54
106
86
22
24
138
37
104
82
118
162
150
142
40
115
159
88
189
171
82
120
168
87
191
172
209
0
124
42
139
198
120
147
166
28
102
91
196
43
156
0
111
190
175
116
121
82
0
173
0
176
154
166
25
163
48
186
47
0
140
79
37
178
187
117
0
161
101
29
193
30
46
0
58
98
123
56
89
171
66
199
131
40
164
68
166
94
132
184
70
88
198
0
33
133
94
90
184
44
30
48
196
142
0
67
163
20
39
183
142
80
113
0
40
77
90
181
125
164
175
103
0
118
145
158
59
140
21
51
197
182
126
168
142
0
38
0
92
175
63
109
42
83
125
169
67
157
112
86
184
112
37
197
70
159
70
64
166
123
161
0
195
197
170
0
48
196
94
0
210
0
166
133
138
111
56
129
93
0
196
130
36
88
171
91
135
0
157
111
88
62
128
19
85
100
57
114
104
27
131
98
61
0
89
51
58
65
89
101
0
92
160
150
188
0
28
89
100
101
0
158
163
105
19
179
88
135
192
0
151
162
108
110
114
136
180
28
158
181
92
66
131
107
0
117
88
26
0
60
192
159
87
74
69
151
147
0
87
194
135
90
153
78
95
72
185
88
154
148
106
47
22
59
0
12
33
100
87
79
52
0
159
77
123
55
120
45
155
94
79
82
197
98
156
0
183
19
46
174
192
62
178
66
56
0
191
68
127
167
87
42
0
140
62
107
80
175
106
150
0
89
75
74
96
191
134
188
73
93
148
165
105
39
122
123
59
170
20
38
134
33
181
0
62
35
136
0
0
161
149
112
19
45
191
55
183
79
177
166
31
129
119
124
0
90
149
158
119
84
0
38
41
70
58
0
0
101
42
124
39
55
118
134
84
86
51
0
140
153
0
45
55
147
108
190
56
44
137
71
185
45
131
112
173
55
0
17
18
32
120
95
162
189
49
131
100
193
57
28
116
186
107
189
83
55
87
89
188
24
104
146
181
181
36
72
174
148
151
167
153
102
116
90
117
80
66
36
113
192
166
125
26
173
43
58
0
177
146
140
52
51
159
66
159
28
195
139
23
36
136
115
83
81
0
104
47
92
172
61
182
120
188
35
179
27
65
126
68
181
28
102
116
0
67
84
92
159
133
36
149
23
49
195
100
159
27
77
114
196
133
73
135
21
142
153
57
0
82
65
0
183
110
48
72
44
126
84
118
184
125
32
171
185
0
73
80
178
38
33
0
149
80
197
192
67
188
0
109
122
178
187
130
163
46
192
67
195
85
54
195
52
79
50
79
105
126
113
36
89
192
150
103
0
16
173
101
39
192
181
54
52
69
83
156
190
23
65
130
23
108
45
126
199
160
62
154
87
186
73
34
191
54
89
46
128
75
21
83
99
184
20
114
95
144
19
76
162
102
23
168
151
127
54
107
126
139
104
171
33
95
91
96
98
51
139
0
114
91
33
165
92
156
51
36
0
44
97
165
20
126
127
194
45
193
125
150
99
93
180
92
18
153
92
33
109
163
49
183
149
181
18
0
199
0
159
0
35
40
55
35
64
180
196
92
141
128
134
68
123
73
87
194
95
84
40
145
51
43
190
188
0
173
144
0
174
129
25
133
171
135
177
178
187
51
82
57
28
111
93
143
27
123
164
136
107
52
107
60
154
45
0
79
116
103
35
131
134
194
113
115
108
117
61
126
31
47
109
118
158
113
173
53
21
168
80
59
195
84
80
191
141
145
166
79
23
0
53
101
76
0
41
40
140
85
157
140
41
173
146
191
62
188
131
137
135
59
45
81
0
186
157
132
160
167
41
98
0
137
24
183
122
46
149
40
100
141
118
86
158
144
44
160
97
178
19
66
0
25
49
112
189
68
0
65
79
156
187
45
30
161
62
38
38
32
106
80
0
127
140
18
40
29
47
92
194
56
60
0
183
93
79
137
32
155
82
0
62
166
0
42
104
98
92
141
154
83
59
121
0
56
91
171
44
23
32
87
38
122
170
0
25
0
68
191
182
40
170
192
185
29
133
145
79
34
86
87
156
74
20
45
0
172
191
77
71
44
0
55
0
76
22
174
59
185
115
173
115
177
27
0
148
121
69
78
158
59
0
43
95
90
193
177
174
151
179
52
123
59
81
38
37
114
157
188
51
72
192
144
188
19
187
51
155
177
0
52
169
19
101
106
158
46
153
0
82
109
180
173
190
110
145
168
184
80
211
0
155
150
35
0
133
146
108
151
130
122
71
32
21
52
179
73
143
66
206
0
104
154
166
98
66
69
63
171
38
154
192
40
86
166
45
69
0
42
136
75
37
192
129
198
174
51
132
90
0
59
139
151
148
82
148
185
77
94
126
33
66
51
45
149
160
180
45
45
101
70
75
178
168
162
46
208
0
28
124
88
91
148
142
0
9
113
92
141
26
141
18
142
49
49
155
85
108
197
75
71
0
156
184
80
159
146
98
30
181
35
105
0
55
26
145
0
123
154
136
154
44
165
0
136
79
158
151
122
160
64
0
59
0
62
52
177
174
30
18
81
43
145
0
64
60
96
178
0
103
67
189
36
169
26
106
56
0
160
69
178
103
118
126
0
77
178
67
41
33
98
153
149
198
67
38
34
0
18
135
179
56
158
158
87
172
113
199
101
125
161
160
164
0
143
67
88
86
194
88
84
100
113
91
63
153
132
77
113
0
45
175
130
187
169
73
0
56
157
48
130
22
110
29
0
118
49
83
124
0
92
193
103
164
87
93
35
185
146
65
177
157
0
143
64
156
111
0
0
83
130
123
177
190
155
161
181
37
154
140
194
0
18
152
109
123
33
26
76
177
27
109
58
33
20
91
49
134
74
0
120
136
101
147
65
56
92
43
0
0
53
164
191
25
137
42
26
126
170
85
0
47
0
124
95
151
72
128
129
198
49
157
32
115
81
20
60
48
165
32
60
34
157
0
141
105
149
195
132
0
62
197
163
0
66
131
163
86
101
96
75
151
71
104
0
0
107
169
0
118
0
53
164
95
171
127
128
156
186
102
65
203
0
132
34
141
32
22
117
138
54
73
35
189
168
93
46
0
198
98
110
101
159
31
59
107
190
81
76
167
100
147
0
16
161
94
114
88
104
32
38
159
63
39
143
150
192
176
39
55
39
119
196
105
87
131
52
98
133
0
148
182
54
138
0
92
48
66
0
119
174
138
0
25
29
196
97
141
0
144
163
66
105
61
114
0
72
117
27
121
62
142
133
28
102
153
89
95
18
195
186
126
30
133
145
132
131
70
38
123
124
137
29
167
40
177
119
129
92
72
180
34
60
119
34
61
46
37
0
63
171
0
147
170
164
135
35
210
0
73
25
103
112
134
162
0
153
182
101
181
40
37
0
18
184
107
105
130
0
21
140
54
41
110
114
23
140
65
20
62
136
71
95
46
132
125
152
183
199
177
0
196
129
173
93
44
0
96
0
123
154
133
106
34
69
188
66
73
0
118
18
20
0
86
108
178
170
65
0
83
126
148
122
136
97
66
0
111
164
178
47
87
93
196
35
94
141
166
192
146
77
0
73
99
88
0
91
79
79
140
168
0
179
84
90
96
157
120
194
0
44
132
151
216
0
126
60
153
0
159
71
136
95
61
107
127
155
180
193
73
0
92
39
163
194
70
62
126
137
65
198
210
0
105
48
190
19
183
111
197
151
87
0
86
174
85
165
133
64
116
170
190
190
174
92
88
118
46
97
126
25
43
176
50
0
93
157
112
103
0
58
129
89
39
171
101
0
74
172
191
57
28
185
56
204
0
106
27
51
102
128
53
40
99
56
38
0
50
124
51
67
124
168
84
67
0
72
125
138
167
91
170
162
136
59
36
25
143
0
136
29
20
47
95
76
189
123
0
111
0
158
49
131
185
133
20
107
99
118
166
112
175
54
139
112
0
0
109
181
103
81
20
89
171
178
119
60
0
99
96
113
76
58
118
0
157
53
76
160
0
41
71
111
151
185
148
54
85
23
104
111
35
122
97
131
152
36
40
0
54
102
36
171
0
122
167
144
0
13
32
187
204
0
148
148
141
0
0
73
95
0
56
45
53
196
108
61
21
153
187
150
173
39
118
147
191
179
103
80
80
159
84
150
89
146
42
154
228495