168
154
176
82
57
166
152
203
0
172
171
0
65
229
0
86
205
0
181
65
73
66
108
161
0
58
185
66
0
99
85
0
146
0
70
180
159
0
124
66
0
57
0
186
124
0
143
161
0
34
136
192
0
147
151
105
71
117
118
0
114
96
63
111
119
164
120
77
215
0
110
133
230
0
149
65
150
67
116
68
90
172
105
101
0
171
184
52
138
141
0
0
163
104
0
123
198
143
130
96
78
130
0
143
94
161
73
167
105
108
122
56
81
0
117
78
0
131
0
53
0
79
177
151
95
102
102
66
0
221
0
72
88
185
0
133
181
90
98
0
0
166
151
143
103
98
88
214
0
110
89
149
152
0
163
173
178
0
115
181
149
0
74
0
153
191
98
156
151
158
182
167
0
61
198
210
0
135
109
98
0
121
192
166
0
61
196
0
87
178
61
171
174
171
100
97
0
98
112
66
0
73
170
0
104
0
123
144
170
104
163
0
84
97
150
119
0
146
109
0
116
118
78
140
50
93
213
0
42
196
0
58
90
174
81
81
0
0
170
163
0
64
135
61
141
0
0
151
178
124
70
164
171
193
152
0
173
185
0
61
179
156
67
58
138
51
0
25
195
193
63
102
105
180
179
0
30
117
140
0
192
191
142
136
0
0
0
193
189
0
91
135
167
0
88
88
0
121
82
133
173
125
142
103
103
127
99
73
0
56
187
76
51
159
193
185
0
72
0
76
74
172
224
0
119
0
97
0
146
123
0
0
77
58
147
122
62
87
105
52
94
97
173
219
0
163
0
0
89
75
0
155
83
189
96
56
99
68
65
0
169
0
186
0
37
134
0
60
0
117
145
166
180
167
0
147
85
148
195
120
187
119
145
178
114
0
83
0
142
0
134
60
147
61
191
187
0
206
0
92
183
0
184
72
78
55
110
94
0
185
169
105
0
74
63
195
134
0
78
170
81
92
127
70
168
63
182
128
0
213
0
147
98
170
178
113
0
106
149
59
148
0
91
196
96
197
129
77
114
152
166
97
92
176
177
0
37
162
0
154
59
193
83
195
158
145
0
116
142
108
100
99
127
95
52
199
170
170
139
0
80
55
210
0
60
0
141
186
0
49
50
147
126
151
178
65
103
53
196
118
98
80
86
0
0
0
177
171
102
0
112
133
117
220
0
90
54
189
97
70
116
0
126
111
166
71
64
128
130
54
117
156
0
216
0
218
0
190
193
0
76
125
0
124
118
63
181
0
234
0
119
0
110
0
107
66
179
0
159
189
50
159
192
118
135
0
49
99
0
147
85
85
50
166
112
115
142
79
180
138
111
115
169
120
0
0
54
72
117
78
0
51
91
95
0
236
0
92
0
35
146
180
0
68
128
80
121
101
214
0
191
107
121
196
0
97
112
63
115
176
0
201
0
118
57
64
103
117
117
182
121
55
0
126
0
0
121
73
198
0
60
180
81
0
62
66
85
142
75
115
141
68
63
122
180
0
121
138
0
110
150
94
0
137
105
109
105
168
152
126
157
126
0
89
142
119
0
115
174
99
148
0
65
186
75
68
96
189
70
151
0
171
129
190
109
134
213
0
167
135
0
146
183
160
95
0
101
0
174
0
101
60
201
0
50
160
0
148
0
193
198
0
164
203
0
65
196
0
169
69
53
136
155
161
145
0
107
0
112
98
142
62
156
190
100
0
84
172
70
118
117
106
0
181
67
58
132
228
0
110
147
0
30
131
62
142
0
231
0
147
0
81
59
89
0
134
0
197
197
135
148
191
130
132
53
179
0
151
0
82
61
130
99
191
182
76
0
85
0
34
122
126
147
217
0
104
0
27
163
86
95
0
161
0
58
116
64
0
0
56
126
160
137
0
107
129
154
76
174
0
119
96
0
131
194
120
152
178
0
38
187
150
126
102
112
164
0
87
0
67
70
116
86
163
52
106
0
52
150
82
146
51
195
0
34
190
153
177
0
127
189
113
152
0
0
66
76
193
0
156
79
0
111
149
0
113
73
132
102
195
117
185
0
110
183
86
186
0
101
70
142
0
181
185
62
66
182
0
78
119
197
84
141
129
187
0
0
197
137
0
0
147
99
133
86
100
85
78
0
189
119
0
0
140
79
81
103
54
165
191
0
119
0
0
82
0
104
162
96
122
0
170
58
166
0
89
190
65
183
150
118
81
173
0
176
233
0
38
161
184
90
199
55
128
0
152
117
158
113
111
87
88
140
184
154
0
47
115
53
57
226
0
124
0
63
0
87
74
134
171
111
182
0
142
0
151
154
133
201
0
148
71
189
0
0
81
63
71
92
61
183
0
203
0
59
158
120
162
122
125
111
0
94
185
198
65
172
73
0
84
0
103
0
206
0
123
167
88
85
0
137
188
0
106
62
50
112
135
127
106
149
168
144
134
104
0
148
138
138
121
58
0
0
46
0
196
145
0
99
135
0
97
185
200
0
164
0
55
132
83
0
59
0
96
75
87
0
197
70
0
30
0
53
90
148
112
0
0
165
103
62
89
82
145
57
50
109
123
0
0
100
138
93
55
59
175
0
147
130
157
108
73
0
56
133
52
71
146
201
0
61
159
124
52
93
110
109
72
82
157
56
0
195
108
93
148
77
67
80
190
69
0
111
184
55
70
50
210
0
129
0
144
75
148
97
157
146
59
72
179
122
0
39
163
70
187
97
0
183
151
106
82
94
172
155
116
0
131
162
80
196
191
115
67
82
108
105
192
226
0
173
0
76
147
0
30
95
63
0
185
173
167
81
160
0
0
133
146
0
64
218
0
55
100
71
151
55
177
0
97
75
168
68
0
130
151
0
101
52
188
63
80
66
104
169
194
74
102
0
195
147
58
0
161
199
177
117
0
110
129
127
0
175
71
151
0
122
68
92
0
88
68
113
125
192
0
78
175
89
0
0
0
86
86
160
0
73
142
0
190
147
175
187
184
182
151
54
0
128
143
129
164
58
0
148
84
149
153
132
68
187
0
123
94
154
69
0
153
87
159
0
180
0
175
132
0
173
0
27
160
194
146
99
188
159
130
163
65
146
137
136
77
181
142
75
57
186
0
92
96
103
159
131
157
86
215
0
160
73
97
87
191
0
48
54
64
137
64
146
136
143
94
0
183
142
155
132
155
132
55
124
110
116
155
77
60
132
86
0
182
110
99
176
0
94
85
193
0
0
69
0
188
111
132
0
53
184
102
107
57
162
0
42
84
83
98
92
227
0
164
190
90
93
191
0
0
53
0
67
122
191
140
78
0
127
84
103
130
0
208
0
85
152
61
114
0
190
128
0
70
86
99
0
51
0
148
0
135
124
181
117
53
0
0
116
194
0
0
46
103
61
83
0
188
80
0
104
120
0
93
0
0
129
52
234
0
83
180
210
0
80
119
88
194
114
134
166
94
222
0
242
0
87
171
0
170
208
0
137
104
157
0
187
120
175
149
135
150
0
0
64
174
0
152
0
107
188
0
126
0
31
133
68
189
0
166
0
91
146
116
183
68
89
69
101
135
166
0
115
0
154
142
93
126
147
67
0
63
98
128
163
169
121
0
197
0
170
0
87
0
172
142
135
198
90
221
0
66
142
94
141
98
193
152
190
124
51
74
96
110
0
195
0
223
0
45
118
176
177
176
0
125
83
150
0
65
124
172
173
165
0
53
113
120
66
98
191
115
0
0
171
90
103
95
170
123
61
119
178
165
166
0
0
184
0
0
0
97
124
101
50
115
149
110
0
98
0
137
74
184
0
138
0
49
83
142
0
119
195
77
60
159
161
180
57
84
62
131
196
147
101
178
87
176
0
139
0
120
116
0
144
0
0
177
161
189
0
193
0
100
106
75
142
186
0
151
78
95
132
137
70
0
155
190
53
67
115
177
93
194
163
133
125
81
191
162
172
188
152
106
137
168
140
62
86
184
0
194
213
0
29
105
99
141
0
102
162
150
61
73
61
191
0
187
139
112
120
182
190
137
145
163
103
94
150
73
188
0
134
151
158
0
112
70
115
145
76
0
50
108
121
98
0
179
0
201
0
104
181
137
109
149
88
0
57
129
76
120
116
57
77
0
157
139
128
52
194
104
148
121
0
74
138
140
73
206
0
143
172
0
127
0
132
141
174
95
124
119
194
151
138
133
109
88
121
0
176
81
0
109
103
180
137
100
156
0
30
0
193
146
0
75
191
188
119
140
146
0
172
106
69
0
134
109
95
165
136
196
189
125
0
176
0
67
176
181
86
55
180
0
133
77
144
161
0
157
138
174
217
0
116
0
141
181
187
101
93
117
186
165
67
141
153
135
133
113
173
0
88
225
0
0
46
74
0
194
159
0
65
136
225
0
0
107
50
189
198
0
214
0
153
169
101
176
0
132
0
75
83
145
137
91
189
73
89
0
0
147
58
111
177
94
89
0
30
0
47
92
0
199
109
164
90
196
0
0
120
135
73
179
0
66
83
199
102
147
0
129
147
84
155
177
60
186
135
154
0
91
87
112
135
97
104
147
144
185
81
177
103
213
0
161
0
103
0
120
88
0
185
113
0
123
107
165
0
77
0
59
0
64
175
52
192
83
71
142
136
109
58
79
165
0
0
55
131
110
0
44
137
67
0
150
0
114
136
0
158
114
198
178
0
170
169
0
125
184
0
54
202
0
0
94
109
0
73
88
211
0
129
0
91
148
0
116
0
55
241
0
181
197
76
0
47
95
0
53
124
0
146
82
53
123
78
179
143
191
207
0
114
96
54
161
127
102
0
182
59
140
196
176
112
0
185
88
171
233
0
153
0
113
0
132
113
229
0
88
102
56
117
122
0
166
0
171
147
159
114
147
100
126
145
0
180
53
127
0
117
0
141
0
36
0
72
0
103
188
157
130
0
120
0
80
84
204
0
96
130
86
190
164
112
145
131
0
0
146
66
124
136
113
66
70
0
199
123
0
107
127
166
167
78
167
102
199
57
74
156
194
64
60
108
175
52
57
146
71
91
0
0
64
119
0
109
130
0
144
156
146
96
121
120
72
86
101
207
0
136
83
165
70
109
0
56
62
78
0
65
122
142
106
152
151
127
0
81
0
66
77
81
167
75
134
97
0
137
0
101
0
66
0
35
106
0
178
0
71
0
192
63
104
94
0
182
194
62
68
123
178
187
188
0
183
199
66
165
194
158
129
94
147
78
129
179
118
180
68
115
0
0
95
0
151
0
64
187
0
161
94
96
0
141
0
44
158
0
73
76
0
77
183
57
0
156
69
177
145
78
142
0
118
55
154
80
151
136
78
76
179
94
0
0
101
0
200
0
197
76
54
150
0
38
186
72
86
126
94
72
94
116
149
89
80
60
95
99
58
0
76
116
77
0
83
200
0
176
0
48
106
0
191
92
0
0
23
88
0
116
0
79
0
56
165
113
50
170
176
180
97
55
77
175
192
0
95
187
137
178
102
0
103
79
54
154
123
62
185
175
0
112
138
220
0
207
0
184
0
58
187
145
59
199
197
128
0
143
0
0
43
84
119
77
192
119
128
81
93
0
172
118
141
121
142
50
90
102
0
111
161
74
126
0
185
134
185
167
192
88
76
51
0
153
0
149
51
104
98
145
163
127
56
0
69
0
94
192
168
110
173
62
85
142
82
97
167
0
192
0
28
64
0
70
0
97
0
65
0
205
0
220
0
182
201
0
39
0
30
89
0
63
182
191
51
0
55
54
149
142
131
156
109
93
153
184
130
116
0
72
74
0
161
107
150
0
103
172
184
149
0
131
146
98
67
118
51
181
0
165
163
101
185
171
176
180
107
64
140
135
184
139
155
0
119
165
129
158
73
73
123
116
0
175
174
140
141
120
189
94
123
0
186
0
138
86
104
148
126
168
0
182
69
135
0
125
67
88
80
71
87
83
78
195
117
197
101
82
194
184
196
108
0
28
182
177
59
96
58
192
92
0
102
123
55
100
88
122
83
56
176
71
143
142
148
87
197
57
145
54
118
50
68
193
176
0
115
69
167
125
162
165
123
0
101
81
0
144
0
137
82
104
173
152
69
216
0
134
151
0
184
69
92
186
0
60
0
212
0
149
155
170
116
94
99
173
0
0
48
75
0
117
107
202
0
135
155
76
0
115
164
161
141
76
144
170
0
58
132
104
100
140
138
114
123
136
54
128
180
174
127
143
197
51
60
108
63
81
167
0
174
195
145
0
36
108
0
198
0
0
108
100
162
0
0
153
187
199
199
131
132
143
123
0
149
166
119
119
188
104
180
0
166
0
0
185
121
94
92
113
106
0
64
110
75
164
50
123
74
125
97
95
51
192
166
110
0
140
0
115
118
121
88
108
0
41
102
165
0
106
67
66
212
0
157
188
99
196
232
0
146
147
0
92
0
31
190
181
108
0
142
76
0
145
85
108
0
137
65
0
78
132
57
211
0
0
55
0
166
188
162
0
56
53
76
148
155
198
151
63
58
177
163
60
169
137
0
72
88
89
0
68
54
74
137
202
0
101
178
111
200
0
108
166
79
75
0
111
131
163
116
182
0
154
106
122
195
130
82
117
118
0
150
136
0
30
56
109
111
131
162
93
190
68
107
86
84
63
175
121
52
145
81
177
118
0
71
234
0
187
106
103
0
174
169
169
67
94
97
111
64
159
0
158
91
110
0
212
0
0
135
111
0
163
83
160
188
157
152
101
116
0
157
180
182
91
0
83
126
0
177
116
114
197
169
142
130
196
172
103
135
74
89
109
188
0
145
0
114
167
113
0
54
113
0
124
0
0
162
158
233
0
179
183
105
97
112
113
0
152
150
0
61
149
177
54
70
160
164
0
86
54
212
0
164
84
101
79
0
149
105
159
64
114
0
165
101
0
131
108
0
197
163
150
0
195
0
32
185
0
139
0
93
0
112
0
103
190
179
137
0
162
51
81
148
0
174
153
189
116
128
154
0
205
0
145
62
67
0
157
116
184
54
104
52
102
158
0
0
54
51
103
0
94
93
225
0
110
183
119
121
219
0
104
0
52
0
153
0
45
0
106
177
135
0
0
90
0
116
146
116
0
144
63
92
116
131
172
0
148
118
0
186
125
195
173
116
137
175
118
157
109
198
0
139
61
155
85
0
99
162
191
95
183
70
164
0
152
90
187
0
137
189
90
172
62
186
97
155
134
97
96
128
186
102
163
76
206
0
43
117
82
95
108
79
137
98
140
165
79
68
182
193
121
65
158
99
164
178
192
169
234
0
185
52
116
53
55
114
78
64
129
0
142
0
46
169
0
112
146
57
69
157
110
120
160
116
190
146
73
140
0
106
166
169
142
165
135
135
147
120
66
62
66
102
0
150
64
105
0
186
138
0
125
123
151
193
50
73
163
142
81
133
192
0
59
79
0
64
69
161
0
98
155
184
176
67
0
144
0
85
179
118
154
149
60
72
0
73
147
157
75
107
121
0
77
86
109
0
48
134
0
58
0
101
127
0
51
183
119
0
88
50
108
164
0
52
69
98
0
162
0
84
0
60
124
140
167
120
85
0
166
100
105
86
89
0
188
129
207
0
98
0
0
47
124
163
152
164
0
148
198
51
82
95
143
0
47
196
190
0
32
185
148
0
149
111
106
0
84
56
180
192
116
0
106
194
70
99
121
0
128
0
119
141
64
142
120
107
0
30
84
107
224
0
89
94
78
190
64
141
0
126
0
124
91
0
61
86
110
173
186
152
159
0
165
101
189
99
64
84
188
138
0
195
91
0
53
205
0
70
0
143
80
94
0
77
0
57
127
0
113
156
161
165
75
128
109
128
165
83
216
0
150
148
179
68
0
191
151
0
150
53
121
193
0
128
179
161
147
0
72
129
166
0
162
199
69
153
139
117
0
137
153
131
0
191
0
102
0
88
159
184
0
0
156
93
135
184
179
73
93
110
81
128
195
115
87
162
0
142
59
107
184
0
174
0
107
149
70
125
79
152
211
0
184
158
0
89
128
157
91
69
0
47
71
153
173
0
219
0
84
92
0
212
0
136
163
175
88
155
0
154
118
0
110
152
0
109
168
127
0
171
64
66
166
0
164
0
181
167
156
0
114
76
104
119
188
97
147
149
0
186
196
150
116
134
94
84
116
123
189
0
71
0
181
154
128
0
89
109
125
181
152
66
83
0
165
0
160
158
0
100
0
117
0
85
181
69
162
121
224
0
91
142
0
47
102
101
102
188
61
81
192
0
35
105
124
153
224
0
190
67
78
130
0
59
0
0
90
187
117
0
66
185
136
56
238
0
103
59
0
145
76
0
128
126
124
0
57
70
192
80
0
153
0
0
180
90
0
0
109
0
0
125
136
222
0
170
0
125
133
167
0
188
175
81
122
89
0
176
57
54
95
193
124
111
0
0
186
192
0
188
63
132
89
83
223
0
0
46
0
145
187
134
161
224
0
52
98
140
84
191
183
66
0
102
0
47
166
0
122
0
83
80
88
0
191
0
0
95
96
0
0
173
61
132
192
120
113
0
157
61
132
85
0
147
105
133
0
147
168
191
0
79
0
34
193
0
154
145
0
217
0
0
0
197
176
0
100
169
192
127
189
168
133
191
95
135
60
176
0
157
505956