216
0
184
247
0
0
196
175
187
0
355
0
0
0
181
221
0
0
0
149
156
100
191
101
596
0
0
0
0
0
0
184
121
148
105
181
182
0
147
339
0
0
0
187
137
404
0
0
0
0
162
193
180
134
118
145
0
179
184
0
407
0
0
0
0
0
214
0
243
0
180
213
0
0
151
244
0
171
233
0
0
347
0
0
121
158
169
106
179
0
0
169
0
99
101
171
150
99
139
202
0
195
153
103
239
0
157
207
0
290
0
0
109
0
125
0
113
240
0
156
0
189
132
217
0
233
0
0
0
140
298
0
0
115
97
197
159
0
165
103
116
184
199
0
145
206
0
195
0
146
367
0
0
0
0
0
179
0
365
0
0
0
128
122
112
231
0
178
0
172
0
402
0
0
0
0
195
0
0
161
168
143
142
250
0
0
200
0
337
0
0
0
0
176
143
210
0
186
264
0
0
150
0
157
113
132
272
0
0
188
0
193
208
0
103
214
0
191
285
0
0
0
250
0
0
154
146
200
0
0
0
230
0
182
181
0
0
170
0
191
134
0
133
218
0
0
0
231
0
159
199
303
0
0
295
0
0
172
198
151
0
132
228
0
0
346
0
0
361
0
0
0
0
180
381
0
0
0
179
297
0
0
0
169
0
197
245
0
342
0
0
0
260
0
129
191
169
96
242
0
195
187
187
0
98
140
226
0
0
122
231
0
158
131
0
138
183
0
148
144
180
227
0
0
183
151
0
184
0
154
0
0
238
0
0
163
0
0
193
178
0
111
233
0
129
103
140
0
142
115
172
0
191
179
98
182
0
179
192
177
198
0
127
122
184
179
0
182
0
0
113
137
155
188
246
0
209
0
0
128
183
324
0
0
177
118
114
154
0
202
0
0
186
115
151
160
117
183
436
0
0
0
0
0
180
102
152
0
135
237
0
0
159
0
174
0
151
213
0
0
186
131
117
160
0
119
0
128
222
0
336
0
0
0
0
204
0
127
0
128
131
165
0
192
0
0
148
230
0
156
349
0
0
0
0
0
106
344
0
0
244
0
160
0
195
0
146
112
119
0
202
0
177
129
238
0
0
246
0
242
0
0
138
423
0
0
0
0
0
0
258
0
0
117
0
97
149
0
133
205
0
135
184
137
200
0
269
0
208
0
180
123
183
297
0
0
0
216
0
192
187
0
0
0
124
319
0
0
0
112
266
0
0
0
291
0
0
0
0
0
100
227
0
0
166
0
105
202
0
148
185
225
0
0
207
0
191
101
218
0
0
169
171
0
177
136
176
202
0
132
322
0
0
0
233
0
113
253
0
118
161
0
98
166
139
109
227
0
273
0
0
0
133
283
0
0
115
114
227
0
179
0
0
338
0
0
111
151
0
150
107
213
0
0
0
124
324
0
0
262
0
0
119
140
0
181
194
172
0
0
102
150
157
246
0
208
0
0
0
261
0
296
0
0
205
0
96
281
0
0
207
0
151
271
0
0
0
430
0
0
0
0
0
246
0
104
122
121
188
537
0
0
0
0
0
0
0
166
0
96
246
0
336
0
0
169
263
0
0
261
0
0
138
0
116
0
130
205
0
0
139
0
120
154
381
0
0
0
0
195
165
198
112
168
153
0
133
130
333
0
0
0
205
0
98
127
270
0
0
0
163
0
192
121
187
189
178
127
132
256
0
247
0
219
0
232
0
186
0
165
134
140
143
303
0
0
0
116
365
0
0
0
0
124
0
158
160
219
0
244
0
293
0
0
104
144
0
113
99
181
0
197
0
137
0
173
246
0
0
0
197
0
303
0
0
0
121
298
0
0
168
0
217
0
251
0
187
115
136
118
0
317
0
0
0
110
159
119
140
141
0
225
0
0
264
0
206
0
0
0
233
0
0
219
0
177
0
228
0
191
0
201
0
147
0
111
395
0
0
0
0
0
110
127
164
197
221
0
0
0
175
289
0
0
0
152
0
251
0
0
139
137
0
176
114
187
133
0
343
0
0
0
0
0
356
0
0
0
0
150
198
185
0
222
0
0
0
119
176
0
145
207
0
221
0
186
0
112
188
190
0
0
208
0
212
0
122
99
229
0
0
0
166
0
0
291
0
0
184
0
165
179
184
0
213
0
108
185
0
286
0
0
329
0
0
0
0
173
0
0
103
309
0
0
202
0
299
0
0
181
195
0
226
0
0
143
229
0
144
150
406
0
0
0
0
177
186
0
0
0
119
341
0
0
0
180
104
195
243
0
211
0
0
168
169
180
225
0
0
170
264
0
0
118
232
0
143
0
199
0
172
268
0
281
0
0
290
0
0
148
349
0
0
0
0
150
0
0
176
0
0
113
140
152
139
254
0
0
128
141
267
0
163
196
0
132
0
245
0
0
0
155
0
104
247
0
269
0
0
0
108
232
0
347
0
0
0
0
148
223
0
161
156
0
121
189
0
212
0
181
134
174
107
160
133
146
397
0
0
0
0
113
191
0
134
0
227
0
0
0
153
138
190
0
291
0
0
140
196
134
150
233
0
122
110
187
154
368
0
0
169
0
0
220
0
166
241
0
0
187
170
110
0
209
0
0
144
0
187
182
160
0
113
178
104
246
0
0
292
0
0
0
0
103
101
162
182
187
0
153
0
116
147
103
188
0
171
109
141
255
0
0
240
0
368
0
0
0
178
254
0
0
0
118
186
114
188
0
0
318
0
0
287
0
0
128
143
132
192
0
0
213
0
173
388
0
0
0
0
213
0
0
190
0
197
0
107
124
119
0
114
172
174
185
0
327
0
0
0
0
219
0
0
106
166
200
0
316
0
0
126
196
141
196
0
0
644
0
0
0
0
0
0
0
115
376
0
0
0
272
0
0
191
144
225
0
0
0
104
117
209
0
174
226
0
0
0
168
0
256
0
277
0
0
0
128
383
0
0
0
0
227
0
0
0
140
165
0
362
0
0
0
0
0
0
0
0
162
237
0
198
126
225
0
238
0
108
194
0
0
0
159
0
0
134
215
0
0
195
162
0
282
0
273
0
160
220
0
162
0
96
100
192
204
0
0
138
198
445
0
0
0
0
0
0
111
277
0
0
0
176
155
0
190
251
0
255
0
0
0
319
0
0
0
119
186
202
0
0
192
0
158
118
267
0
216
0
0
0
227
0
0
201
0
181
0
175
145
138
139
137
112
0
146
0
131
158
164
194
0
166
0
0
147
0
146
0
123
142
214
0
0
0
153
144
102
198
171
0
192
125
191
0
192
0
133
0
361
0
0
96
191
0
149
163
128
244
0
0
171
0
206
0
97
213
0
178
211
0
152
156
184
135
400
0
0
0
0
206
0
0
128
110
144
137
0
197
251
0
0
251
0
0
212
0
196
0
147
199
0
0
199
0
153
0
118
276
0
0
115
140
0
142
185
0
272
0
179
160
224
0
186
0
158
0
314
0
0
245
0
104
212
0
191
262
0
0
102
321
0
0
0
0
165
111
162
195
193
294
0
0
0
152
0
249
0
120
326
0
0
0
132
155
153
326
0
0
0
0
102
96
308
0
0
0
264
0
235
0
134
184
98
307
0
0
0
244
0
0
254
0
151
175
191
164
0
139
0
0
180
125
116
0
152
153
108
380
0
0
0
151
149
0
135
0
189
0
0
171
163
97
382
0
0
0
0
0
0
0
154
160
0
246
0
0
278
0
0
0
250
0
0
0
0
108
304
0
0
0
150
189
0
136
188
118
136
266
0
182
0
148
122
155
293
0
0
228
0
185
194
147
146
296
0
0
164
166
162
174
263
0
151
186
0
202
0
0
204
0
343
0
0
0
149
229
0
207
0
143
344
0
0
0
0
102
0
183
206
0
188
0
173
279
0
0
299
0
0
0
287
0
0
140
157
309
0
0
261
0
108
175
0
540
0
0
0
0
0
0
727
0
0
0
0
0
0
0
0
0
0
0
0
156
419
0
0
0
0
0
0
173
198
199
0
0
195
0
204
0
260
0
0
185
154
0
116
209
0
173
0
147
211
0
271
0
281
0
0
101
217
0
0
0
129
0
168
146
215
0
169
131
145
181
122
127
337
0
0
243
0
0
153
0
226
0
0
192
0
0
126
173
257
0
0
148
118
178
166
186
139
168
185
0
176
338
0
0
0
177
0
0
186
0
173
101
175
152
115
133
193
144
141
223
0
152
0
148
0
199
0
252
0
0
0
241
0
117
125
261
0
0
0
133
227
0
272
0
0
0
135
346
0
0
0
0
104
161
193
0
153
112
0
238
0
0
0
364
0
0
0
111
159
187
0
377
0
0
0
165
0
182
0
136
0
258
0
0
0
193
132
422
0
0
0
0
0
0
187
284
0
0
164
0
0
169
0
258
0
296
0
0
0
0
0
165
126
170
276
0
0
0
197
212
0
162
117
140
109
125
165
210
0
0
112
160
104
164
180
0
96
199
200
0
0
243
0
0
191
161
222
0
110
127
151
0
104
361
0
0
0
126
101
211
0
0
298
0
0
0
166
0
98
149
199
205
0
198
231
0
0
147
0
241
0
290
0
0
169
223
0
0
281
0
0
119
161
186
177
150
322
0
0
183
152
151
131
99
180
366
0
0
0
0
0
267
0
252
0
236
0
290
0
0
0
0
159
0
337
0
0
0
0
145
0
122
171
0
0
157
122
0
135
357
0
0
0
0
114
150
161
307
0
0
167
110
260
0
331
0
0
0
171
231
0
0
406
0
0
0
0
0
220
0
0
197
100
380
0
0
0
0
102
130
0
305
0
0
191
297
0
0
169
287
0
0
0
0
0
190
193
193
0
183
170
351
0
0
0
0
0
171
0
199
227
0
120
192
171
356
0
0
0
204
0
0
102
339
0
0
263
0
195
199
0
261
0
0
174
165
201
0
161
235
0
162
0
351
0
0
0
207
0
0
185
0
0
171
0
135
226
0
0
0
107
277
0
0
158
161
205
0
191
114
261
0
0
153
159
277
0
110
274
0
0
0
0
188
134
100
153
430
0
0
0
0
0
0
123
220
0
0
107
110
239
0
174
116
0
265
0
0
297
0
0
0
0
0
315
0
0
0
0
0
127
116
205
0
103
404
0
0
0
0
184
0
172
0
0
186
194
318
0
0
0
0
375
0
0
0
0
0
173
178
173
116
203
0
128
165
172
355
0
0
0
0
249
0
0
194
107
120
99
112
179
0
132
220
0
0
107
145
118
104
157
135
195
0
132
183
0
221
0
0
196
0
151
191
105
121
98
215
0
0
238
0
0
162
130
215
0
0
156
175
109
197
0
128
183
0
192
145
278
0
0
199
98
234
0
138
215
0
178
173
192
260
0
0
208
0
150
123
0
140
144
0
273
0
0
225
0
0
0
273
0
410
0
0
0
0
0
0
0
128
129
0
124
196
0
199
357
0
0
0
160
105
163
112
167
125
96
195
0
132
148
134
97
314
0
0
140
136
0
163
120
138
0
167
182
156
256
0
0
0
276
0
0
0
279
0
0
205
0
185
129
0
189
253
0
178
187
234
0
100
111
162
186
0
0
0
115
96
286
0
0
0
142
109
114
199
0
174
119
129
234
0
0
236
0
0
280
0
0
97
335
0
0
98
152
0
223
0
0
186
0
0
223
0
183
0
171
0
106
100
302
0
0
0
133
166
176
0
262
0
0
131
96
119
175
183
192
0
175
239
0
122
137
109
175
0
101
245
0
153
0
0
110
152
284
0
0
0
186
99
434
0
0
0
0
0
127
133
117
149
98
111
250
0
0
187
208
0
138
165
0
137
0
194
0
114
178
638
0
0
0
0
0
0
0
0
298
0
0
0
158
0
428
0
0
0
0
230
0
0
184
139
134
123
285
0
188
0
167
198
192
0
127
0
190
177
209
0
233
0
210
0
213
0
114
198
245
0
228
0
103
97
230
0
135
0
220
0
0
167
305
0
0
0
171
113
0
180
104
194
0
0
169
253
0
144
184
0
114
429
0
0
0
125
0
263
0
0
97
135
120
115
171
193
0
147
0
109
239
0
0
118
180
198
102
155
136
0
158
0
173
439
0
0
0
187
183
129
174
210
0
341
0
0
154
98
225
0
0
260
0
0
118
205
0
104
114
207
0
154
184
0
195
130
160
0
96
201
0
0
132
263
0
0
155
199
0
192
105
184
155
112
186
198
308
0
0
105
303
0
0
0
0
241
0
134
135
0
0
131
223
0
157
193
97
134
0
0
141
126
155
96
100
236
0
127
0
137
156
100
168
203
0
0
160
0
130
0
202
0
400
0
0
0
0
0
134
106
180
175
98
104
194
126
97
163
179
234
0
0
0
181
196
190
265
0
311
0
0
0
145
328
0
0
345
0
0
0
0
124
132
125
96
129
128
195
0
157
186
239
0
0
136
111
193
0
116
107
182
0
226
0
195
181
375
0
0
0
351
0
0
159
165
192
117
380
0
0
0
0
144
155
207
0
0
0
203
0
101
222
0
261
0
198
0
213
0
197
153
205
0
0
127
499
0
0
0
0
0
0
0
0
0
0
182
123
113
195
199
160
223
0
0
190
0
399
0
0
0
216
0
0
104
124
193
129
127
0
183
241
0
0
186
197
0
156
0
195
515
0
0
0
0
0
117
0
174
0
202
0
332
0
0
0
0
0
158
185
0
359
0
0
0
0
0
321
0
0
0
100
111
159
102
177
119
149
192
134
306
0
0
108
232
0
0
112
120
194
259
0
161
263
0
0
0
0
218
0
212
0
0
106
129
335
0
0
0
0
198
110
378
0
0
0
0
0
230
0
0
255
0
441
0
0
0
0
0
0
0
0
193
0
352
0
0
0
241
0
0
210
0
405
0
0
0
0
114
176
144
111
141
0
181
0
0
0
164
190
296
0
0
201
0
169
324
0
0
108
178
178
153
178
179
182
0
103
237
0
0
155
0
202
0
0
183
0
234
0
0
0
232
0
0
153
112
157
0
105
320
0
0
0
227
0
113
174
0
104
188
159
0
194
0
113
157
112
229
0
0
288
0
0
111
150
144
304
0
0
261
0
111
0
156
195
163
308
0
0
0
0
270
0
0
0
0
118
108
292
0
0
0
0
0
0
0
115
269
0
0
155
198
108
147
210
0
235
0
151
169
136
147
168
0
209
0
237
0
331
0
0
0
313
0
0
0
291
0
0
128
145
224
0
100
115
193
240
0
0
0
0
258
0
0
236
0
0
215
0
0
256
0
0
0
198
215
0
233
0
0
297
0
0
242
0
0
114
196
151
189
104
180
97
137
119
137
123
159
126
170
167
99
133
189
313
0
0
298
0
0
0
0
145
105
288
0
0
0
0
0
193
173
0
0
0
191
101
255
0
132
413
0
0
0
181
177
284
0
0
245
0
0
175
101
185
0
0
128
272
0
175
0
0
137
106
188
0
253
0
0
0
238
0
159
123
181
160
164
225
0
120
327
0
0
0
255
0
148
200
0
175
178
0
0
165
296
0
0
468
0
0
0
0
0
358
0
0
0
122
198
0
168
155
0
0
148
194
0
168
105
144
0
199
286
0
0
0
0
146
198
189
0
185
294
0
0
130
171
0
123
206
0
126
484
0
0
0
0
0
0
0
200
0
144
173
190
105
0
170
216
0
142
0
157
151
198
151
257
0
0
124
308
0
0
0
0
0
190
237
0
0
170
140
0
173
0
101
96
199
0
165
153
158
198
173
235
0
0
139
167
215
0
0
165
144
182
0
143
219
0
0
111
140
156
189
352
0
0
0
0
172
238
0
137
228
0
0
104
194
155
0
305
0
0
0
164
460
0
0
0
0
0
246
0
283
0
0
0
125
128
137
194
98
254
0
0
0
0
112
166
0
104
314
0
0
0
633
0
0
0
0
0
0
0
0
0
0
107
121
167
310
0
0
0
124
96
171
326
0
0
0
151
0
230
0
150
0
0
192
0
225
0
0
0
210
0
0
178
163
105
132
0
484
0
0
0
0
0
0
0
335
0
0
0
99
342
0
0
0
165
404
0
0
0
0
115
118
188
133
0
0
116
161
177
243
0
354
0
0
0
160
322
0
0
96
210
0
151
0
245
0
132
0
265
0
102
264
0
96
107
132
129
217
0
242
0
176
130
99
208
0
226
0
203
0
287
0
0
160
0
159
311
0
0
0
305
0
0
0
157
161
156
108
240
0
0
0
586
0
0
0
0
0
0
110
289
0
0
0
176
0
0
0
127
271
0
0
190
0
0
144
97
475
0
0
0
0
0
0
113
190
0
0
311
0
0
0
126
208
0
235
0
133
249
0
187
155
0
0
113
100
133
0
296
0
0
0
184
0
166
191
0
197
0
0
97
159
193
0
245
0
0
0
190
104
123
0
176
0
141
106
159
135
163
188
381
0
0
0
0
99
0
146
106
182
197
0
133
99
226
0
210
0
0
0
247
0
164
0
210
0
123
115
170
0
174
142
98
189
119
152
175
169
128
276
0
0
159
158
257
0
0
176
221
0
0
199
262
0
137
222
0
106
0
270
0
0
382
0
0
0
0
0
207
0
0
0
213
0
153
157
0
0
197
100
240
0
164
159
160
0
0
0
287
0
0
136
173
97
177
0
221
0
258
0
0
0
155
131
168
137
0
192
0
150
0
142
130
291
0
0
0
198
149
207
0
167
237
0
102
210
0
215
0
170
151
0
0
197
253
0
0
186
198
244
0
0
164
218
0
119
231
0
261
0
104
362
0
0
0
0
0
195
0
160
190
182
210
0
0
194
0
152
114
133
169
191
154
337
0
0
159
324
0
0
351
0
0
0
0
103
107
177
0
221
0
162
138
0
447
0
0
0
0
0
0
0
0
278
0
0
396
0
0
0
0
112
182
151
172
0
232
0
213
0
167
130
157
0
0
130
157
169
110
180
138
330
0
0
0
0
163
0
160
153
173
0
159
191
0
372
0
0
0
0
0
0
191
0
220
0
426
0
0
0
0
0
0
150
0
225
0
423
0
0
0
0
118
191
0
185
0
0
162
191
0
161
264
0
0
199
284
0
0
155
165
283
0
131
103
150
154
198
197
136
0
260
0
151
99
133
128
0
0
237
0
0
232
0
199
161
100
179
0
140
174
244
0
0
125
160
0
170
0
0
244
0
227
0
0
240
0
248
0
114
125
150
0
446
0
0
0
0
0
0
213
0
0
0
123
225
0
0
245
0
0
0
182
0
147
162
105
141
113
285
0
141
203
0
204
0
0
254
0
121
112
271
0
0
315
0
0
0
177
145
176
0
0
194
0
301
0
0
0
153
167
0
203
0
168
0
244
0
0
111
163
0
188
0
99
328
0
0
0
134
359
0
0
0
0
156
188
131
156
0
0
214
0
0
165
216
0
203
0
274
0
0
125
224
0
129
176
150
242
0
223
0
202
0
0
147
172
150
142
279
0
0
105
243
0
119
322
0
0
0
0
0
185
148
270
0
0
138
199
0
159
189
199
0
180
162
159
0
195
0
0
186
170
0
346
0
0
0
0
177
0
194
224
0
146
172
0
338
0
0
385
0
0
0
333
0
0
0
218
0
0
0
123
221
0
100
99
219
0
182
182
0
187
334
0
0
327
0
0
0
0
0
111
142
288
0
0
164
117
0
0
172
291
0
212
0
259
0
0
112
117
198
230
0
166
146
253
0
150
0
229
0
159
0
152
250
0
274
0
0
169
337
0
0
360
0
0
0
0
120
323
0
0
0
280
0
116
360
0
0
0
194
195
306
0
0
144
224
0
266
0
232
0
0
104
289
0
180
110
258
0
0
0
0
0
177
151
158
189
0
195
201
0
177
0
113
188
0
0
253
0
0
0
110
188
157
0
134
197
0
0
178
149
228
0
123
266
0
100
104
304
0
0
0
0
123
458
0
0
0
0
0
0
197
230
0
155
98
0
164
304
0
0
0
197
166
195
242
0
0
309
0
0
112
235
0
142
184
105
202
0
189
107
456
0
0
0
0
0
192
0
138
120
152
193
98
172
0
305
0
0
0
141
195
299
0
0
0
264
0
571
0
0
0
0
0
0
0
0
253
0
179
137
193
0
141
103
128
269
0
0
254
0
0
0
148
108
251
0
0
178
0
300
0
0
186
0
156
0
337
0
0
0
121
151
0
0
331
0
0
0
0
178
276
0
0
157
271
0
125
181
157
213
0
120
196
0
195
119
252
0
0
144
0
150
115
131
224
0
0
133
0
336
0
0
107
169
169
108
338
0
0
0
0
311
0
0
137
105
138
104
0
350
0
0
232
0
197
362
0
0
0
0
0
140
0
196
265
0
0
187
127
190
178
0
326
0
0
0
0
0
228
0
0
106
163
186
187
185
0
125
110
714
0
0
0
0
0
0
0
0
0
160
0
131
0
335
0
0
0
0
123
535
0
0
0
0
0
0
0
96
167
189
191
165
140
124
0
107
575
0
0
0
0
0
0
150
137
0
126
160
324
0
0
138
113
170
121
234
0
0
160
209
0
128
153
0
272
0
0
178
117
0
259
0
0
202
0
0
187
0
135
232
0
0
0
183
131
97
188
141
0
366
0
0
0
0
171
151
241
0
0
121
156
209
0
155
145
124
115
165
168
160
156
176
102
434
0
0
0
0
228
0
137
233
0
0
0
259
0
0
0
113
188
0
194
0
168
155
127
125
112
155
148
133
288
0
0
0
244
0
0
96
151
0
145
310
0
0
0
265
0
0
0
268
0
177
0
192
0
367
0
0
0
307
0
0
0
0
125
113
0
198
0
593
0
0
0
0
0
0
0
104
285
0
0
148
189
0
119
199
151
175
101
130
0
355
0
0
0
0
182
285
0
131
145
116
206
0
0
0
179
0
302
0
0
168
214
0
202
0
201
0
333
0
0
0
192
154
237
0
232
0
101
162
192
0
0
190
176
197
188
168
187
435
0
0
0
0
0
130
240
0
137
97
304
0
0
223
0
335
0
0
165
172
314
0
0
0
213
0
159
159
105
196
0
167
106
157
248
0
236
0
0
194
0
0
151
0
215
0
114
144
211
0
0
112
103
128
283
0
0
161
146
160
141
116
104
217
0
0
174
0
0
0
108
161
261
0
167
0
357
0
0
0
0
199
212
0
113
166
175
165
195
231
0
342
0
0
195
0
199
0
102
135
283
0
0
0
348
0
0
0
185
173
157
192
0
104
229
0
223
0
0
0
189
0
0
0
349
0
0
0
155
144
106
196
0
197
123
0
150
195
190
214
0
391
0
0
0
0
203
0
193
0
149
208
0
0
260
0
197
127
178
202
0
0
199
288
0
0
0
0
0
166
163
181
158
169
163
179
144
159
329
0
0
0
115
143
174
132
128
135
150
153
97
127
0
263
0
0
273
0
193
295
0
0
190
111
305
0
0
0
162
198
153
0
348
0
0
0
0
0
0
171
0
256
0
148
0
100
322
0
0
0
0
180
329
0
0
318
0
0
0
192
204
0
195
0
0
279
0
199
113
196
416
0
0
0
0
152
154
0
140
259
0
0
0
193
143
191
190
143
279
0
340
0
0
0
0
0
0
138
164
277
0
0
153
0
277
0
0
0
263
0
0
0
643
0
0
0
0
0
0
260
0
159
165
133
98
246
0
0
104
117
169
224
0
184
0
255
0
311
0
0
269
0
0
450
0
0
0
0
0
0
0
279
0
254
0
0
381
0
0
0
0
120
181
198
249
0
0
256
0
200
0
109
140
0
171
162
116
202
0
215
0
0
0
221
0
135
211
0
141
282
0
0
0
157
0
154
103
172
0
0
0
231
0
123
177
174
149
0
258
0
160
144
189
293
0
120
240
0
192
276
0
0
181
0
273
0
0
171
0
245
0
0
146
154
0
138
122
185
214
0
0
119
0
143
218
0
148
172
212
0
0
141
128
163
338
0
0
0
134
101
147
194
187
0
165
149
0
104
119
119
258
0
194
0
198
221
0
184
0
254
0
205
0
313
0
0
177
0
319
0
0
0
164
0
96
100
440
0
0
0
0
0
154
0
0
109
154
129
232
0
100
199
0
189
145
0
114
158
96
188
167
0
0
283
0
0
192
113
269
0
120
233
0
0
139
130
167
141
179
165
184
266
0
0
0
191
185
141
0
202
0
0
191
263
0
291
0
0
104
388
0
0
0
478
0
0
0
0
0
0
0
157
0
0
302
0
0
0
190
0
147
161
267
0
0
208
0
190
379
0
0
0
0
0
0
168
278
0
0
123
320
0
0
0
0
0
0
124
132
291
0
195
223
0
0
0
114
396
0
0
0
0
0
0
0
159
132
143
126
0
98
187
0
0
201
0
0
179
134
108
143
250
0
0
99
189
123
168
135
147
0
148
225
0
167
102
107
116
145
0
162
338
0
0
0
0
198
153
191
164
161
122
0
231
0
137
178
295
0
0
166
320
0
0
312
0
0
0
0
0
177
227
0
186
188
133
198
0
190
0
142
170
256
0
0
134
307
0
0
0
531
0
0
0
0
0
0
0
0
0
167
123
152
0
190
0
390
0
0
0
133
168
147
328
0
0
0
244
0
256
0
0
0
162
0
176
0
179
235
0
0
0
192
172
110
0
233
0
0
0
186
0
141
0
0
215
0
0
96
246
0
130
143
0
204
0
0
391
0
0
0
0
0
146
0
168
141
186
263
0
0
119
141
164
0
187
245
0
123
130
130
142
132
125
102
177
0
174
138
103
274
0
0
151
0
186
0
129
278
0
0
248
0
277
0
0
0
101
226
0
104
348
0
0
175
0
146
0
239
0
0
132
98
338
0
0
0
0
0
337
0
0
0
172
241
0
365
0
0
0
172
282
0
0
203
0
0
0
242
0
199
166
177
389
0
0
0
100
151
368
0
0
0
0
191
108
131
141
195
250
0
0
0
186
138
128
160
0
299
0
0
0
298
0
0
132
0
151
142
150
0
351
0
0
0
0
230
0
0
337
0
0
0
0
154
273
0
181
173
0
283
0
0
0
97
329
0
0
0
0
99
189
181
0
99
197
148
132
130
196
0
209
0
199
100
383
0
0
0
0
0
0
142
0
200
0
105
103
188
0
0
233
0
179
202
0
147
198
191
0
180
381
0
0
0
0
277
0
0
0
0
179
157
239
0
0
0
117
220
0
100
113
211
0
0
333
0
0
255
0
0
337
0
0
0
0
186
0
98
162
126
193
196
197
0
0
97
426
0
0
0
152
0
182
190
0
285
0
197
0
191
0
142
0
169
126
325
0
0
0
0
180
166
103
135
0
155
159
218
0
170
0
155
293
0
0
121
102
123
387
0
0
0
0
0
183
182
124
175
171
264
0
0
348
0
0
0
0
0
0
109
129
0
146
368
0
0
0
156
0
198
175
165
226
0
0
148
154
237
0
0
0
139
0
96
97
117
152
104
0
0
156
231
0
0
0
323
0
0
0
0
107
127
189
0
255
0
130
263
0
0
221
0
197
178
132
0
124
110
0
213
0
0
221
0
0
255
0
0
232
0
0
0
161
0
226
0
390
0
0
0
163
215
0
163
147
278
0
0
0
0
201
0
181
0
96
117
0
135
203
0
242
0
147
140
299
0
0
98
137
165
0
192
269
0
180
177
137
170
144
294
0
0
0
0
188
180
182
0
177
0
124
101
108
170
192
236
0
0
156
0
156
185
164
0
216
0
102
164
196
121
264
0
142
139
0
224
0
140
192
0
163
111
0
332
0
0
0
252
0
0
0
191
0
111
0
97
96
164
280
0
0
172
193
462
0
0
0
0
0
0
128
165
192
0
284
0
151
153
160
117
369
0
0
0
0
0
245
0
99
103
445
0
0
0
0
0
0
274
0
0
141
174
169
0
0
142
296
0
0
0
108
175
0
197
0
176
0
169
0
0
146
0
351
0
0
0
212
0
341
0
0
0
0
263
0
0
187
114
504
0
0
0
0
0
172
185
192
193
220
0
0
0
275
0
0
446
0
0
0
0
301
0
0
0
117
192
0
175
0
295
0
0
0
174
225
0
0
129
277
0
0
159
0
214
0
0
116
261
0
0
117
0
116
189
157
0
349
0
0
0
169
0
243
0
0
162
161
135
0
285
0
0
243
0
0
143
270
0
0
161
0
150
188
0
249
0
0
217
0
0
168
102
139
0
171
0
197
112
191
154
233
0
108
190
138
0
161
189
0
221
0
121
0
143
198
0
334
0
0
0
0
203
0
111
111
149
282
0
0
0
0
150
186
166
0
200
0
156
0
187
297
0
0
0
168
192
142
0
116
120
166
158
141
101
148
163
0
134
182
299
0
0
125
347
0
0
0
0
151
182
0
160
196
174
296
0
0
109
394
0
0
0
0
294
0
0
0
98
100
160
193
0
100
156
0
0
179
180
0
177
312
0
0
0
0
127
123
0
177
107
100
189
240
0
168
0
146
0
170
0
182
0
107
315
0
0
0
146
0
367
0
0
0
0
98
221
0
192
195
186
117
161
0
112
154
208
0
268
0
0
126
259
0
0
172
0
0
198
0
0
256
0
0
190
308
0
0
0
0
0
289
0
453
0
0
0
0
109
279
0
116
160
186
0
234
0
112
294
0
0
0
177
126
199
0
107
115
0
172
104
120
105
180
176
0
0
0
116
191
0
0
138
153
172
207
0
0
386
0
0
0
0
0
198
143
231
0
166
0
250
0
223
0
0
212
0
145
187
165
252
0
0
0
0
249
0
106
193
110
117
143
0
157
0
197
179
188
157
0
0
233
0
197
198
0
137
187
0
165
110
206
0
174
113
138
101
200
0
199
134
145
0
209
0
99
104
299
0
0
0
189
0
239
0
0
0
127
109
106
225
0
195
0
193
0
118
190
210
0
217
0
115
126
182
143
0
146
289
0
0
141
154
120
143
262
0
0
193
187
177
127
110
152
183
0
163
0
0
238
0
0
0
0
145
229
0
158
223
0
227
0
181
113
174
131
136
194
101
256
0
0
137
192
96
198
0
229
0
145
199
193
188
265
0
0
0
182
142
101
179
0
0
259
0
0
0
250
0
276
0
0
0
191
201
0
139
133
140
151
156
171
0
153
115
154
107
265
0
177
0
278
0
0
0
163
198
275
0
376
0
0
0
0
259
0
0
353
0
0
0
213
0
114
237
0
0
169
0
415
0
0
0
0
188
0
187
282
0
187
171
0
195
110
189
0
346
0
0
0
242
0
0
0
0
158
0
0
140
0
138
256
0
189
109
267
0
105
123
189
232
0
194
0
240
0
0
0
0
165
254
0
0
0
201
0
189
102
201
0
130
184
178
163
0
263
0
216
0
130
177
0
0
159
184
115
304
0
0
116
266
0
164
0
312
0
0
0
246
0
0
115
145
413
0
0
0
160
99
103
289
0
0
288
0
0
0
0
123
172
118
222
0
0
0
103
162
0
279
0
0
0
166
96
102
171
0
143
96
154
0
0
149
0
0
152
220
0
131
0
160
341
0
0
0
0
212
0
0
188
214
0
107
205
0
341
0
0
0
233
0
186
0
96
235
0
195
224
0
196
0
0
102
0
110
164
150
116
219
0
205
0
0
0
0
253
0
182
113
125
124
164
0
247
0
0
144
329
0
0
0
214
0
282
0
0
109
199
169
136
0
186
311
0
0
0
0
0
110
103
176
146
102
153
152
180
268
0
0
173
160
189
359
0
0
0
152
196
195
196
283
0
0
0
181
218
0
224
0
137
181
105
269
0
0
0
171
252
0
0
0
0
141
166
152
170
218
0
314
0
0
0
232
0
250
0
0
131
0
160
176
0
172
0
148
182
0
225
0
0
199
110
184
159
473
0
0
0
0
0
174
104
168
0
187
277
0
0
116
471
0
0
0
0
0
0
222
0
0
149
0
0
107
211
0
0
0
282
0
180
165
214
0
0
253
0
0
201
0
174
147
113
106
144
399
0
0
0
0
0
215
0
225
0
169
177
183
169
0
306
0
0
0
197
0
170
172
0
0
147
342
0
0
0
0
173
137
146
144
164
312
0
0
239
0
170
157
177
0
168
196
0
0
107
138
152
0
0
106
153
386
0
0
0
188
271
0
222
0
0
0
0
214
0
0
163
248
0
0
141
170
152
120
227
0
217
0
0
0
186
236
0
0
157
154
153
198
102
195
0
319
0
0
133
105
330
0
0
0
0
258
0
0
251
0
197
237
0
170
102
150
423
0
0
0
0
0
0
186
187
131
259
0
515
0
0
0
0
0
0
108
244
0
229
0
0
0
98
184
223
0
0
195
0
0
239
0
0
328
0
0
0
179
135
186
0
160
186
165
189
161
111
0
185
0
186
0
230
0
0
128
0
277
0
0
0
0
212
0
133
0
184
0
118
0
177
333
0
0
106
268
0
0
174
132
215
0
0
0
188
0
186
0
0
193
148
305
0
0
0
0
176
184
137
97
132
134
189
0
123
168
173
0
133
104
192
0
159
278
0
108
151
124
101
244
0
147
269
0
159
102
143
186
0
0
271
0
405
0
0
0
0
0
195
258
0
139
0
413
0
0
0
0
0
0
116
269
0
0
118
106
302
0
0
211
0
161
142
173
165
105
149
198
192
190
0
165
254
0
342
0
0
99
136
173
178
239
0
0
347
0
0
96
162
268
0
0
98
223
0
463
0
0
0
0
0
0
244
0
126
191
0
195
160
103
312
0
0
0
169
186
206
0
287
0
0
124
111
326
0
0
185
0
152
344
0
0
0
183
0
178
209
0
149
0
143
0
159
279
0
0
256
0
193
272
0
171
312
0
0
0
0
165
0
120
193
193
177
348
0
0
0
0
0
188
206
0
238
0
0
535
0
0
0
0
0
0
0
190
0
259
0
0
147
0
219
0
257
0
352
0
0
0
0
167
140
228
0
0
238
0
102
326
0
0
195
377
0
0
0
127
114
241
0
334
0
0
0
0
0
163
195
169
240
0
0
0
269
0
0
0
297
0
0
237
0
373
0
0
0
139
97
284
0
0
152
269
0
0
0
212
0
460
0
0
0
0
0
171
138
165
0
183
107
177
169
0
190
0
0
0
272
0
0
231
0
0
260
0
0
177
0
96
228
0
0
125
181
461
0
0
0
0
0
126
156
283
0
0
178
189
144
138
176
151
166
193
189
215
0
0
184
197
0
0
323
0
0
0
194
0
361
0
0
286
0
224
0
155
0
141
213
0
224
0
321
0
0
167
0
0
144
0
160
187
139
154
114
227
0
143
162
202
0
184
449
0
0
0
0
188
0
0
196
151
326
0
0
0
170
0
0
154
362
0
0
164
138
165
217
0
104
379
0
0
261
0
199
149
167
318
0
0
0
221
0
0
178
154
334
0
0
0
0
0
126
215
0
212
0
266
0
235
0
0
155
284
0
0
173
181
0
114
0
103
321
0
0
0
153
162
157
199
0
177
239
0
0
0
109
258
0
194
0
300
0
0
0
0
212
0
150
357
0
0
0
210
0
134
101
206
0
275
0
0
0
155
0
181
213
0
181
116
133
180
0
159
0
158
111
155
0
138
114
0
106
171
149
0
335
0
0
0
0
208
0
183
136
197
0
221
0
163
0
199
0
98
368
0
0
0
0
0
161
258
0
151
390
0
0
0
0
0
356
0
0
0
0
177
0
0
198
0
187
105
107
182
0
188
0
201
0
0
172
0
162
127
102
135
0
248
0
0
140
533
0
0
0
0
0
0
282
0
0
254
0
0
145
142
302
0
0
0
99
150
130
145
222
0
0
250
0
186
0
158
145
159
180
341
0
0
177
153
241
0
281
0
0
0
0
185
310
0
0
0
0
164
162
0
116
117
103
193
0
266
0
198
183
257
0
0
0
182
328
0
0
146
109
147
162
0
369
0
0
0
0
139
199
0
144
0
173
171
155
142
0
182
98
208
0
155
0
274
0
0
0
378
0
0
0
0
122
231
0
0
220
0
166
0
151
181
182
0
155
130
165
180
0
0
186
0
0
187
0
105
277
0
224
0
134
0
239
0
170
0
0
230
0
0
0
130
221
0
204
0
114
488
0
0
0
0
0
186
137
105
176
143
0
148
0
170
0
186
0
391
0
0
0
0
192
269
0
0
110
108
165
211
0
104
598
0
0
0
0
0
0
0
0
0
0
0
0
0
212
0
210
0
157
201
0
0
96
232
0
0
268
0
159
0
155
110
139
169
299
0
0
0
198
0
189
144
118
165
0
171
199
0
165
0
124
182
191
183
0
133
185
219
0
169
100
160
189
150
148
0
166
0
380
0
0
0
0
0
199
0
182
107
171
108
159
0
116
355
0
0
181
224
0
205
0
258
0
0
177
112
0
169
0
183
325
0
0
0
0
279
0
0
0
290
0
0
153
251
0
0
259
0
130
168
179
192
157
100
198
197
0
0
329
0
0
0
100
587
0
0
0
0
0
196
0
276
0
101
159
0
154
138
192
157
117
0
181
189
0
172
122
144
197
0
243
0
131
102
196
0
154
146
295
0
0
289
0
0
159
151
277
0
96
135
0
186
179
231
0
156
0
141
140
261
0
0
0
167
325
0
0
147
188
0
0
146
268
0
197
0
306
0
0
0
0
149
246
0
0
0
125
170
0
100
256
0
187
254
0
141
181
0
165
0
279
0
119
0
213
0
291
0
0
0
176
185
0
180
0
160
0
255
0
214
0
148
621
0
0
0
0
0
0
0
0
0
0
242
0
135
154
173
147
186
0
205
0
129
122
209
0
143
197
0
0
0
148
199
0
153
237
0
143
246
0
107
238
0
0
205
0
111
154
143
163
248
0
146
159
198
0
117
181
123
252
0
0
148
0
189
0
216
0
190
218
0
252
0
0
136
0
159
0
182
353
0
0
0
0
0
112
134
116
131
471
0
0
0
0
0
0
208
0
0
175
125
190
351
0
0
0
0
178
174
0
258
0
162
170
146
0
292
0
0
351
0
0
0
0
137
0
186
184
0
187
177
442
0
0
0
0
181
116
198
256
0
312
0
0
204
0
248
0
0
121
238
0
189
179
149
265
0
0
0
148
0
142
144
210
0
0
239
0
0
127
104
130
0
536
0
0
0
0
0
0
0
0
0
144
0
153
112
352
0
0
0
228
0
128
251
0
139
99
110
166
0
294
0
0
103
163
0
151
199
97
197
111
299
0
0
116
145
181
362
0
0
0
121
232
0
116
172
118
119
0
143
250
0
0
0
236
0
0
166
0
195
115
245
0
178
96
176
166
311
0
0
0
122
144
312
0
0
0
193
352
0
0
0
162
176
169
0
166
117
186
0
0
0
197
160
193
205
0
0
202
0
199
319
0
0
0
271
0
0
166
160
0
0
157
110
0
165
128
146
0
202
0
145
169
302
0
0
229
0
127
0
310
0
0
0
204
0
197
127
97
180
139
306
0
0
0
121
186
109
190
176
185
159
228
0
0
175
0
214
0
175
163
214
0
120
0
169
0
337
0
0
0
230
0
0
199
183
138
164
0
248
0
0
210
0
0
205
0
0
146
106
126
228
0
0
111
147
189
229
0
154
0
440
0
0
0
0
0
0
103
186
0
178
0
160
0
299
0
0
0
0
216
0
262
0
0
208
0
188
0
119
165
0
148
159
132
0
0
138
175
198
197
368
0
0
0
210
0
0
167
0
108
168
0
125
0
0
267
0
0
139
174
160
110
139
0
212
0
191
0
0
128
199
161
0
145
0
0
231
0
260
0
0
104
288
0
0
179
233
0
164
179
127
308
0
0
0
317
0
0
0
0
179
163
198
169
0
0
125
163
169
0
297
0
0
369
0
0
131
291
0
0
491
0
0
0
0
169
0
117
0
500
0
0
0
0
0
0
204
0
237
0
146
132
102
122
285
0
0
0
0
198
0
96
176
0
145
0
0
105
163
262
0
0
162
0
194
0
174
0
0
158
200
0
114
157
284
0
0
0
0
232
0
0
153
265
0
541
0
0
0
0
0
0
0
201
0
198
127
186
118
225
0
0
0
185
0
0
212
0
265
0
0
126
0
316
0
0
0
249
0
0
0
198
186
0
337
0
0
0
0
0
387
0
0
0
185
0
477
0
0
0
0
0
138
0
121
260
0
0
0
96
126
198
129
0
128
112
163
242
0
451
0
0
0
0
0
121
0
154
256
0
0
0
160
140
152
129
133
209
0
196
0
104
194
371
0
0
0
0
0
384
0
0
0
0
349
0
0
0
220
0
116
144
139
139
158
213
0
0
0
137
190
203
0
189
158
133
106
135
193
151
183
107
120
149
199
0
0
0
239
0
191
0
173
157
130
188
0
324
0
0
0
183
0
183
97
116
167
340
0
0
282
0
127
142
212
0
123
165
0
189
0
0
132
320
0
0
192
160
160
101
178
0
0
134
172
0
245
0
0
338
0
0
0
0
0
0
105
162
117
163
267
0
139
173
0
274
0
338
0
0
0
227
0
0
106
105
246
0
0
0
275
0
0
182
258
0
234
0
100
218
0
532
0
0
0
0
0
0
0
191
0
282
0
288
0
0
0
143
278
0
173
130
101
146
182
195
175
145
99
121
120
163
184
0
326
0
0
0
0
237
0
107
449
0
0
0
0
0
122
350
0
0
138
152
112
188
0
157
566
0
0
0
0
0
0
0
0
128
270
0
0
104
206
0
142
159
0
217
0
111
184
0
194
238
0
214
0
0
212
0
0
159
0
159
157
384
0
0
0
0
0
0
177
0
0
191
0
0
149
358
0
0
0
141
166
161
186
441
0
0
0
0
0
290
0
0
0
143
101
98
257
0
0
0
373
0
0
141
0
230
0
160
118
219
0
0
97
239
0
195
180
166
150
162
224
0
99
177
0
119
149
0
262
0
121
167
0
193
0
124
195
0
171
191
0
0
0
106
177
187
191
467
0
0
0
0
198
0
134
138
96
138
0
0
139
102
137
169
254
0
0
0
157
153
0
401
0
0
0
0
0
102
189
184
0
155
105
190
99
357
0
0
0
226
0
0
0
159
197
325
0
0
0
141
110
120
223
0
0
0
175
0
328
0
0
0
0
0
0
180
280
0
0
0
104
174
140
0
147
161
184
0
137
446
0
0
0
0
333
0
0
0
397
0
0
0
0
169
0
278
0
0
158
0
0
165
0
97
144
146
189
185
152
0
0
334
0
0
162
206
0
0
0
122
169
0
221
0
204
0
0
356
0
0
0
241
0
0
0
141
0
0
209
0
0
135
176
192
110
193
0
0
346
0
0
164
265
0
151
244
0
163
0
148
164
0
98
133
164
109
400
0
0
0
0
0
109
146
274
0
0
154
137
202
0
223
0
0
134
200
0
0
201
0
167
198
0
206
0
179
0
146
191
0
308
0
0
97
128
144
194
0
144
172
0
121
278
0
0
246
0
153
0
125
180
190
0
121
178
0
116
129
97
219
0
162
222
0
118
303
0
0
0
195
141
209
0
0
199
0
0
170
152
251
0
204
0
0
530
0
0
0
0
0
245
0
218
0
218
0
173
175
0
142
0
142
136
178
0
0
185
219
0
0
213
0
126
167
289
0
0
0
0
135
0
495
0
0
0
0
0
0
126
185
105
215
0
243
0
250
0
0
0
139
0
197
0
217
0
0
171
0
133
125
204
0
197
0
0
110
0
211
0
0
173
0
98
111
357
0
0
0
0
151
273
0
0
0
0
0
253
0
244
0
156
0
255
0
0
0
0
137
141
0
185
0
127
204
0
0
188
96
149
294
0
0
143
407
0
0
0
0
0
0
293
0
0
0
217
0
163
203
0
185
325
0
0
180
351
0
0
0
147
99
183
159
0
231
0
156
208
0
138
181
219
0
160
231
0
0
127
188
138
190
189
0
0
115
130
188
192
194
0
227
0
0
179
187
106
109
167
0
0
167
161
285
0
0
0
0
483
0
0
0
0
0
0
0
0
240
0
0
243
0
0
104
378
0
0
0
0
189
0
180
0
0
156
0
182
177
140
113
0
197
241
0
172
130
0
195
173
282
0
0
175
0
0
123
0
180
128
219
0
0
132
126
177
160
127
304
0
0
155
131
137
0
139
0
290
0
0
110
167
0
239
0
0
150
182
148
0
134
233
0
169
0
239
0
0
0
136
0
0
0
196
0
113
238
0
0
179
109
188
204
0
0
150
105
122
230
0
145
211
0
250
0
0
215
0
0
0
269
0
194
0
323
0
0
0
112
285
0
0
187
304
0
0
195
183
0
184
0
122
131
120
187
198
197
383
0
0
0
0
170
0
114
198
97
116
0
159
162
211
0
144
0
128
120
165
0
121
182
0
140
0
0
147
0
169
174
163
174
0
155
136
164
142
124
151
329
0
0
0
121
136
137
0
244
0
0
216
0
440
0
0
0
0
186
217
0
161
109
252
0
0
127
268
0
241
0
402
0
0
0
0
171
223
0
148
130
187
0
191
180
0
192
271
0
0
176
269
0
245
0
0
190
151
226
0
0
150
140
349
0
0
0
0
195
190
209
0
0
0
273
0
186
180
384
0
0
0
0
0
0
417
0
0
0
158
139
171
151
298
0
0
0
296
0
0
0
0
0
170
0
210
0
123
0
251
0
408
0
0
0
0
0
0
190
235
0
0
0
0
329
0
0
0
0
239
0
0
225
0
0
162
152
308
0
0
139
0
178
0
266
0
0
120
432
0
0
0
0
210
0
328
0
0
240
0
0
148
183
0
0
171
0
0
0
179
240
0
0
262
0
144
156
145
0
128
182
270
0
161
148
179
0
134
161
0
152
0
0
96
96
164
221
0
0
315
0
0
0
202
0
157
240
0
168
196
177
210
0
204
0
170
479
0
0
0
0
0
0
185
132
200
0
116
242
0
0
163
0
450
0
0
0
0
0
0
0
214
0
96
268
0
0
181
0
224
0
0
185
0
192
0
285
0
0
0
173
161
164
176
112
260
0
0
157
244
0
174
0
197
0
285
0
0
0
130
178
109
140
429
0
0
0
0
0
190
180
140
150
141
107
184
199
191
0
118
365
0
0
0
0
146
290
0
0
0
138
176
280
0
0
158
0
157
184
0
439
0
0
0
0
0
0
141
157
0
0
184
101
327
0
0
183
140
116
187
102
0
199
0
190
0
0
210
0
160
98
301
0
0
109
270
0
0
202
0
0
127
305
0
0
0
0
190
226
0
368
0
0
0
133
267
0
148
190
0
0
0
343
0
0
0
159
173
249
0
174
0
183
162
0
0
231
0
108
236
0
191
0
152
300
0
0
148
201
0
356
0
0
0
99
156
181
133
165
100
108
199
271
0
0
0
0
213
0
227
0
181
0
261
0
0
0
0
96
175
165
371
0
0
0
236
0
97
181
322
0
0
0
0
0
156
176
0
178
174
128
124
265
0
0
121
193
301
0
0
161
250
0
0
149
108
137
0
113
165
323
0
0
0
107
230
0
0
195
0
180
240
0
165
0
99
237
0
186
0
290
0
0
124
224
0
0
108
196
0
189
126
172
201
0
163
146
138
0
118
225
0
188
167
145
0
188
0
143
357
0
0
0
0
241
0
0
165
0
274
0
141
156
321
0
0
193
197
0
134
149
219
0
0
174
0
227
0
0
215
0
283
0
251
0
99
113
198
161
0
127
221
0
134
154
294
0
0
129
0
235
0
258
0
0
0
185
181
193
253
0
126
177
0
169
140
145
160
146
456
0
0
0
0
0
0
195
184
137
190
0
0
237
0
0
225
0
0
0
210
0
701
0
0
0
0
0
0
0
0
0
0
130
219
0
190
218
0
0
177
122
119
172
105
385
0
0
0
0
115
152
208
0
0
183
285
0
217
0
245
0
0
139
0
99
171
241
0
0
149
191
154
102
168
152
236
0
0
239
0
132
213
0
0
137
186
0
131
135
174
196
0
134
112
266
0
252
0
125
192
0
275
0
0
0
136
149
131
140
110
125
0
101
352
0
0
0
208
0
195
136
0
141
0
130
186
0
167
185
113
180
197
109
165
0
164
196
0
199
0
0
268
0
0
0
0
145
98
193
412
0
0
0
0
0
132
327
0
0
0
0
131
256
0
0
208
0
179
0
212
0
144
179
0
184
292
0
0
0
102
179
324
0
0
0
0
206
0
114
109
228
0
196
0
0
300
0
0
258
0
268
0
184
125
176
211
0
118
112
162
119
190
0
118
279
0
0
250
0
175
142
98
286
0
0
220
0
0
400
0
0
0
0
186
217
0
0
101
305
0
0
0
166
263
0
0
0
0
203
0
248
0
98
188
172
132
234
0
191
114
147
161
309
0
0
0
0
0
157
104
503
0
0
0
0
0
131
223
0
0
0
173
191
0
0
0
309
0
0
0
0
132
129
98
161
0
147
0
163
143
146
302
0
0
0
182
193
0
168
238
0
178
0
146
100
226
0
0
144
0
256
0
0
0
383
0
0
0
0
125
274
0
183
0
143
123
123
186
106
189
156
0
118
186
0
100
267
0
133
128
154
191
331
0
0
0
0
182
136
167
175
143
444
0
0
0
0
211
0
0
148
122
0
121
177
112
0
127
0
182
0
288
0
0
136
173
132
0
354
0
0
0
0
0
183
198
0
0
98
242
0
215
0
0
187
150
0
182
0
230
0
180
175
101
208
0
234
0
141
0
198
0
142
315
0
0
0
0
195
0
189
103
312
0
0
191
121
0
171
147
97
106
169
279
0
0
182
161
150
137
103
430
0
0
0
0
176
154
98
279
0
0
0
0
227
0
144
0
178
0
0
208
0
186
229
0
0
190
0
176
143
102
286
0
0
0
0
0
0
476
0
0
0
0
0
0
216
0
0
0
374
0
0
0
0
211
0
186
0
211
0
236
0
288
0
0
107
132
348
0
0
0
0
0
158
0
124
165
119
111
179
0
0
206
0
0
143
0
111
102
202
0
254
0
650
0
0
0
0
0
0
0
316
0
0
0
0
184
320
0
0
0
0
0
253
0
0
194
201
0
0
167
0
146
0
206
0
140
168
0
0
304
0
0
0
142
0
224
0
0
0
150
196
0
236
0
200
0
0
330
0
0
180
0
0
226
0
114
129
122
301
0
0
116
178
185
199
129
191
0
0
408
0
0
0
257
0
0
0
182
179
208
0
146
374
0
0
0
0
0
204
0
0
253
0
0
327
0
0
0
144
204
0
110
155
0
269
0
223
0
0
203
0
0
279
0
0
199
135
140
173
193
373
0
0
0
247
0
0
137
0
136
112
152
109
200
0
0
180
0
129
146
230
0
0
0
202
0
169
128
277
0
0
0
0
147
100
321
0
0
140
105
193
215
0
101
115
183
139
0
193
119
163
0
176
180
135
164
110
428
0
0
0
0
145
196
186
171
159
172
277
0
0
0
320
0
0
0
151
111
185
0
170
191
402
0
0
0
226
0
0
182
180
141
534
0
0
0
0
0
0
0
102
0
372
0
0
0
0
135
0
134
256
0
159
0
185
142
270
0
0
113
185
126
175
113
261
0
178
0
97
101
275
0
0
0
181
0
179
0
159
0
144
98
123
166
144
196
0
0
120
181
197
138
103
296
0
0
0
180
147
216
0
237
0
0
139
117
254
0
132
314
0
0
0
0
111
169
0
113
236
0
163
200
0
174
0
118
375
0
0
0
0
232
0
160
250
0
201
0
149
266
0
0
0
206
0
164
167
296
0
0
249
0
295
0
0
215
0
0
0
150
123
179
234
0
326
0
0
0
272
0
0
0
162
234
0
0
349
0
0
0
0
0
164
191
277
0
0
145
212
0
147
0
196
0
169
308
0
0
0
172
200
0
127
141
98
168
168
146
248
0
124
185
186
102
232
0
118
177
384
0
0
0
0
129
247
0
0
115
152
128
167
0
197
0
107
187
0
289
0
0
0
177
0
308
0
0
0
112
117
134
182
173
242
0
0
137
186
0
0
253
0
0
0
168
192
0
0
0
120
104
233
0
0
0
314
0
0
0
0
373
0
0
0
0
181
195
304
0
0
0
239
0
385
0
0
0
178
0
180
162
118
280
0
0
0
140
375
0
0
0
0
136
104
187
104
261
0
0
169
159
118
0
103
178
196
267
0
154
181
125
153
361
0
0
0
189
253
0
0
0
145
161
193
118
189
0
112
147
198
204
0
0
249
0
0
0
155
181
226
0
109
187
0
139
0
244
0
256
0
0
102
114
198
0
210
0
110
192
0
151
214
0
238
0
0
210
0
142
99
167
173
98
190
0
125
0
141
209
0
0
151
0
148
0
216
0
160
0
171
127
188
0
139
180
0
143
0
167
102
179
0
222
0
148
189
258
0
0
0
174
307
0
0
0
185
112
142
320
0
0
0
209
0
0
413
0
0
0
217
0
0
126
100
128
106
125
0
185
0
232
0
0
242
0
0
155
111
104
168
0
99
228
0
119
181
157
167
290
0
0
137
188
0
0
180
134
242
0
0
0
148
176
0
0
222
0
194
0
175
0
130
196
129
187
223
0
0
0
107
230
0
226
0
136
301
0
0
0
0
164
0
0
211
0
121
135
227
0
0
0
201
0
0
181
0
0
191
0
115
210
0
171
0
173
0
108
128
256
0
152
133
0
137
0
306
0
0
0
165
0
168
0
154
0
174
0
0
164
290
0
0
0
131
292
0
0
177
0
154
171
186
193
0
122
0
197
166
115
155
179
0
193
0
180
0
226
0
187
0
190
104
129
172
0
189
0
0
0
201
0
125
0
147
240
0
0
0
167
213
0
111
238
0
510
0
0
0
0
0
0
144
283
0
0
143
0
273
0
223
0
263
0
388
0
0
0
0
255
0
0
0
303
0
0
0
0
237
0
162
198
186
134
274
0
0
0
100
223
0
241
0
149
101
350
0
0
0
185
184
0
176
174
157
130
130
111
203
0
155
0
246
0
131
128
222
0
233
0
0
0
325
0
0
0
97
234
0
0
237
0
104
218
0
0
136
108
222
0
150
174
130
194
156
194
227
0
112
167
168
151
168
273
0
0
175
145
166
165
104
191
0
182
134
0
274
0
0
0
0
0
0
161
150
121
195
196
102
229
0
0
150
281
0
0
156
162
142
191
0
188
0
197
159
197
162
157
166
128
192
0
180
127
129
159
0
115
0
247
0
0
0
197
0
0
168
191
185
0
113
249
0
0
183
0
318
0
0
167
0
190
0
0
121
179
269
0
0
0
189
0
171
281
0
0
0
166
114
197
0
147
148
169
178
127
191
0
0
210
0
104
218
0
0
0
131
0
123
237
0
0
138
234
0
201
0
0
175
174
0
159
0
131
114
144
142
129
121
268
0
245
0
223
0
159
0
175
156
203
0
167
192
107
176
0
176
0
119
192
174
0
238
0
338
0
0
0
142
196
134
0
126
252
0
0
120
211
0
376
0
0
0
0
0
109
102
169
303
0
0
448
0
0
0
0
0
135
125
0
266
0
163
0
310
0
0
163
173
650
0
0
0
0
0
0
0
0
0
141
154
205
0
101
245
0
0
171
0
0
171
103
257
0
146
115
201
0
0
176
169
0
164
119
167
262
0
0
354
0
0
0
162
160
150
170
145
0
0
121
254
0
0
268
0
181
0
107
0
137
160
0
289
0
0
655
0
0
0
0
0
0
0
0
0
207
0
184
113
153
193
220
0
135
0
249
0
276
0
105
154
137
186
0
137
127
98
120
145
169
179
0
338
0
0
0
169
150
0
286
0
0
0
0
214
0
0
127
179
272
0
0
0
175
0
0
97
207
0
134
185
143
155
124
108
389
0
0
0
0
174
0
199
138
244
0
116
129
132
101
381
0
0
0
0
0
157
0
147
193
0
0
144
151
0
0
194
0
0
235
0
0
249
0
104
188
118
228
0
115
184
115
0
199
0
215
0
0
186
222
0
193
223
0
0
165
119
109
209
0
0
163
276
0
287
0
0
199
127
176
0
182
0
0
0
120
470
0
0
0
0
0
105
0
141
170
101
109
114
130
128
160
0
198
163
234
0
130
187
200
0
183
0
0
170
148
0
315
0
0
245
0
137
222
0
173
0
0
359
0
0
0
0
131
352
0
0
0
247
0
0
216
0
158
0
194
0
213
0
231
0
0
420
0
0
0
0
0
0
330
0
0
0
229
0
199
180
235
0
151
142
127
199
0
130
234
0
0
327
0
0
0
161
272
0
0
0
101
287
0
0
0
0
219
0
276
0
0
311
0
0
239
0
0
198
139
160
150
133
191
206
0
148
215
0
127
313
0
0
0
110
184
167
0
104
296
0
0
0
0
0
173
178
0
200
0
149
189
247
0
235
0
0
0
162
103
122
197
0
0
567
0
0
0
0
0
0
0
287
0
0
0
0
0
181
142
117
245
0
145
179
371
0
0
0
578
0
0
0
0
0
0
0
196
0
260
0
0
0
133
187
185
521
0
0
0
0
0
194
221
0
185
177
143
150
156
0
123
119
197
156
186
154
150
189
200
0
267
0
0
124
160
185
197
263
0
0
0
112
178
194
181
0
280
0
0
193
191
120
235
0
125
122
407
0
0
0
0
154
158
0
144
396
0
0
0
0
0
0
149
202
0
278
0
0
0
127
189
174
236
0
0
205
0
0
106
236
0
257
0
101
155
0
151
202
0
291
0
0
0
292
0
0
0
177
169
158
103
178
0
237
0
0
0
158
402
0
0
0
235
0
0
0
162
163
0
388
0
0
0
0
302
0
0
287
0
0
356
0
0
0
355
0
0
0
212
0
0
207
0
107
0
139
126
162
156
0
195
0
255
0
0
0
150
170
190
180
246
0
0
164
0
238
0
0
156
166
199
0
151
374
0
0
113
292
0
0
0
176
0
177
239
0
0
186
195
185
158
160
156
108
270
0
0
0
139
166
132
214
0
140
275
0
0
0
192
146
162
0
261
0
0
0
0
109
150
100
121
254
0
353
0
0
0
186
0
322
0
0
0
0
332
0
0
0
173
0
283
0
0
179
303
0
0
0
160
136
0
177
0
0
178
0
168
161
162
152
104
184
0
208
0
152
0
151
215
0
99
217
0
171
199
0
122
139
153
182
117
258
0
0
245
0
0
127
205
0
197
0
128
154
199
101
236
0
163
0
149
160
168
172
165
0
260
0
96
340
0
0
0
0
141
185
0
0
300
0
0
0
0
144
187
0
223
0
163
371
0
0
0
0
406
0
0
0
0
0
301
0
0
268
0
173
147
196
245
0
0
180
0
261
0
210
0
159
0
184
0
395
0
0
0
0
98
176
0
216
0
0
0
428
0
0
0
0
158
123
179
314
0
0
0
260
0
116
170
359
0
0
0
109
199
0
148
0
169
0
0
134
283
0
0
0
126
346
0
0
279
0
0
0
168
264
0
0
0
0
157
155
0
197
197
0
115
162
0
122
97
168
179
198
219
0
185
0
129
0
148
224
0
114
191
263
0
0
108
131
248
0
0
0
0
251
0
0
186
191
187
161
0
237
0
0
374
0
0
190
100
230
0
154
0
107
115
169
161
103
152
187
164
140
0
229
0
0
0
177
272
0
0
0
0
129
0
109
128
0
0
147
176
150
184
0
142
113
138
118
103
147
117
131
148
199
129
141
427
0
0
0
0
185
309
0
0
0
143
115
227
0
0
254
0
131
176
0
172
234
0
224
0
0
157
141
133
227
0
0
0
140
204
0
136
133
183
103
189
0
128
174
290
0
0
0
209
0
139
220
0
0
266
0
0
288
0
0
0
125
113
216
0
0
227
0
130
170
105
245
0
305
0
0
106
133
128
180
106
179
0
166
176
104
190
181
175
287
0
0
145
0
264
0
157
135
178
108
241
0
141
181
0
98
253
0
112
465
0
0
0
0
0
0
0
187
0
106
224
0
366
0
0
176
221
0
0
239
0
0
180
0
249
0
0
173
127
139
198
129
0
235
0
135
130
159
159
118
163
0
172
184
0
161
0
230
0
130
181
277
0
0
118
0
225
0
0
0
241
0
248
0
0
231
0
0
224
0
0
233
0
106
116
192
239
0
0
118
366
0
0
0
0
0
408
0
0
0
197
282
0
0
169
271
0
0
104
190
187
0
183
139
159
502
0
0
0
0
0
0
113
202
0
131
0
130
0
235
0
286
0
0
198
98
125
244
0
0
123
162
161
0
129
0
238
0
123
162
99
142
200
0
242
0
136
246
0
98
197
196
0
159
163
107
123
197
161
187
0
212
0
154
133
126
0
242
0
259
0
216
0
279
0
0
157
0
165
116
143
98
188
251
0
0
324
0
0
0
153
169
0
253
0
0
126
147
0
118
451
0
0
0
0
131
277
0
0
156
0
195
0
158
194
140
179
177
100
96
154
142
128
172
119
207
0
213
0
153
183
182
195
225
0
212
0
188
259
0
0
238
0
183
0
170
139
180
157
187
359
0
0
0
0
0
146
187
215
0
174
241
0
179
335
0
0
0
0
178
0
150
0
167
129
107
113
121
178
164
197
139
137
0
330
0
0
209
0
286
0
0
0
164
400
0
0
0
0
181
292
0
0
336
0
0
148
0
246
0
219
0
237
0
99
184
271
0
0
157
161
102
158
0
130
216
0
167
197
101
361
0
0
0
0
0
179
287
0
192
0
130
198
0
134
134
140
125
0
128
546
0
0
0
0
0
0
0
0
0
324
0
0
0
0
113
275
0
119
119
134
282
0
0
217
0
120
145
199
234
0
0
145
272
0
0
224
0
116
290
0
0
184
252
0
0
284
0
0
251
0
106
138
248
0
0
175
186
317
0
0
0
136
234
0
186
128
133
0
122
96
142
312
0
0
255
0
0
176
0
0
394
0
0
0
102
123
186
0
181
149
0
211
0
171
0
186
0
199
0
0
157
534
0
0
0
0
0
0
255
0
0
167
198
98
98
211
0
261
0
0
185
201
0
0
157
164
133
198
0
254
0
181
131
263
0
425
0
0
0
0
158
129
0
190
0
0
577
0
0
0
0
0
0
0
0
0
0
0
191
104
190
185
171
145
120
127
193
103
186
125
326
0
0
170
174
148
0
198
159
131
159
156
165
161
0
0
163
303
0
0
0
0
165
168
0
0
160
312
0
0
0
0
0
98
265
0
0
0
150
254
0
97
202
0
0
187
186
157
111
163
191
128
267
0
172
312
0
0
0
0
0
217
0
150
149
0
159
186
0
163
129
205
0
108
197
150
129
228
0
131
0
108
218
0
188
162
96
265
0
0
0
100
184
0
215
0
0
132
147
0
261
0
243
0
99
107
0
244
0
150
314
0
0
151
0
175
97
155
0
147
194
175
0
0
170
170
182
0
175
163
591
0
0
0
0
0
0
0
0
0
0
205
0
176
110
269
0
134
0
194
0
190
198
138
0
181
186
234
0
0
211
0
117
173
163
0
0
184
203
0
251
0
0
163
188
0
259
0
105
143
130
141
0
331
0
0
123
194
151
0
185
170
0
0
136
225
0
0
241
0
0
151
189
0
0
0
159
197
101
165
165
0
165
123
120
402
0
0
0
216
0
0
0
179
283
0
0
0
176
180
111
99
185
279
0
336
0
0
0
0
207
0
196
176
363
0
0
0
0
381
0
0
0
379
0
0
0
0
0
167
0
151
0
126
344
0
0
0
246
0
187
0
200
0
121
138
126
145
190
96
125
222
0
158
222
0
105
186
0
198
0
188
0
139
168
0
212
0
0
348
0
0
338
0
0
0
104
133
0
213
0
0
189
0
0
145
165
119
0
98
170
109
277
0
154
140
185
304
0
0
0
0
286
0
0
174
0
118
203
0
105
126
128
287
0
0
153
0
430
0
0
0
0
0
151
0
241
0
0
179
129
160
161
0
151
192
0
0
0
114
157
0
100
304
0
0
185
178
0
148
281
0
0
0
161
166
148
154
180
152
172
0
0
171
156
0
191
321
0
0
263
0
0
0
0
245
0
166
190
159
207
0
0
132
0
325
0
0
0
100
237
0
136
0
192
121
171
0
191
122
0
145
186
178
0
217
0
590
0
0
0
0
0
0
0
164
182
99
113
179
273
0
169
106
103
325
0
0
0
0
178
112
423
0
0
0
0
370
0
0
0
208
0
251
0
0
0
127
171
150
310
0
0
0
172
0
180
183
215
0
151
105
171
0
125
105
212
0
245
0
0
136
233
0
263
0
0
145
208
0
0
176
0
116
156
235
0
114
140
330
0
0
0
269
0
0
170
227
0
0
261
0
250
0
147
0
131
0
138
126
297
0
0
289
0
0
143
190
130
146
138
170
0
0
257
0
0
203
0
241
0
0
271
0
0
137
259
0
0
225
0
115
186
0
297
0
0
113
184
0
218
0
328
0
0
283
0
0
149
140
141
245
0
0
0
100
96
131
169
0
110
178
237
0
131
0
155
312
0
0
183
120
101
167
180
127
137
175
389
0
0
0
0
207
0
0
112
240
0
0
359
0
0
126
158
0
198
232
0
0
0
261
0
0
373
0
0
0
291
0
0
0
213
0
208
0
189
114
130
116
212
0
0
152
297
0
0
0
0
143
146
168
203
0
96
346
0
0
105
210
0
153
173
0
122
98
104
117
108
0
103
246
0
127
142
163
297
0
0
0
0
454
0
0
0
0
0
96
119
578
0
0
0
0
0
0
0
0
129
102
97
248
0
174
180
195
0
179
0
116
184
0
213
0
185
156
297
0
0
0
243
0
0
156
430
0
0
0
0
0
166
138
190
0
297
0
0
0
335
0
0
0
0
0
139
181
0
124
0
169
137
171
0
151
193
422
0
0
0
144
0
165
0
253
0
0
155
161
223
0
227
0
244
0
0
0
173
318
0
0
253
0
294
0
218
0
0
395
0
0
0
0
131
197
188
275
0
0
0
198
194
0
0
130
249
0
142
0
330
0
0
0
119
217
0
391
0
0
0
0
165
122
168
394
0
0
0
0
170
105
544
0
0
0
0
0
0
0
0
138
153
256
0
0
0
261
0
0
101
146
0
0
0
285
0
0
177
266
0
0
160
0
116
130
156
0
0
210
0
180
177
214
0
120
359
0
0
0
0
0
132
318
0
0
0
179
0
283
0
0
181
360
0
0
0
0
0
0
204
0
108
130
0
184
186
0
173
0
135
98
197
175
179
0
255
0
183
99
124
126
0
112
0
0
151
0
161
0
127
99
438
0
0
0
0
0
159
0
109
130
224
0
0
139
0
125
192
163
189
192
175
0
135
0
426
0
0
0
0
96
279
0
0
0
0
114
139
124
124
174
353
0
0
0
0
152
531
0
0
0
0
0
0
144
235
0
142
0
308
0
0
208
0
183
116
133
0
263
0
0
236
0
122
204
0
291
0
0
99
118
137
450
0
0
0
0
0
0
0
0
157
195
0
145
0
127
127
97
229
0
187
132
204
0
0
0
99
263
0
171
307
0
0
0
101
248
0
190
0
0
368
0
0
0
0
174
145
0
123
133
101
327
0
0
0
124
0
206
0
175
0
0
0
0
110
163
320
0
0
191
194
0
292
0
0
397
0
0
0
168
0
128
281
0
129
188
0
148
163
411
0
0
0
0
127
173
211
0
231
0
0
111
166
411
0
0
0
190
169
0
247
0
0
0
153
236
0
192
0
250
0
140
187
162
0
175
0
162
182
0
160
0
0
128
174
135
143
0
182
0
230
0
0
164
0
122
411
0
0
0
127
422
0
0
0
0
0
99
171
321
0
0
173
119
211
0
0
204
0
217
0
0
118
0
154
261
0
195
0
170
169
0
110
153
176
141
229
0
0
306
0
0
443
0
0
0
0
182
113
136
188
147
0
0
174
167
0
154
176
112
271
0
141
173
291
0
0
0
172
251
0
0
0
179
315
0
0
244
0
287
0
0
0
0
111
191
231
0
0
174
150
183
0
168
130
142
121
234
0
174
347
0
0
0
0
154
0
193
213
0
138
138
0
154
205
0
0
135
177
0
0
517
0
0
0
0
0
0
0
107
182
0
193
180
0
184
145
188
120
198
176
214
0
156
157
0
162
221
0
139
0
97
128
237
0
234
0
0
304
0
0
0
0
0
0
145
0
0
247
0
0
127
238
0
0
177
162
184
0
286
0
0
188
109
223
0
0
164
0
0
236
0
189
0
185
163
267
0
0
0
148
264
0
185
149
106
190
0
356
0
0
0
251
0
0
0
288
0
0
0
236
0
0
0
0
128
0
132
242
0
189
164
0
180
134
0
397
0
0
0
0
0
156
0
139
285
0
0
106
156
131
163
0
228
0
225
0
109
196
149
232
0
0
0
177
181
0
205
0
163
0
110
102
99
238
0
0
159
0
156
0
134
0
0
0
172
197
0
0
213
0
275
0
0
0
189
188
283
0
0
0
173
0
0
181
0
194
0
0
202
0
564
0
0
0
0
0
0
136
283
0
0
111
127
162
173
0
124
169
162
244
0
132
0
102
191
183
188
238
0
0
187
111
211
0
0
98
237
0
139
168
267
0
175
271
0
0
119
244
0
0
0
199
107
162
311
0
0
155
145
113
98
138
199
0
311
0
0
0
393
0
0
0
0
232
0
193
0
0
188
114
128
278
0
0
0
0
109
131
181
199
0
0
167
343
0
0
0
0
171
361
0
0
0
0
107
0
233
0
0
189
166
102
277
0
0
0
0
279
0
0
0
139
0
110
283
0
0
0
196
176
0
167
0
176
203
0
0
185
0
225
0
177
196
0
191
0
186
111
158
174
0
158
0
108
143
248
0
170
117
202
0
0
261
0
0
121
0
174
0
134
256
0
0
318
0
0
189
287
0
0
179
150
0
136
413
0
0
0
350
0
0
0
0
0
0
163
223
0
110
143
173
178
0
116
158
113
147
224
0
122
136
142
0
316
0
0
0
193
199
0
449
0
0
0
0
0
0
162
270
0
0
0
291
0
0
187
238
0
153
188
170
0
381
0
0
0
0
135
156
119
304
0
0
0
167
123
211
0
101
141
356
0
0
0
228
0
189
208
0
170
0
445
0
0
0
0
0
0
0
279
0
0
177
182
0
181
413
0
0
0
179
0
168
0
168
0
237
0
0
190
0
150
0
174
187
158
159
125
159
112
175
229
0
0
0
0
0
183
335
0
0
0
143
0
276
0
233
0
0
367
0
0
0
0
276
0
0
191
0
200
0
171
0
199
0
0
206
0
164
233
0
0
108
196
0
269
0
0
175
199
471
0
0
0
0
0
0
129
276
0
0
263
0
0
108
111
145
219
0
203
0
245
0
115
148
179
141
242
0
243
0
0
235
0
173
226
0
189
284
0
0
154
188
270
0
183
188
0
0
0
108
283
0
0
100
142
224
0
184
242
0
114
119
139
357
0
0
0
155
424
0
0
0
0
0
0
159
195
192
191
111
230
0
146
0
150
350
0
0
0
0
0
355
0
0
0
0
220
0
205
0
168
162
147
109
100
130
152
193
0
184
185
132
243
0
202
0
553
0
0
0
0
0
0
0
0
0
145
0
159
198
0
0
141
136
362
0
0
257
0
0
212
0
125
343
0
0
0
118
196
0
137
148
160
311
0
0
241
0
162
0
164
0
0
254
0
527
0
0
0
0
0
253
0
140
132
0
180
192
188
0
163
128
270
0
0
230
0
0
0
150
200
0
193
199
155
104
117
160
0
157
190
0
210
0
0
327
0
0
0
219
0
0
183
179
0
109
169
0
306
0
0
0
0
0
0
260
0
196
201
0
289
0
0
0
243
0
143
121
96
173
0
173
141
0
270
0
0
0
196
123
186
134
185
174
268
0
0
0
196
0
0
188
134
207
0
167
241
0
0
0
236
0
0
155
198
242
0
0
290
0
0
0
1327123