59
0
108
180
181
141
103
261
0
0
290
0
0
275
0
0
0
317
0
0
169
142
156
154
0
0
134
117
164
0
109
0
184
107
191
196
143
338
0
0
0
0
150
0
462
0
0
0
0
0
280
0
211
0
0
0
0
189
0
0
172
216
0
105
160
117
265
0
0
0
130
135
364
0
0
0
320
0
0
101
193
0
140
427
0
0
0
0
0
195
0
169
125
176
119
134
182
0
183
116
130
0
467
0
0
0
0
188
0
275
0
0
187
0
236
0
153
0
121
130
208
0
0
195
0
225
0
131
191
149
0
232
0
0
130
103
235
0
0
115
163
183
0
324
0
0
205
0
150
168
197
0
137
0
238
0
0
115
159
268
0
0
195
198
0
203
0
117
151
286
0
0
148
214
0
211
0
112
143
137
136
463
0
0
0
0
123
247
0
141
285
0
0
0
181
118
173
0
119
166
136
0
154
247
0
0
0
146
149
0
102
135
302
0
0
0
202
0
0
446
0
0
0
0
0
0
122
0
154
181
155
236
0
0
149
188
236
0
185
128
0
109
143
132
505
0
0
0
0
0
177
195
305
0
0
0
284
0
0
173
115
191
259
0
0
153
157
160
169
216
0
0
0
0
168
249
0
0
104
218
0
276
0
0
120
241
0
326
0
0
154
0
174
181
252
0
176
151
260
0
0
153
105
195
0
0
215
0
101
533
0
0
0
0
0
0
218
0
296
0
0
267
0
0
268
0
137
201
0
150
175
182
0
178
220
0
102
195
101
150
310
0
0
187
126
187
170
246
0
0
0
162
279
0
0
179
0
130
194
159
148
0
187
0
129
280
0
268
0
170
105
273
0
0
123
106
0
608
0
0
0
0
0
0
115
561
0
0
0
0
0
0
0
122
128
137
232
0
174
0
173
189
181
223
0
240
0
218
0
109
170
129
135
272
0
0
0
196
189
0
0
162
0
133
115
339
0
0
0
265
0
196
0
0
220
0
187
99
258
0
162
193
170
0
231
0
0
227
0
128
112
151
194
0
111
201
0
271
0
110
121
112
567
0
0
0
0
0
0
0
0
193
224
0
0
169
306
0
0
0
249
0
546
0
0
0
0
0
0
0
120
129
0
173
256
0
0
165
144
240
0
0
0
0
134
154
0
433
0
0
0
161
0
259
0
284
0
0
0
179
0
139
178
0
187
0
0
0
206
0
0
136
104
182
192
0
0
167
126
122
110
329
0
0
176
251
0
0
102
132
139
101
285
0
0
273
0
0
0
149
189
452
0
0
0
0
0
110
156
130
105
143
297
0
0
159
112
272
0
0
0
0
139
0
106
301
0
0
244
0
103
223
0
0
221
0
124
180
0
0
197
171
0
155
183
253
0
0
0
314
0
0
0
176
109
151
130
0
189
194
319
0
0
0
0
191
131
0
189
0
312
0
0
245
0
371
0
0
0
0
0
0
254
0
164
355
0
0
186
0
217
0
0
126
0
155
359
0
0
0
312
0
0
110
211
0
192
138
0
109
113
176
0
264
0
0
111
113
276
0
0
191
258
0
0
388
0
0
0
181
121
196
249
0
117
291
0
0
145
179
264
0
239
0
242
0
117
146
193
130
129
423
0
0
0
0
151
0
116
0
178
265
0
0
0
299
0
0
170
178
0
104
254
0
107
106
149
0
297
0
0
0
382
0
0
0
0
113
99
176
238
0
0
239
0
0
0
0
247
0
0
138
120
236
0
108
159
115
148
236
0
0
117
282
0
0
240
0
131
0
165
0
196
237
0
125
338
0
0
0
219
0
147
140
0
354
0
0
0
234
0
191
300
0
0
357
0
0
0
0
185
130
226
0
0
238
0
0
174
194
0
209
0
217
0
105
166
207
0
108
145
0
175
103
303
0
0
0
351
0
0
0
0
0
285
0
0
152
0
254
0
158
163
576
0
0
0
0
0
0
0
0
215
0
0
387
0
0
0
241
0
250
0
114
230
0
0
367
0
0
0
0
142
162
105
101
198
105
225
0
385
0
0
0
144
209
0
0
187
0
245
0
0
316
0
0
315
0
0
0
0
111
110
255
0
0
214
0
119
204
0
189
0
140
174
356
0
0
0
166
198
150
233
0
0
180
0
168
181
133
136
174
156
269
0
0
192
104
121
191
120
153
156
191
0
454
0
0
0
0
0
0
164
0
164
187
174
0
0
108
245
0
185
275
0
102
304
0
0
309
0
0
0
171
0
178
0
302
0
0
0
198
189
0
449
0
0
0
0
0
130
171
0
135
180
237
0
0
0
99
346
0
0
135
112
352
0
0
0
148
332
0
0
0
173
275
0
0
106
187
0
286
0
0
0
284
0
0
128
104
423
0
0
0
0
110
134
252
0
0
292
0
0
167
0
182
192
154
185
249
0
134
0
468
0
0
0
0
0
0
180
0
303
0
0
162
326
0
0
0
0
209
0
150
175
100
200
0
120
113
172
0
128
0
168
0
0
249
0
0
248
0
198
125
156
0
196
116
0
132
0
329
0
0
374
0
0
0
113
137
273
0
0
0
139
202
0
167
0
134
218
0
106
123
188
128
110
143
0
0
226
0
158
464
0
0
0
0
0
280
0
0
0
184
0
211
0
0
0
176
276
0
0
0
185
175
219
0
0
224
0
0
261
0
233
0
0
0
186
204
0
0
131
181
195
125
185
116
112
301
0
0
0
170
261
0
0
0
0
0
113
130
122
193
0
288
0
0
345
0
0
264
0
0
207
0
0
0
41004