51
144
132
0
178
57
90
86
180
198
0
86
47
55
133
0
72
85
0
141
147
95
45
169
169
0
74
0
130
113
79
191
74
169
194
54
160
63
0
165
0
99
170
0
116
136
110
45
156
0
47
75
163
0
112
104
130
62
50
158
152
94
184
0
0
61
43
154
167
107
161
146
143
179
173
173
114
0
87
0
86
168
177
0
42
64
173
81
174
118
80
56
176
153
0
154
0
65
92
111
162
179
0
36
139
0
116
189
190
194
105
0
95
0
170
98
141
59
161
0
66
76
145
154
137
108
0
175
118
128
121
128
0
109
143
189
0
101
152
79
44
140
55
59
125
204
0
35
99
0
52
79
0
0
193
185
117
210
0
125
173
115
0
166
142
145
70
60
216
0
68
160
159
19972