20
97
196
74
39
136
18
84
0
88
128
125
20
103
106
0
92
149
184
105
0
147
121
35
63
174
197
35
165
173
0
146
143
169
168
0
175
99
33
159
32
71
142
180
0
39
109
157
147
17
103
30
177
34
28
100
69
190
23
138
195
42
44
154
182
35
32
91
0
119
125
114
69
96
193
122
0
113
186
49
30
73
112
19
131
69
142
155
22
34
79
188
21
24
49
154
195
67
0
48
184
57
139
151
110
24
27
107
33
187
117
54
82
177
69
73
0
0
76
174
68
87
65
199
72
86
71
174
66
122
80
77
0
22
142
97
190
195
17
194
71
63
155
90
186
100
59
0
100
0
154
0
131
113
80
173
158
42
90
131
121
89
147
56
79
0
123
164
98
52
96
160
52
123
191
89
139
181
0
196
125
126
147
118
193
148
0
115
37
22
165
132
73
136
36
142
184
180
109
133
126
112
194
136
170
153
77
133
145
52
91
165
52
156
0
186
32
65
50
37
176
96
60
61
105
133
138
0
42
159
72
103
47
0
28
19
0
119
18
196
16
153
84
100
198
124
15
98
69
168
35
31
187
179
195
117
0
188
113
0
169
84
0
126
156
23
34
156
157
106
0
177
171
74
118
127
24
131
122
66
27
147
146
52
162
194
151
64
180
33
57
79
105
150
115
102
183
74
80
81
98
22
0
0
126
184
0
47
44
42
16
196
55
0
196
26
122
123
20
122
136
30
142
25
87
162
147
156
41
48
97
129
0
154
79
13540