14
163
0
182
198
177
152
99
71
33
41
0
139
72
59
0
163
71
87
192
0
151
85
0
0
110
179
98
178
0
161
30
172
163
142
30
0
62
185
180
0
0
38
189
38
136
63
93
150
134
45
176
133
0
100
0
77
110
107
179
141
132
197
94
0
77
166
37
132
67
0
0
65
154
67
54
142
0
55
60
74
175
0
168
61
34
37
74
66
36
177
175
162
142
39
69
121
87
105
64
182
103
84
0
40
74
184
157
174
180
95
39
0
179
0
86
37
197
157
187
0
158
34
72
100
123
65
183
104
53
43
194
41
173
52
89
35
142
90
195
170
161
41
49
197
161
165
197
220
0
0
169
189
127
81
165
103
32
161
48
166
0
89
71
122
35
52
108
118
125
0
0
0
119
139
142
125
137
184
177
100
186
66
57
76
51
91
143
190
152
193
155
66
0
162
0
164
192
0
51
143
0
0
161
166
194
127
88
45
159
69
66
0
45
110
168
183
0
99
179
126
104
139
0
136
168
151
76
109
178
193
97
149
187
144
184
149
87
154
83
51
158
95
58
113
130
38
175
120
84
45
126
131
196
196
42
44
174
167
155
127
81
71
99
33
164
99
143
100
50
75
0
146
118
0
86
184
0
30
85
86
97
78
155
80
190
63
54
67
136
0
133
30
82
150
74
0
85
0
43
37
46
37
116
54
156
43
192
181
163
114
77
125
49
161
63
194
101
163
125
161
183
62
111
199
87
171
99
141
101
127
47
85
128
157
57
76
186
133
35
67
96
61
186
59
112
115
165
100
97
0
0
51
190
0
154
0
92
34
81
181
53
55
56
79
78
0
119
213
0
0
179
152
47
197
161
75
194
156
0
0
36
166
50
195
152
90
40
31
142
191
42
100
0
100
104
0
180
61
116
0
45
0
188
185
169
0
190
137
35
49
79
52
61
68
216
0
62
139
103
206
0
142
67
70
96
161
133
124
78
30
134
170
136
0
0
0
101
56
100
105
199
82
0
154
0
116
75
59
0
123
86
85
40
179
72
63
133
0
64
0
111
0
99
0
166
164
114
158
84
179
0
71
66
57
58
165
38
80
115
48
44
151
178
0
47
58
37
128
160
88
0
83
175
60
0
155
111
0
73
0
166
98
119
176
56
151
104
135
53
46
182
61
106
91
161
186
91
221
0
149
41
163
198
159
110
65
70
191
0
47
126
33
45
73
195
46
126
155
113
0
69
80
64
197
177
49
158
102
85
0
30
82
115
193
132
46
166
130
0
161
140
107
42
0
128
149
80
95
70
190
0
89
87
187
149
125
51
127
50
141
197
0
0
99
178
61
122
51
164
189
0
55
187
0
71
155
188
0
0
163
0
126
173
41
193
91
64
159
94
81
49
129
35
96
163
0
163
157
0
178
172
154
37
91
43
115
169
93
148
86
57
55
111
149
131
101
135
84
175
46
0
42
87
0
141
0
125
147
56
184
104
105
137
35
166
184
57
160
117
92
147
0
116
134
169
147
187
80
0
0
178
0
139
111
0
82
136
67
133
64
78
32
79
122
87
51
0
34
122
0
182
68
0
0
49
40
56
0
74
36
173
185
188
90
80
0
34
87
195
127
120
170
58
45
70
129
123
182
87
149
151
44
72
51
158
146
131
103
105
41
179
175
142
87
0
0
33
57
127
178
127
133
123
156
126
156
0
115
185
47
191
181
168
165
87
132
35
113
56
33
65
0
147
118
153
145
148
111
168
66
0
149
0
73
181
0
64
44
46
44
180
156
59
183
174
62
184
185
87
151
170
57
140
166
0
54
197
182
0
136
0
154
49
97
152
31
112
185
162
94
166
152
65
39
136
165
102
174
70
85
88
0
185
0
181
87
0
66
132
85
119
211
0
147
115
0
80
0
107
180
102
0
103
66
195
166
74
101
85
70
101
181
67
196
40
147
60
98
0
127
82
156
170
0
0
81
0
158
140
157
0
118
130
51
196
103
126
75
101
103
0
196
159
0
123
194
139
181
95
78
79
65
164
164
53
152
83
196
129
177
197
0
0
197
88
126
41
147
48
35
116
157410