48
130
189
0
140
55
40
121
188
67
0
155
207
0
111
184
68
65
126
167
0
186
128
124
0
75
0
78
138
154
67
178
43
71
187
0
189
91
106
169
193
91
167
141
0
104
106
32
188
53
161
101
125
41
147
171
86
114
127
146
52
171
0
135
185
89
0
93
140
186
0
114
154
109
38
161
73
0
90
159
0
53
73
92
117
32
155
0
197
83
154
104
143
103
35
192
0
141
154
198
38
176
0
64
89
107
93
170
178
133
131
88
116
54
42
53
0
88
133
53
61
34
174
171
180
0
37
117
48
46
133
161
72
0
148
88
180
0
0
115
38
160
79
217
0
155
158
0
0
0
149
84
50
163
0
111
80
98
62
121
0
43
0
91
152
0
180
91
179
32
60
160
125
161
125
110
162
152
79
124
86
106
134
58
95
0
118
105
158
188
161
114
192
188
179
0
97
115
184
120
39
98
0
180
148
58
0
53
117
33
107
189
95
59
117
178
58
38
137
60
86
195
171
135
122
99
120
58
162
0
107
51
0
185
91
163
54
83
142
0
199
74
104
79
125
166
61
167
0
89
86
196
75
0
0
184
150
36
167
75
0
63
177
157
30
51
62
106
119
140
0
107
166
151
130
148
42
40
99
37
109
174
161
191
0
51
42
168
112
171
133
154
72
48
71
109
106
87
98
188
99
156
136
151
0
117
117
138
100
111
0
166
142
127
142
142
77
53
143
101
107
50
0
0
33
167
0
101
73
179
185
158
183
156
165
0
114
0
0
61
191
48
39
163
139
51
0
94
186
194
67
81
69
121
0
92
109
120
0
0
198
138
193
132
0
0
56
88
120
129
142
125
0
46
69
190
148
0
46
149
116
87
193
81
40
53
65
34
0
159
70
57
94
64
164
199
164
179
196
0
0
119
131
0
68
83
121
157
149
123
89
60
127
0
54
73
193
164
68
88
60
68
0
180
165
106
128
39
70
169
131
142
186
37
44
71
71
98
158
114
161
186
175
0
71
0
154
0
155
30
121
191
110
122
194
152
127
130
144
38
31
212
0
0
179
0
32
75
66
120
129
186
139
0
0
193
0
131
115
65
188
182
61
133
99
59
185
185
72
182
175
192
177
0
128
123
156
50
61
80
170
121
119
0
195
94
174
67
90
183
164
57
150
48
149
45
183
117
0
155
91
112
131
49
0
84
99
128
145
128
184
137
42
160
99
0
65
164
170
72
130
142
99
137
30
32
163
180
164
183
134
47
0
46
143
0
158
0
199
79
85
71
99
98
176
0
147
172
0
199
39
67
112
116
84
141
176
115
92
53
74
0
190
0
138
107
159
181
35
199
191
92
174
170
123
0
58
187
124
63
108
187
122
111
87
63
196
104
210
0
165
93
86
157
89
167
30
44
30
141
181
131
139
0
118
117
189
94
83
126
175
114
80
75
0
136
188
49
127
32
151
0
120
166
154
71
0
196
116
171
58
132
93
96
53
56
169
68
75
40
116
192
79
63
66
199
147
59
176
0
175
0
160
194
0
47
39
0
42
199
105
203
0
151
41
179
147
167
189
164
51
59
145
133
177
84
140
166
144
83
164
92
180
122
193
130
112
105
70
171
78
34
137
55
46
70
0
64
174
140
148
160
31
147
31
0
0
43
115
112
0
0
100
0
0
70
160
131
29
106
69
186
34
74
112
124
118
131
0
154
59
0
123
179
133
156
0
174
43
0
178
37
205
0
34
198
155
53
96
210
0
113
0
100
129
59
114
184
170
69
56
94
32
79
174
155
71
143
51
123
154
0
127
52
60
132
77
178
86
140
158
0
107
178
0
112
47
58
153
0
94
85
49
128
40
117
105
99
147
35
153
74
191
123
44
128
220
0
125
146
0
167
174
68
200
0
105
145
0
65
197
149
197
0
0
163
61
154
31
103
52
140
184
0
180
54
118
197
165
82
167
110
42
0
140
53
53
183
137
169
131
165
47
151
166
121
69
164
66
96
102
92
29
70
83
184
179
0
113
192
99
46
173
37
63
32
68
137
121
76
134
0
168
193
52
175
170
44
168
47
119
0
0
84
200
0
134
0
159
124
169
124
63
177
0
176
156
184
0
35
99
0
80
116
181
187
87
75
174
170
94
111
135
0
66
75
0
0
150
153
197
137
0
181
60
96
131
75
68
121
153
169
0
166
120
183
29
172
0
94
174
136
60
0
100
150
177
0
72
93
102
194
192
151
86
39
0
214
0
49
130
132
192
0
174
90
89
86
0
189
131
84
70
73
84
89
107
52
124
95
46
48
95
0
141
60
76
182
166
95
181
103
35
50
156
119
134
113
89
122
96
0
0
66
98
105
108
58
119
70
0
192
81
95
190
111
184
133
103
198
161
51
50
129
67
32
81
81
157
30
142
0
181
0
97
186
127
77
79
97
171
86
63
118
0
103
186
0
148
124
158
0
63
116
156
194
197
106
0
126
70
181
139
88
49
41
146
89
103
0
154
199
0
0
82
0
54
155
0
71
61
110
170
42
43
182
0
55
125
208
0
193
167
115
212
0
151
141
123
84
199
199
80
184
109
47
192
108
32
169
0
0
33
67
0
166
105
150
185
148
153
196
0
31
135
0
103
97
72
153
190
110
40
0
93
88
163
162
112
102
0
0
99
113
196
0
169
195
172
47
155
116
98
105
63
0
78
50
186
84
169
138
167
67
160
95
45
38
74
104
216
0
167
122
141
0
59
150
0
141
114
150
83
164
62
66
34
199
132
148
91
73
0
100
164
135
160
0
165
77
80
0
148
210
0
0
151
142
191
0
91
80
110
142
123
191
129
172
85
147
193
91
119
44
105
90
39
159
193
172
104
66
176
144
175
44
122
87
77
78
92
73
56
33
148
108
45
0
166
76
0
113
33
38
0
154
41
50
93
154
0
0
130
192
160
91
55
87
197
145
108
165
67
73
121
138
128
84
0
73
154
175
157
141
64
38
69
168
72
159
194
143
186
103
127
116
56
168
142
178
0
52
111
95
195
121
0
169
182
188
0
128
57
0
93
0
115
184
160
170
114
150
0
90
0
165
116
82
118
43
161
82
0
124
50
55
89
161
185
177
154
125
83
177
0
0
76
59
0
66
117
133
76
47
32
131
67
63
164
142
59
40
164
63
180
156
57
130
64
161
184
142
104
80
119
140
172
31
128
150
192
149
168
69
154
98
81
39
151
65
139
112
0
91
194
122
83
32
41
116
125
188
116
156
116
124
230
0
0
84
130
109
0
47
109
102
151
90
113
157
164
197
182
30
32
143
129
197
188
165
45
160
140
142
145
191
178
102
133
127
59
35
0
193
129
148
153
51
35
0
76
170
148
178
0
161
0
138
120
0
89
94
61
0
211
0
83
164
0
0
0
111
104
0
127
70
167
167
111
73
96
41
86
48
0
113
37
148
127
118
189
36
167
72
74
137
77
128
141
198
157
50
0
0
54
0
147
37
159
188
155
115
195
192
66
69
0
192
162
163
0
128
186
144
152
0
75
182
88
34
0
40
193
109
194
60
75
80
124
58
126
152
186
182
107
0
29
118
105
0
171
0
0
93
136
84
159
188
184
109
124
144
0
32
119
117
0
134
0
153
0
0
89
110
141
0
55
0
179
176
111
124
40
173
113
167
145
36
48
53
0
42
198
184
0
0
75
181
193
159
103
145
191
63
106
178
110
103
183
0
104
133
0
58
83
30
51
91
74
92
75
58
95
114
122
181
31
192
66
74
0
78
74
150
33
87
103
169
139
202
0
173
135
113
83
0
132
32
65
197
87
104
74
194
114
0
83
127
104
0
78
123
141
73
60
58
111
0
114
166
91
50
151
85
200
0
0
190
113
168
40
136
59
92
75
34
0
187
54
33
176
0
76
81
137
107
129
146
188
85
48
174
105
132
92
181
110
135
91
174
53
82
75
146
59
53
182
0
70
123
94
37
164
171
0
79
182
89
156
43
155
67
166
76
0
0
144
122
46
121
75
157
0
169
175
190
68
142
87
155
137
166
176
85
0
125
127
59
97
183
98
108
0
83
95
37
86
0
32
65
177
130
0
51
131
146
128
39
183
99
66
60
140
104
55
54
82
49
60
65
109
193
158
67
100
122
105
0
144
191
0
84
42
30
37
0
37
82
0
83
91
111
0
158
156
76
136
93
0
0
74
44
142
138
53
123
61
196
0
93
127
76
139
168
46
114
54
173
86
0
0
112
0
0
56
116
98
0
65
0
68
108
31
112
184
96
0
74
196
57
34
68
161
130
118
0
169
136
167
102
147
79
197
72
186
170
131
82
47
68
30
50
127
108
157
105
160
131
136
0
157
194
118
0
101
0
156
35
175
126
178
0
159
111
175
65
165
0
187
69
172
137
51
92
88
196
207
0
97
67
0
90
187
140
0
193
0
112
177
161
75
182
121
0
0
84
138
44
56
138
0
156
0
74
0
197
177
114
144
77
151
66
193
113
86
0
178
146
130
175
74
73
121
0
195
43
164
163
82
157
182
47
89
104
149
149
31
168
143
145
149
87
142
0
0
177
153
114
66
0
93
120
99
173
169
65
188
162
38
176
186
110
0
0
176
72
159
0
116
99
54
165
164
142
59
33
115
132
193
124
120
119
98
0
0
179
97
172
65
127
199
30
175
73
63
124
0
108
176
44
136
72
90
131
56
103
185
143
146
0
78
179
177
0
73
194
56
0
161
49
102
171
0
186
60
122
0
0
75
0
0
62
141
61
127
45
127
53
85
149
182
101
0
29
51
54
106
117
75
0
59
182
168
168
173
0
0
108
190
96
109
0
195
62
0
164
185
0
172
30
0
39
0
102
48
0
93
73
118
104
177
57
165
197
109
0
126
67
38
0
140
59
134
76
34
193
188
186
34
106
35
193
148
0
148
57
178
176
138
94
199
127
115
66
80
156
150
31
124
32
99
0
0
90
104
0
42
0
69
99
153
132
0
192
191
102
182
76
44
0
0
90
43
0
69
56
163
62
188
46
53
66
142
63
0
145
87
89
107
62
120
43
48
169
0
155
175
39
0
82
109
42
37
152
150
132
155
135
41
119
184
0
142
143
74
89
115
188
125
51
118
113
49
166
173
62
0
168
121
196
64
0
65
131
59
37
91
82
56
147
189
140
174
197
106
81
71
36
192
167
68
47
29
118
139
0
114
64
42
147
48
52
61
188
39
170
0
116
58
0
112
39
180
83
0
181
121
0
64
84
198
0
112
70
29
106
195
164
116
191
191
183
184
144
114
30
179
143
53
0
51
103
112
59
0
30
177
122
56
0
81
126
96
158
101
208
0
57
164
144
90
0
190
88
142
147
58
69
80
146
143
57
87
183
119
0
107
140
115
101
169
119
0
77
84
186
183
43
37
110
185
0
86
0
195
187
149
50
71
154
0
0
193
47
189
199
119
75
82
173
188
180
90
57
142
55
88
62
34
152
62
127
163
84
191
74
98
156
0
97
152
174
0
143
70
168
73
52
37
107
44
69
60
0
82
67
176
0
109
0
186
65
150
102
0
124
92
69
79
197
55
139
0
183
68
120
43
167
71
65
99
160
69
32
147
0
113
0
61
176
0
102
60
131
59
71
108
0
81
141
102
100
84
0
0
0
137
116
34
192
68
140
109
112
0
67
177
53
145
196
189
64
130
58
114
169
41
119
46
61
164
167
52
60
173
188
32
46
0
190
40
192
115
182
131
0
0
131
0
122
31
115
190
62
0
151
193
192
42
145
44
150
234
0
0
0
199
121
146
173
169
0
89
130
56
142
187
63
0
181
64
94
117
68
163
108
0
135
141
131
31
0
160
154
53
0
40
185
73
194
195
0
0
134
0
195
118
0
63
150
101
181
67
0
189
67
193
116
0
43
0
198
178
103
190
77
153
146
151
183
0
107
164
0
109
177
77
59
0
115
175
88
116
68
152
196
69
163
187
41
180
85
35
0
113
137
145
131
191
0
181
78
0
152
65
34
191
147
0
72
157
72
166
103
113
30
104
0
169
104
126
42
121
0
0
30
188
71
157
63
41
0
196
183
129
188
45
188
34
0
157
35
68
146
33
78
33
0
128
171
0
56
53
45
0
83
81
123
55
99
95
95
48
120
121
156
160
92
0
96
0
139
97
150
109
197
39
0
193
132
74
0
49
189
133
115
0
85
91
70
0
65
195
189
133
162
89
110
165
171
166
106
46
56
153
82
171
55
0
112
75
152
38
0
0
36
105
153
53
0
73
185
204
0
156
151
173
140
40
0
132
70
178
31
47
107
63
43
0
61
127
35
196
142
145
105
87
0
198
137
188
184
124
0
185
150
183
31
95
148
157
66
0
153
129
129
82
0
0
147
188
186
112
142
184
140
47
168
174
70
48
57
0
82
37
41
150
125
111
146
190
77
107
45
140
151
46
98
170
46
0
63
38
143
176
62
42
46
173
115
169
34
66
176
141
100
211
0
140
0
65
116
121
0
186
136
0
0
30
87
60
50
197
133
166
153
51
0
71
126
111
165
43
0
72
61
0
42
184
0
175
102
0
90
0
51
144
142
178
91
0
147
92
189
128
90
168
140
0
165
59
89
193
187
193
162
71
175
126
178
0
94
108
65
206
0
205
0
63
143
0
217
0
0
197
91
126
81
57
139
213
0
0
36
87
31
157
0
43
149
66
163
170
158
57
57
0
156
47
45
109
181
68
45
93
61
61
121
0
111
47
0
142
143
55
130
37
168
62
169
36
0
62
118
76
46
91
37
0
161
146
160
47
0
60
146
167
127
0
30
162
151
133
160
40
124
87
63
111
143
29
157
171
0
125
69
58
75
52
88
109
87
0
0
66
129
116
122
199
126
133
98
193
149
105
31
0
166
190
131
0
0
80
71
49
123
141
70
0
160
122
117
126
0
94
0
47
0
130
42
170
174
118
92
0
126
138
111
159
112
88
190
120
181
194
154
143
137
88
94
0
73
89
177
80
180
109
144
120
115
33
190
123
166
188
125
59
181
70
162
139
0
177
64
102
163
135
99
141
57
53
0
144
0
76
0
46
29
195
159
47
179
0
128
0
50
124
99
0
78
73
41
196
56
196
146
112
104
156
150
0
86
121
114
136
185
68
0
171
0
189
0
141
171
163
160
50
127
99
57
176
0
77
105
164
77
70
31
60
0
165
0
0
182
0
105
84
54
0
53
191
37
160
189
138
0
94
118
39
191
75
0
80
153
184
78
31
107
205
0
177
185
67
80
46
0
154
173
117
147
37
107
193
59
172
0
123
128
178
169
115
70
176
54
109
98
141
109
0
198
193
0
143
180
157
47
67
167
0
137
143
167
57
156
197
168
113
120
107
197
0
173
0
0
135
90
0
150
0
125
112
50
150
114
0
159
199
193
64
64
130
137
110
174
168
0
0
119
44
0
105
179
142
128
30
134
200
0
132
150
127
0
78
99
51
153
132
158
188
135
46
63
80
137
70
135
38
158
138
126
100
168
176
82
127
117
29
46
116
107
54
50
66
0
152
188
179
90
125
0
168
112
204
0
105
118
163
115
86
199
59
80
135
164
182
75
0
94
35
165
185
73
135
85
153
95
41
67
146
173
77
0
71
96
0
131
52
0
193
127
0
0
101
56
67
60
70
98
143
82
0
191
0
169
171
58
224
0
133
67
67
32
59
141
180
0
65
32
191
163
36
82
80
38
93
84
124
178
0
81
102
99
34
44
91
199
103
109
164
145
129
91
0
86
142
73
176
196
113
31
148
164
168
172
69
0
94
62
125
141
180
78
92
79
75
91
122
112
189
138
187
0
97
132
55
51
209
0
41
168
0
139
125
193
105
106
124
94
153
0
91
145
0
181
82
38
171
186
37
118
42
142
33
117
119
0
105
99
171
163
110
176
33
154
141
118
43
33
114
53
54
0
170
59
171
97
46
101
133
149
171
55
103
0
143
140
107
194
78
67
54
121
162
158
123
103
0
184
51
100
0
138
116
55
197
41
81
190
179
182
0
56
183
110
122
90
143
89
0
98
105
157
136
59
177
58
84
197
109
33
91
80
188
0
99
165
154
165
105
145
117
35
66
103
76
139
0
137
173
32
67
91
88
119
167
180
128
32
179
145
76
183
128
120
62
128
144
65
0
201
0
157
65
69
0
142
119
190
101
167
29
86
120
97
29
100
86
48
105
43
81
87
112
0
0
192
85
120
0
46
133
60
119
199
42
158
120
96
60
136
154
79
164
159
65
44
0
120
193
140
146
176
189
140
167
62
130
137
0
195
0
0
108
199
190
82
132
0
83
83
46
95
53
157
69
130
185
83
171
47
91
154
0
139
0
194
66
129
159
106
120
179
32
130
131
93
0
74
163
124
0
0
204
0
195
86
133
110
0
80
165
0
0
90
130
192
153
133
176
0
48
140
44
108
35
182
184
153
48
0
156
174
37
176
86
0
105
187
0
49
73
0
165
143
81
196
161
66
162
131
159
197
114
50
0
135
32
114
197
31
53
171
34
154
76
187
0
35
161
135
158
173
95
83
112
136
196
109
47
164
0
119
194
104
42
172
69
105
194
215
0
143
187
52
145
50
105
186
0
0
41
31
144
82
110
187
106
148
79
138
65
68
0
197
76
35
163
187
170
78
182
30
158
0
52
162
182
90
144
34
51
0
43
74
97
92
32
35
126
119
38
78
185
154
192
128
76
0
80
125
0
154
31
142
145
154
42
145
124
165
119
49
127
198
69
130
148
55
113
56
207
0
179
0
185
0
0
0
31
32
0
66
128
72
74
165
169
173
91
198
79
168
47
74
74
96
34
190
61
38
188
0
184
66
80
101
86
0
170
57
137
44
92
0
98
85
34
127
46
90
137
52
123
39
47
52
75
49
197
0
48
133
67
41
96
0
35
87
191
165
154
134
186
39
55
146
0
45
136
0
0
51
122
184
85
125
145
58
134
44
108
46
0
58
59
101
29
34
50
173
0
0
63
186
143
160
0
151
78
150
0
147
119
126
184
61
168
39
169
88
62
125
178
110
102
135
146
86
107
165
81
60
0
30
164
199
36
177
0
164
193
84
172
120
0
174
33
56
144
177
52
177
0
57
170
163
0
168
37
31
68
87
156
161
0
181
0
90
126
0
193
0
100
187
155
110
0
119
175
69
0
86
197
139
32
132
0
98
0
51
56
54
92
68
154
0
194
102
72
119
173
154
0
136
195
197
155
88
152
0
189
0
104
51
73
144
120
0
165
76
63
162
126
29
151
88
190
187
45
62
102
185
79
0
82
96
0
174
80
72
105
36
167
127
165
0
164
189
170
183
199
32
60
137
102
0
57
32
102
38
111
0
198
62
93
119
65
109
190
58
135
94
111
121
135
0
182
44
49
182
139
91
44
79
184
179
0
87
117
150
81
57
0
51
154
110
0
43
101
136
178
92
148
127
195
38
158
105
165
176
132
119
178
141
192
84
77
163
30
169
112
128
52
45
59
0
182
45
36
168
178
156
83
0
106
55
31
169
135
112
160
172
114
148
100
0
111
108
0
140
205
0
0
41
172
133
0
136
95
128
40
0
71
0
155
105
0
194
168
133
102
104
174
187
55
49
166
0
69
113
158
0
118
76
83
125
35
104
0
132
88
52
114
90
102
117
103
186
94
0
159
0
61
0
136
50
70
42
50
128
54
61
0
102
190
181
178
152
57
0
112
34
142
78
65
159
94
165
0
31
141
129
96
150
0
77
68
172
151
0
155
0
94
0
50
85
157
99
73
142
122
190
46
142
52
146
32
116
64
149
0
78
185
61
183
40
127
194
77
175
116
63
176
56
169
41
55
193
161
0
146
69
0
193
91
36
103
180
34
93
198
129
167
45
99
127
0
0
150
119
151
116
91
124
38
91
155
215
0
198
129
127
0
60
177
87
107
135
51
176
36
119
120
0
37
149
62
104
0
86
143
98
0
74
72
0
62
104
176
74
140
48
57
0
124
180
132
125
131
172
107
130
169
0
0
0
193
0
127
42
137
93
46
192
0
43
124
173
147
67
60
130
140
185
0
0
85
0
120
134
62
94
58
0
90
0
110
112
62
183
42
65
139
33
169
0
86
147
0
0
163
0
99
29
186
189
0
133
42
49
111
38
195
0
113
0
42
133
91
0
153
167
97
67
90
110
118
141
70
105
111
165
211
0
105
38
147
33
69
61
61
47
159
98
150
44
70
99
90
0
83
143
32
195
131
68
66
185
39
152
0
208
0
149
46
122
171
105
73
69
96
0
0
75
114
109
59
144
32
61
104
45
156
126
0
189
138
153
71
132
78
169
72
196
116
37
98
102
115
195
98
138
115
178
122
0
78
76
123
185
43
48
77
84
77
91
0
97
214
0
100
141
63
188
0
148
185
97
145
76
86
135
58
187
90
120
183
177
0
0
99
108
42
194
46
70
131
189
191
173
104
169
55
95
166
50
176
159
52
69
149
80
49
34
104
0
144
131
128
0
102
139
157
108
178
69
118
148
0
58
202
0
32
86
34
110
210
0
0
163
0
164
130
111
78
191
43
44
58
38
118
45
0
60
103
86
68
0
162
80
47
52
95
159
173
94
177
109
0
0
59
0
0
68
166
155
82
35
49
0
64
0
0
64
197
192
155
0
171
65
38
75
0
210
0
31
67
117
66
131
136
142
140
0
180
71
43
170
50
161
181
88
0
97
64
108
149
123
49
120
61
82
136
0
39
173
166
0
135
118
183
89
160
100
39
120
41
171
199
159
48
85
88
89
0
200
0
170
69
74
121
39
79
125
150
140
0
0
114
125
165
183
117
149
122
0
190
193
153
186
187
30
170
165
0
102
69
159
173
88
73
185
168
191
85
69
169
109
115
175
52
45
72
82
58
0
160
173
0
95
160
0
137
0
130
97
132
168
84
115
80
57
141
59
115
138
0
176
132
37
108
179
73
0
101
36
68
68
138
177
92
187
192
68
139
178
190
160
150
175
175
0
69
37
0
148
124
54
71
73
147
185
195
99
80
134
0
57
52
151
65
158
67
67
0
191
197
120
96
94
130
38
58
146
114
156
214
0
0
139
179
50
0
0
59
132
83
50
179
37
94
154
0
103
183
132
87
0
169
85
0
182
68
58
88
189
57
126
168
149
142
171
164
180
68
133
55
177
209
0
164
0
0
144
58
35
164
0
145
125
107
160
0
157
160
199
146
0
127
68
188
124
141
125
0
38
142
142
181
190
68
193
143
34
122
63
52
179
159
43
164
120
92
0
98
158
107
0
102
142
167
160
109
195
188
158
59
46
76
154
144
136
131
76
162
0
182
170
0
197
59
98
125
131
88
83
129
134
79
58
31
100
135
0
37
155
0
195
65
80
194
63
35
50
122
0
0
59
58
75
149
42
0
32
121
121
107
108
131
168
188
0
125
0
89
183
121
55
183
105
99
32
196
124
0
41
139
30
113
157
68
161
67
0
103
59
172
40
36
194
60
0
128
96
111
73
0
0
197
124
88
0
39
119
0
177
102
80
43
72
0
197
0
181
126
92
159
197
179
0
167
91
152
35
108
84
134
98
198
167
0
96
0
50
142
122
194
70
141
30
0
155
160
75
140
177
126
196
136
98
124
164
103
185
126
0
98
145
61
180
72
0
205
0
47
101
71
60
55
187
204
0
176
172
152
195
0
194
72
153
94
159
194
170
186
194
0
47
198
58
95
30
102
82
106
86
0
113
123
131
56
29
146
204
0
99
94
189
0
133
152
79
102
48
183
32
130
73
53
81
69
188
161
173
74
97
38
154
136
156
113
109
80
118
127
168
70
109
73
0
0
0
185
195
155
137
166
146
84
114
61
126
162
163
195
0
57
79
158
84
169
159
155
100
117
84
194
61
120
149
211
0
111
158
153
136
89
120
0
36
131
94
0
124
0
0
205
0
135
40
39
98
173
193
117
104
0
0
46
59
118
160
80
137
186
68
83
83
110
0
92
186
149
83
132
0
118
198
163
0
183
107
0
55
73
148
164
85
112
140
119
173
132
74
123
195
73
91
195
79
114
0
98
192
100
155
111
145
46
99
139
130
0
107
159
143
80
133
155
174
104
126
49
151
38
175
160
60
145
88
173
121
180
104
131
145
53
165
131
111
108
180
151
39
145
70
0
175
98
0
0
0
91
101
73
78
81
106
67
167
54
157
197
84
159
67
75
163
68
117
70
188
68
128
0
183
146
92
96
74
191
68
0
166
103
99
65
189
48
190
0
62
0
184
195
0
144
93
77
132
0
135
52
115
32
0
104
185
61
56
141
109
112
114
125
109
86
142
110
64
167
60
57
119
174
60
143
70
105
148
142
94
187
167
97
0
76
202
0
175
136
184
129
174
0
105
190
150
172
169
196
193
0
0
157
172
138
118
0
173
41
57
122
42
0
114
137
0
107
176
160
79
197
79
170
72
183
118
0
116
143
40
159
52
46
153
37
115
82
31
169
158
185
195
195
112
57
170
33
125
68
44
65
115
33
66
99
177
79
0
59
181
120
0
91
197
190
49
192
105
195
70
123
67
71
60
160
69
112
197
107
38
81
0
190
107
0
0
159
101
0
66
110
59
31
171
149
50
95
96
0
122
88
135
214
0
150
185
123
42
142
110
201
0
190
63
58
82
53
104
148
132
189
0
106
108
77
166
79
32
147
50
193
178
119
37
189
48
186
125
88
67
197
41
193
70
70
118
122
189
153
0
149
127
102
72
98
34
47
46
142
66
64
98
72
109
101
0
102
198
128
117
92
68
188
0
132
30
161
45
41
181
117
34
133
62
177
93
131
58
72
181
159
36
129
85
137
55
102
39
56
169
83
93
51
40
49
70
170
112
58
117
0
134
134
32
90
179
188
188
0
88
94
0
188
195
123
103
63
183
0
0
0
62
47
89
152
77
70
151
104
112
149
91
0
91
121
0
87
125
83
65
142
96
154
54
154
130
48
131
134
119
32
39
138
153
72
76
135
197
84
147
0
59
182
74
0
170
59
162
104
85
136
135
88
54
179
38
182
158
190
38
139
46
95
122
139
189
83
34
158
110
152
93
152
100
170
184
169
165
173
150
96
137
113
59
99
30
60
126
138
186
100
0
154
131
70
59
189
70
195
33
110
122
110
57
42
60
0
54
186
170
162
168
181
165
161
41
59
188
0
107
92
58
99
136
166
52
135
0
30
88
116
131
29
128
0
155
180
82
152
185
0
67
188
0
50
148
173
197
115
44
116
192
62
107
90
135
180
201
0
139
0
32
123
157
143
110
71
79
88
73
0
89
39
61
84
62
0
58
167
186
159
129
108
73
150
0
57
116
119
165
32
60
192
130
147
170
159
177
0
146
70
0
47
142
194
172
85
0
188
179
109
144
0
177
52
146
47
182
173
108
100
54
42
49
35
57
217
0
0
74
176
110
115
153
0
55
205
0
178
115
193
148
171
129
86
126
87
71
92
168
128
51
94
34
81
114
0
41
78
184
59
185
0
65
152
107
0
145
64
66
0
115
0
137
155
179
136
37
186
68
91
186
133
0
146
85
177
91
134
79
90
72
95
118
175
79
0
193
171
159
130
87
178
167
71
45
91
54
118
114
79
0
200
0
81
37
91
155
37
31
143
150
119
46
0
157
154
89
161
181
177
158
139
125
0
131
64
164
30
0
78
113
112
103
187
72
133
168
102
31
43
106
0
138
105
152
167
57
110
191
44
0
0
162
113
54
166
55
157
91
112
91
79
0
155
37
133
188
34
169
135
103
97
0
170
152
125
103
90
164
96
225
0
0
68
110
53
102
64
169
0
147
0
83
149
141
53
163
64
192
155
102
33
110
0
192
0
115
133
182
0
116
115
128
170
121
145
79
211
0
0
189
42
0
57
0
166
114
83
141
200
0
133
104
104
31
136
94
141
136
32
105
124
195
125
123
102
31
56
169
37
182
137
118
189
75
91
150
119
153
129
32
113
153
122
94
49
183
0
108
192
76
0
0
115
78
96
33
125
80
181
47
145
165
39
135
178
175
123
87
37
102
65
0
86
190
74
0
160
58
189
36
105
166
80
65
129
137
129
31
0
0
77
150
99
185
158
0
192
95
70
78
175
0
92
149
157
39
0
129
0
125
195
177
44
67
0
86
105
64
195
0
0
192
83
188
0
54
148
69
81
150
0
31
182
81
146
49
0
62
197
158
157
50
190
111
60
145
157
184
72
167
149
80
123
168
187
78
0
64
118
0
138
134
0
62
74
31
159
187
118
129
44
107
0
110
68
0
119
40
73
57
89
194
87
142
102
170
49
167
81
187
76
56
80
123
90
166
61
0
120
34
88
128
99
114
0
0
122
46
120
162
63
118
0
157
64
156
0
173
0
56
186
131
197
113
125
128
58
100
34
49
168
105
139
191
150
103
112
82
179
31
67
98
0
41
99
195
42
58
78
102
33
111
198
188
0
55
0
37
185
92
191
82
0
60
163
35
90
55
75
187
145
154
196
32
118
113
36
115
0
135
154
47
74
0
0
162
113
131
144
45
163
78
0
67
161
0
45
79
194
73
41
34
138
0
87
37
0
73
191
148
35
110
57
195
178
113
34
150
0
197
62
108
165
96
103
167
185
0
51
103
130
163
131
117
76
186
72
172
107
44
145
87
138
107
31
45
170
0
0
115
178
178
91
47
74
157
0
149
64
119
178
151
0
135
152
174
192
148
0
184
147
116
0
53
91
171
122
0
196
198
180
56
176
30
133
42
70
146
96
33
92
187
150
184
0
146
186
195
81
0
34
0
109
93
219
0
130
120
32
189
174
152
54
121
37
165
54
71
94
70
48
189
0
0
35
195
84
140
0
158
187
35
0
113
123
107
77
117
131
168
92
153
0
89
0
187
84
59
196
141
33
0
156
162
150
0
158
206
0
0
38
196
114
114
160
176
0
93
97
87
170
30
76
0
146
93
86
0
0
199
0
157
151
183
81
191
29
104
137
43
0
162
89
0
153
80
0
159
65
47
32
37
34
177
0
93
187
0
41
114
92
73
0
133
73
107
68
0
72
134
0
48
0
119
192
193
133
0
133
98
103
156
101
123
128
172
0
193
111
148
130
79
92
194
133
144
61
38
156
144
122
66
131
182
43
63
106
0
146
161
152
187
35
41
136
0
0
140
0
0
32
181
61
181
151
133
35
75
163
0
42
107
112
35
99
0
62
63
0
105
156
163
41
69
153
0
162
62
189
83
99
0
157
127
153
63
169
59
104
113
169
132
153
198
0
196
136
107
0
151
129
194
55
106
197
36
179
49
54
0
197
124
175
190
159
173
136
147
173
152
178
159
79
47
60
83
80
113
165
47
76
71
56
165
118
161
0
211
0
93
130
57
45
0
55
60
44
180
98
0
73
33
172
0
137
136
64
0
130
193
0
144
191
169
0
160
190
81
0
59
167
184
86
0
185
148
99
125
190
0
29
0
55
48
58
88
117
0
57
122
47
72
181
53
131
155
164
45
170
0
123
179
82
47
164
195
29
179
113
0
132
195
81
107
139
139
96
44
167
43
106
131
0
66
96
67
58
127
179
50
153
163
166
160
121
62
174
0
196
108
131
53
159
148
126
149
0
69
114
152
146
173
47
66
189
136
121
125
84
0
0
0
67
80
48
126
146
48
32
69
120
92
124
0
29
69
171
87
91
0
68
135
0
170
0
150
46
126
67
88
174
0
77
47
78
194
109
0
176
98
163
38
86
165
119
39
193
123
83
156
43
95
130
92
190
0
184
176
178
33
0
111
68
122
0
94
0
166
173
215
0
0
54
63
122
155
0
88
47
114
66
46
186
30
0
126
161
81
0
197
118
131
103
0
101
41
101
128
103
142
0
82
81
0
131
76
143
0
191
75
44
102
61
56
90
0
114
215
0
0
194
94
0
41
110
162
198
62
0
194
141
88
42
38
82
220
0
152
179
55
136
200
0
114
88
144
151
175
132
115
122
0
106
83
182
64
107
62
108
126
107
140
115
135
108
0
70
135
84
49
0
178
164
113
202
0
30
140
0
64
152
0
153
140
183
125
90
171
30
208
0
165
141
89
190
63
177
0
146
51
128
161
123
178
111
107
116
0
76
102
90
0
72
54
0
50
116
49
45
54
146
32
132
118
136
76
154
148
155
223
0
47
191
166
104
77
140
120
101
98
157
157
60
151
123
124
142
97
190
91
172
85
91
69
158
118
112
118
0
142
0
147
0
127
53
146
40
0
65
67
117
0
134
104
64
93
37
150
79
190
112
150
35
132
53
115
181
40
90
144
194
0
0
171
119
70
173
130
167
144
137
117
0
124
206
0
128
67
66
0
120
116
0
166
0
192
147
85
36
33
178
104
187
35
66
148
113
73
163
131
0
113
112
165
132
94
0
166
94
213
0
132
116
129
201
0
177
166
0
104
143
181
43
39
186
68
182
98
192
148
52
38
141
188
74
195
99
64
61
72
95
115
84
144
79
191
154
181
39
51
175
0
162
127
130
39
0
79
112
33
0
170
188
90
143
46
203
0
84
193
196
167
119
70
134
116
0
131
39
184
181
193
0
167
130
149
196
0
114
138
0
150
182
80
190
122
42
72
0
167
188
119
47
47
137
89
156
126
75
57
0
0
199
47
65
83
42
168
71
110
172
137
181
116
53
145
145
0
195
67
194
68
126
62
65
189
0
190
163
113
60
220
0
181
152
147
61
31
55
135
48
0
94
72
0
63
121
189
0
189
54
167
116
0
166
81
142
161
71
154
63
0
76
79
175
166
118
156
102
144
123
180
155
126
37
175
179
108
174
88
188
161
39
41
189
115
96
77
83
180
121
50
104
128
31
50
181
105
59
60
193
185
180
148
130
200
0
194
0
228
0
0
176
120
154
186
0
196
80
110
84
119
144
0
174
52
154
189
144
175
0
0
80
110
143
0
157
43
145
58
0
74
92
172
51
103
146
103
140
163
187
87
196
120
163
59
37
171
0
0
184
0
101
174
72
167
0
102
0
177
86
124
37
82
0
148
56
195
188
148
84
0
188
109
168
0
147
196
127
48
0
98
172
118
0
199
29
198
156
0
38
106
57
144
191
118
88
56
76
126
132
70
128
29
152
115
154
199
209
0
106
166
198
35
45
168
165
40
99
49
67
53
180
0
139
34
83
198
160
155
35
165
78
139
155
0
50
119
41
70
53
0
49
48
182
197
186
64
29
133
103
0
163
0
65
0
179
73
0
0
49
157
0
0
53
182
55
104
102
122
55
66
33
74
111
38
185
182
184
96
0
91
155
180
0
194
71
72
115
156
66
198
143
152
175
199
169
0
113
0
96
123
89
175
91
0
66
111
0
119
90
187
177
181
44
84
187
164
168
156
105
53
164
110
199
111
0
177
181
145
0
133
136
0
194
81
100
49
117
44
0
199
186
0
146
0
95
120
194
0
0
0
191
195
192
52
116
92
109
136
190
52
84
0
73
0
103
100
128
177
155
147
54
0
196
85
40
0
182
177
145
53
171
119
161
82
75
35
91
0
148
52
0
159
107
171
156
144
35
132
115
52
114
54
183
79
84
66
0
35
94
114
89
175
0
34
0
198
135
183
109
134
111
0
117
45
117
128
152
195
155
92
32
63
29
145
174
135
0
111
109
157
92
0
153
0
52
197
173
108
80
0
0
87
166
44
99
65
159
179
149
111
186
127
0
180
167
0
49
101
165
153
56
127
90
118
77
192
52
181
78
182
110
32
173
0
0
58
139
47
75
33
89
128
165
120
132
65
159
135
0
29
70
185
126
150
102
48
130
182
170
175
36
74
88
109
127
148
130
0
76
0
143
108
0
97
96
107
193
169
78
53
177
82
96
74
84
141
149
0
75
153
0
67
0
55
0
159
104
39
78
194
177
54
0
60
84
37
0
82
0
144
185
85
165
113
79
106
94
39
52
42
196
94
87
164
103
125
119
140
0
55
144
116
134
134
183
0
0
197
99
57
89
106
196
169
85
182
62
75
160
147
119
34
121
183
0
111
131
188
43
139
177
70
29
34
53
132
43
160
32
184
156
107
163
70
0
44
133
141
0
123
85
106
94
54
199
154
50
165
84
115
0
62
97
152
56
72
90
153
75
198
95
164
1344734