157
70
188
190
79
20
64
183
175
64
85
58
87
199
29
87
11
59
183
122
78
138
105
0
196
151
69
192
158
143
153
88
104
98
139
25
79
147
47
57
158
46
69
195
103
86
59
0
174
72
172
150
169
199
86
79
92
44
112
181
10
155
0
104
182
92
118
108
134
164
180
193
169
104
170
129
119
42
117
77
183
157
110
76
62
112
94
17
163
192
17
176
144
78
56
94
178
161
113
162
41
82
81
139
155
179
129
159
43
194
22
117
96
96
114
87
128
168
185
88
11
174
126
22
131
110
67
52
169
38
191
199
163
137
18
155
105
129
28
57
184
168
164
111
102
59
165
140
195
92
10
198
40
50
145
66
146
159
86
39
175
166
38
105
0
31
52
28
120
48
49
68
49
57
60
72
12
60
65
30
76
40
125
144
168
161
40
129
46
125
139
68
95
37
105
104
190
14
34
148
49
19
123
171
138
169
145
84
176
158
115
41
134
119
144
178
197
133
94
142
13
147
121
165
118
71
48
0
126
26
114
149
139
102
197
187
15
91
24
119
52
110
48
26
149
102
132
104
140
76
38
93
194
32
0
103
169
112
59
71
189
65
85
93
193
69
53
39
89
0
140
117
133
78
122
68
125
105
0
190
33
81
70
187
89
50
19
126
186
165
98
109
143
157
17
78
94
109
142
43
95
128
154
82
95
76
95
60
163
11
134
96
160
104
56
107
55
51
39
133
29
88
13
187
73
114
58
37
191
64
11
20
153
138
133
26
197
114
90
133
98
65
114
177
20
165
98
49
103
84
42
194
24
103
192
29
150
46
11
158
0
164
66
141
152
71
146
57
45
158
94
36
70
159
89
105
0
20
31
106
53
129
25
88
173
117
32
133
195
99
121
149
108
180
158
19
63
18
133
90
153
11
17
76
68
80
174
100
55
0
171
66
38
152
96
178
25
158
175
153
162
149
191
22
161
124
154
105
114
104
113
171
62
61
110
161
71
65
166
110
100
81
162
171
164
147
24
0
192
103
82
189
17
194
185
77
81
72
108
91
93
117
186
102
136
81
192
191
107
158
69
15
119
111
111
187
85
78
44
102
173
146
73
0
44
116
165
142
185
76
31
182
13
29
13
105
58
57
117
164
132
122
46
196
109
175
80
38
53
87
17
45
0
156
140
154
37
159
85
20
36
13
135
45
53
195
78
118
33
35
72
121
79
114
181
145
112
61
104
183
46
8
158
54
189
42
28
84
34
49
45
13
168
109
120
141
153
100
104
179
0
110
0
12
183
154
167
162
141
29
35
178
150
109
47
141
46
0
23
141
126
83
154
59
183
106
78
113
86
171
79
17
142
145
79
152
176
13
56
99
87
107
189
140
168
171
110
33
96
79
122
54
0
196
31
84
182
151
157
110
175
125
96
47
76
31
20
90
62
192
115
56
60
52
138
96
169
54
122
38
27
118
114
165
92
142
83
0
105
40
73
23
160
62
55
192
150
53
183
77
38
174
29
164
94
50
54
43
52
106
13
31
54
0
177
180
62
190
115
26
180
65
134
56
101
81
119
55
129
16
148
94
179
60
89
117
138
59
29
69
0
42
19
194
163
178
21
107
135
40
122
192
178
127
38
0
155
67
45
26
169
92
0
24
154
86
20
94
60
58
115
51
176
91
113
50
94
23
184
21
179
0
58
72
8
60
131
132
77
96
156
68
50
62
140
191
45
72
9
26
79
131
140
153
25
41
123
58
181
91
32
183
183
184
174
126
186
198
107
78
175
36
49
56
184
9
79
192
10
141
173
126
148
0
85
53
125
55
20
8
178
17
159
100
94
190
163
70
100
72
124
145
93
138
39
148
134
57
60
194
0
138
19
79
100
124
184
52
151
98
144
158
179
192
139
136
77
190
156
43
9
198
35
144
100
86
35
34
65
67
127
53
176
114
95
0
53
148
58
161
44
125
29
33
107
0
78
120
30
172
21
43
47
188
162
176
47
158
9
151
149
57
148
114
89
194
112
59
16
101
199
8
111
86
172
165
179
113
22
127
31
100
67
160
176
110
174
84
90
44
92
151
198
48
103
65
163
182
133
71
112
13
83
46
188
70
163
46
92
133
118
114
35
81
114
120
73
9
35
17
138
68
24
142
15
77
133
12
82
186
158
135
114
71
163
183
59
0
54
168
71
176
9
196
47
104
45
37
165
136
142
140
0
124
162
136
13
59
48
146
138
81
197
142
154
144
161
61
148
66
176
23
169
190
13
65
86
140
137
124
138
94
185
171
110
124
0
65
148
150
13
148
88
166
0
10
12
82
58
158
136
149
118
159
198
83
69
190
84
74
33
50
138
33
162
25
115
110
132
0
136
18
184
64
72
90
79
54
132
139
179
142
182
160
76
164
26
43
117
22
117
190
74
121
174
0
195
15
123
122
73
119
69
147
166
130
28
132
193
197
197
149
62
80
91
97
140
185
24
178
48
38
13
179
184
157
70
28
169
42
84
60
113
69
110
94
25
140
10
18
162
196
60
103
0
168
113
129
141
68
182
141
140
65
169
22
149
132
113
171
17
117
10
176
107
169
64
109
38
189
85
111
158
88
165
121
94
75
150
143
81
21
0
74
0
107
164
83
136
65
193
175
53
68
135
195
194
136
0
182
178
102
49
112
192
91
20
154
27
76
29
101
124
136
108
123
84
73
51
174
19
72
131
0
51
180
81
65
67
143
79
188
31
77
67
177
135
0
180
22
18
23
51
160
179
105
70
167
152
14
41
82
98
124
19
138
182
184
35
198
33
0
19
67
27
174
141
125
160
97
67
39
146
0
171
99
146
167
126
126
52
87
106
181
0
171
149
146
145
141
106
197
169
8
96
151
72
68
85
82
182
44
147
155
123
61
161
115
124
142
162
21
172
87
98
183
159
151
52
191
98
94
128
67
54
123
18
21
68
99
191
89
162
159
161
21
171
64
145
180
21
34
51
70
116
186
53
48
156
37
34
11
187
79
99
36
42
0
157
111
17
31
94
161
121
109
144
17
199
117
121
0
10
143
64
191
192
157
88
66
78
162
76
60
146
29
71
196
0
26
53
99
122
0
134
60
158
106
0
123
90
193
137
55
31
112
68
98
140
131
30
43
120
120
86
148
42
187
110
101
55
197
117
44
106
65
27
158
126
175
109
23
191
191
40
130
191
165
0
13
116
161
116
189
134
116
12
0
87
198
134
45
107
108
130
150
70
158
105
76
101
185
146
33
44
27
105
165
167
75
95
33912