129
32
159
31
5
102
85
61
139
59
98
157
90
101
131
132
156
140
123
107
172
190
54
44
101
139
195
44
56
35
52
4
9
136
157
137
143
54
47
132
126
6
48
28
163
106
89
127
131
195
100
48
144
54
159
82
169
61
9
74
29
177
176
162
36
157
173
106
74
174
5
9
161
191
132
106
50
130
48
178
111
104
71
45
0
97
111
128
56
142
48
185
11
35
183
26
70
75
26
176
0
108
67
130
56
93
0
75
147
175
4
40
108
16
58
78
111
171
119
83
108
84
19
189
77
190
101
120
139
30
56
62
181
12
140
112
95
123
39
35
179
152
72
14
70
151
72
152
185
160
86
30
187
193
166
50
151
101
13
111
25
0
99
121
165
184
189
9
58
181
93
174
93
30
129
71
161
64
62
117
51
189
182
198
15
9
141
20
22
196
99
156
22
42
175
82
126
78
121
33
196
70
130
152
198
79
163
120
33
96
182
116
0
77
20
159
173
98
44
175
150
63
77
138
52
51
128
92
61
57
165
43
51
80
57
165
73
30
97
85
154
84
141
44
61
76
124
148
9
86
175
167
97
27
29
134
197
89
163
133
5
61
181
108
161
95
6
65
66
111
64
17
183
21
192
157
181
102
185
81
191
99
139
16
69
75
152
83
36
144
99
146
0
159
181
23
28
153
61
160
46
71
91
112
6
50
18
139
77
184
120
35
43
59
155
86
86
59
33
174
159
132
148
161
185
50
152
161
110
0
130
94
112
169
8
31
105
117
23
104
48
157
12
14
57
50
195
45
127
104
45
26
32
96
146
69
93
66
107
69
172
161
66
176
109
161
56
162
149
84
99
170
114
41
50
93
92
102
201
0
148
196
120
156
141
0
57
30
115
124
97
8
35
96
31
136
160
139
122
28
168
0
50
164
112
9
166
52
98
65
83
79
122
125
45
191
175
123
141
153
13
58
136
190
93
113
159
171
61
28
64
58
89
72
17
9
13
112
108
73
37
24
179
25
92
143
89
40
6
26
131
154
130
122
17
90
167
23
61
189
33
31
63
143
16
47
114
71
6
186
151
85
123
111
148
52
119
140
40
35
139
137
85
101
116
72
155
176
156
112
133
27
175
184
146
192
176
48
155
49
198
100
124
118
38
26
0
157
126
50
133
131
74
117
193
158
135
150
16
157
186
46
59
95
100
52
191
96
133
24
143
186
25
8
150
64
59
36
69
70
45
92
141
12
145
26
162
161
23
178
157
93
196
86
100
97
0
149
79
180
147
91
98
152
148
188
162
183
38
170
198
116
153
63
148
123
139
172
44
179
137
71
181
179
21
195
194
197
16
185
129
55
197
101
64
166
34
60
20
125
19
40
135
108
109
62
181
36
68
71
12
126
65
26
85
139
83
11
43
150
152
196
111
182
73
185
133
80
40
178
167
161
6
18
85
72
149
109
45
154
119
182
108
55
98
141
27
0
144
98
0
47
79
41
118
12
121
5
110
146
81
140
96
141
43
76
74
30
166
56
104
66
58
158
10
43
192
86
20
174
0
66
0
178
31
195
49
46
123
91
38
71
89
189
75
149
182
185
172
112
188
92
49
111
95
11
48
156
95
25
139
36
75
75
146
93
6
9
197
176
97
159
121
29
173
82
60
22
139
190
165
172
162
27
141
197
171
9
108
24
28
168
10
31
88
74
163
138
96
140
70
45
136
175
50
7
8
125
49
0
77
90
0
172
84
180
79
58
50
179
185
89
107
105
13
32
5
174
43
7
160
34
40
81
148
117
96
89
175
108
29
33
170
56
137
142
174
96
85
31
80
182
100
93
183
143
63
196
94
196
101
30
170
62
190
49
57
14
124
151
85
107
95
108
52
28
187
197
197
117
169
83
17
14
95
158
84
175
156
94
47
168
188
160
0
148
196
193
147
166
91
93
6
132
46
79
152
40
150
12
85
182
175
120
9
167
80
66
159
131
66
139
43
46
6
39
166
25
88
84
150
97
82
191
63
61
46
71
98
176
117
0
9
175
36
82
100
165
153
155
115
73
99
142
64
17
6
151
199
112
164
150
102
43
196
177
107
49
85
143
71
152
123
103
93
109
60
126
86
11
80
23
140
5
51
140
25
135
0
19
179
29
12
29
190
55
45
8
95
124
101
163
177
20
70
138
134
106
59
39
98
70
96
72
183
49
88
185
145
57
105
86
38
133
158
146
44
162
193
38
30
187
74
41
156
191
193
101
7
164
156
98
142
98
61
20
42
0
91
138816