102
0
0
94
93
212
0
162
90
253
0
0
0
0
182
0
111
89
259
0
0
83
203
0
0
156
111
143
0
193
120
186
0
150
0
223
0
153
279
0
0
0
116
127
100
196
127
0
144
136
134
199
356
0
0
0
124
118
176
153
151
0
136
0
104
89
186
0
160
199
191
204
0
125
0
203
0
148
158
0
281
0
0
199
238
0
0
0
0
170
111
181
196
0
135
120
111
0
177
164
0
123
167
0
203
0
215
0
219
0
192
153
140
112
0
178
195
0
0
96
193
164
304
0
0
97
82
232
0
164
158
94
219
0
0
152
387
0
0
0
0
165
0
287
0
0
220
0
0
100
134
0
170
0
89
194
158
0
177
0
133
150
185
0
0
164
123
156
180
184
141
261
0
116
182
159
0
182
92
187
119
178
221
0
0
107
188
132
163
158
165
0
260
0
0
0
292
0
0
0
170
78
174
204
0
0
0
99
147
185
131
193
164
188
118
187
0
150
0
235
0
282
0
0
0
0
0
181
159
189
378
0
0
0
218
0
220
0
172
0
0
300
0
0
0
117
0
0
165
0
119
239
0
88
172
0
244
0
107
173
0
123
100
122
0
0
165
211
0
168
0
242
0
0
96
279
0
0
0
0
193
0
0
108
183
254
0
0
179
178
140
133
99
0
199
157
0
312
0
0
0
0
0
234
0
0
0
130
164
114
123
303
0
0
0
144
87
161
0
181
181
174
0
111
0
91
164
0
105
145
157
111
291
0
0
160
154
0
0
174
103
0
186
178
81
135
126
212
0
234
0
123
0
120
217
0
117
205
0
107
0
108
0
198
82
174
0
0
158
117
136
183
129
196
0
0
0
177
0
0
86
223
0
118
121
110
250
0
199
0
85
269
0
0
126
87
107
91
140
0
150
0
170
151
114
307
0
0
193
194
0
0
133
239
0
197
0
143
0
182
0
0
108
0
0
166
0
183
0
0
213
0
119
0
201
0
169
88
84
168
99
0
193
168
163
478
0
0
0
0
0
0
107
187
112
152
185
123
0
225
0
164
0
167
218
0
157
0
171
221
0
0
0
0
100
184
0
162
87
163
138
109
187
0
154
0
135
0
155
112
108
83
166
199
182
0
127
228
0
149
206
0
104
191
0
106
193
189
0
105
84
182
0
145
114
165
167
0
179
179
236
0
132
183
199
0
93
170
90
184
185
124
166
88
119
185
173
153
0
0
179
310
0
0
0
116
149
0
215
0
197
0
167
144
141
0
136
241
0
0
92
191
162
166
167
117
204
0
297
0
0
221
0
0
191
0
211
0
0
0
192
113
172
167
81
162
191
0
86
192
148
0
199
82
96
128
115
78
163
0
81
102
126
0
144
97
240
0
0
0
163
0
256
0
0
184
0
226
0
0
0
81
257
0
0
0
199
270
0
0
0
185
0
0
299
0
0
191
0
0
178
0
165
143
150
141
0
156
223
0
0
0
256
0
0
0
156
82
281
0
0
229
0
126
0
178
115
0
195
182
254
0
189
0
166
0
190
0
0
0
132
84
104
126
129
181
0
0
244
0
262
0
197
120
110
174
0
107
177
93
133
94
143
110
0
177
0
198
140
0
287
0
0
158
0
163
0
182
80
94
239
0
0
168
0
0
113
0
284
0
0
0
0
78
116
244
0
0
0
136
0
189
0
0
172
169
168
0
190
189
0
110
182
0
114
121
152
0
166
127
89
135
0
253
0
0
231
0
0
162
164
148
159
164
219
0
167
0
0
94
161
197
0
115
111
179
185
0
142
193
0
0
127
185
0
158
114
90
180
85
0
104
138
108
0
215
0
0
129
112
295
0
0
188
0
137
173
0
0
185
0
121
274
0
0
169
171
124
194
0
0
263
0
0
186
0
0
0
0
85
195
166
158
136
156
234
0
245
0
0
111
276
0
0
0
192
0
143
175
0
0
187
0
0
0
92
147
0
237
0
157
89
138
160
267
0
0
0
262
0
0
125
0
135
141
0
84
190
146
272
0
0
142
0
199
119
0
96
122
0
178
199
103
92
197
0
194
0
0
0
79
147
260
0
0
194
140
171
0
0
0
121
148
0
0
0
168
161
0
0
0
0
141
160
109
239
0
0
0
0
291
0
0
0
0
0
144
144
99
115
0
195
133
166
194
254
0
203
0
145
216
0
0
0
106
256
0
128
0
177
308
0
0
243
0
134
192
86
157
94
201
0
0
0
113
189
194
179
224
0
90
148
125
115
134
114
187
157
141
80
152
0
0
305
0
0
0
0
102
0
273
0
0
137
198
88
140
182
0
146
134
124
0
97
187
148
0
97
0
152
167
188
196
169
184
143
104
194
137
0
125
128
112
81
185
150
0
177
0
0
259
0
0
247
0
0
0
103
251
0
0
149
0
93
141
186
149
172
125
144
168
0
151
141
198
200
0
215
0
0
0
169
142
177
0
192
0
0
144
84
195
189
0
214
0
157
103
187
86
175
0
142
0
122
163
159
241
0
0
108
0
138
279
0
0
98
150
0
136
100
285
0
0
192
0
0
138
273
0
0
316
0
0
0
150
136
232
0
188
82
82
119
145
0
305
0
0
187
138
0
0
175
0
0
0
177
111
152
232
0
0
223
0
0
196
178
163
204
0
267
0
0
257
0
103
237
0
0
187
0
188
110
218
0
275
0
0
0
0
272
0
0
99
145
156
0
0
161
0
123
0
255
0
125
155
85
202
0
215
0
0
0
0
0
294
0
0
147
186
256
0
0
157
0
105
216
0
117
171
196
168
81
176
151
0
131
0
375
0
0
0
0
193
0
78
142
0
143
145
157
114
188
0
254
0
0
240
0
149
0
300
0
0
91
106
128
177
143
122
0
147
0
185
86
187
146
0
0
170
173
145
0
173
199
193
0
144
0
161
114
189
180
0
0
233
0
0
190
0
164
0
198
97
224
0
184
0
87
150
93
108
115
169
0
79
148
0
0
112
182
138
218
0
164
146
187
0
180
127
0
86
96
141
0
176
184
0
125
0
0
198
0
332
0
0
0
0
0
481
0
0
0
0
0
0
105
116
117
0
274
0
0
181
0
149
170
0
0
272
0
0
0
165
0
165
0
92
111
90
154
143
224
0
0
132
107
139
125
148
0
238
0
0
240
0
0
0
134
124
0
189
98
130
269
0
0
219
0
98
107
123
0
178
0
137
107
248
0
0
0
94
142
122
125
115
383
0
0
0
0
0
245
0
0
0
183
0
187
0
121
170
0
195
0
174
0
84
136
0
253
0
184
181
175
186
187
181
149
0
0
125
179
150
249
0
0
206
0
0
260
0
191
0
179
173
175
180
0
199
0
136
80
244
0
0
86
184
0
162
157
0
221
0
145
158
273
0
0
119
151
0
110
144
0
152
0
174
0
106
185
0
195
0
247
0
158
140
0
138
0
217
0
119
82
161
211
0
176
109
0
285
0
0
0
0
0
152
0
172
230
0
0
186
0
0
117
92
151
131
122
160
115
0
113
0
0
0
114
83
299
0
0
0
0
179
85
83
262
0
0
0
195
223
0
189
213
0
0
0
231
0
150
191
0
187
123
102
0
123
0
81
123
164
0
0
97
0
182
162
173
172
85
153
128
144
0
79
144
0
108
195
129
144
0
167
262
0
0
252
0
207
0
0
0
142
150
170
0
114
244
0
94
147
120
0
142
219
0
231
0
245
0
0
149
0
191
0
196
241
0
0
181
0
103
140
155
0
241
0
192
177
0
173
170
82
103
141
0
129
199
99
0
138
0
288
0
0
0
0
0
111
126
167
185
173
156
0
109
144
100
249
0
0
143
113
86
117
189
253
0
81
151
178
201
0
262
0
0
0
180
0
160
190
0
0
199
351
0
0
0
0
0
0
0
0
172
272
0
0
0
0
115
98
131
0
89
292
0
0
272
0
0
96
116
182
207
0
220
0
0
345
0
0
0
152
0
169
193
128
185
0
0
254
0
0
248
0
0
141
164
162
120
176
0
117
0
120
272
0
0
0
94
170
236
0
0
169
101
88
196
149
124
186
0
0
0
134
0
183
0
0
215
0
150
0
156
97
104
0
164
0
103
110
119
127
164
0
0
120
170
0
317
0
0
0
0
85
127
153
174
100
157
156
173
129
157
0
168
171
158
96
89
113
0
156
0
123
108
151
238
0
144
0
0
129
103
181
85
160
0
183
0
0
106
151
169
0
241
0
0
166
193
0
0
0
156
0
102
180
0
224
0
168
156
97
154
0
94
0
100
0
121
0
231
0
0
0
160
0
149
0
191
141
80
268
0
0
196
0
158
0
90
192
0
114
93
182
103
81
144
131
85
173
283
0
0
0
138
0
79
174
0
242
0
260
0
169
0
122
298
0
0
192
130
107
214
0
115
262
0
0
364
0
0
0
0
166
0
247
0
0
462
0
0
0
0
0
0
0
213
0
122
112
188
187
169
173
150
156
175
0
138
123
210
0
0
169
106
95
207
0
104
0
177
0
155
0
147
0
0
172
123
90
85
148
0
192
0
160
0
0
268
0
0
143
173
0
238
0
84
128
91
92
198
96
88
139
83
208
0
90
130
160
0
0
132
212
0
0
144
174
108
236
0
0
0
167
0
81
102
137
84
239
0
167
183
190
0
81
191
243
0
0
0
235
0
143
107
0
143
127
0
149
185
200
0
115
180
110
180
0
0
0
137
0
0
157
228
0
191
119
0
173
164
181
90
232
0
93
108
131
159
127
0
144
0
179
145
172
0
545
0
0
0
0
0
0
114
134
0
163
261
0
198
199
0
0
168
0
120
193
133
216
0
0
0
151
0
85
174
82
277
0
0
175
80
187
125
109
79
126
91
237
0
0
169
137
90
138
0
79
129
134
127
0
160
116
104
172
167
189
0
131
81
197
0
164
0
122
222
0
230
0
113
0
307
0
0
167
142
0
210
0
0
144
321
0
0
0
247
0
0
218
0
152
168
94
207
0
218
0
172
83
141
141
139
204
0
0
180
243
0
0
0
87
103
147
120
269
0
0
0
0
0
286
0
0
115
165
189
0
0
186
130
177
0
98
138
137
197
0
115
128
0
184
286
0
0
180
152
139
0
230
0
175
170
138
99
124
95
195
0
0
121
131
153
147
325
0
0
0
0
158
286
0
0
0
142
113
0
126
188
181
0
233
0
0
184
211
0
179
175
0
170
93
339
0
0
0
0
154
0
165
0
190
186
168
206
0
0
196
163
0
143
163
0
0
199
0
170
0
370
0
0
0
0
0
143
0
178
0
103
177
162
0
240
0
177
204
0
193
120
199
171
118
110
188
166
0
101
136
0
398
0
0
0
0
215
0
238
0
0
0
227
0
92
177
189
114
128
0
130
0
216
0
159
0
0
78
171
0
88
146
0
124
98
167
0
300
0
0
0
0
0
137
187
165
183
185
98
150
156
94
118
401
0
0
0
0
0
118
190
0
114
0
111
130
225
0
133
157
252
0
135
96
155
90
259
0
0
0
137
103
209
0
0
0
81
247
0
0
146
153
167
177
123
110
159
0
94
108
195
180
144
0
216
0
193
175
144
0
121
173
0
0
0
153
323
0
0
0
195
0
127
122
166
116
0
249
0
133
211
0
109
113
190
0
178
149
116
219
0
189
185
96
126
101
190
154
107
140
107
126
198
0
114
0
153
190
0
0
140
166
0
0
162
0
128
0
229
0
0
0
83
200
0
197
190
478
0
0
0
0
0
161
184
100
158
88
164
207
0
191
0
161
247
0
0
144
121
100
90
115
0
0
81
107
96
135
0
182
0
0
235
0
0
0
204
0
0
188
145
0
0
0
169
91
0
91
98
170
133
135
0
187
0
122
150
166
176
157
170
167
163
97
105
96
0
170
135
193
147
0
91
102
181
171
0
238
0
161
98
0
236
0
0
0
105
214
0
161
136
220
0
0
195
112
210
0
0
80
141
144
0
186
0
118
0
154
212
0
0
106
0
242
0
0
104
197
100
190
113
283
0
0
0
157
0
154
0
176
0
199
0
162
119
194
0
166
0
240
0
0
0
0
163
143
179
0
0
185
85
195
119
141
193
187
289
0
0
109
190
255
0
0
153
137
158
0
127
172
94
158
202
0
385
0
0
0
0
88
199
268
0
93
194
0
145
170
241
0
0
0
179
176
112
172
0
0
169
212
0
185
215
0
0
0
109
216
0
199
176
84
125
154
104
103
129
97
115
0
117
130
137
0
120
0
291
0
0
0
108
158
176
0
100
127
139
0
95
196
0
168
0
246
0
143
130
118
243
0
0
86
185
0
280
0
0
0
209
0
191
239
0
196
288
0
0
0
0
109
107
78
223
0
0
128
0
112
178
141
179
180
132
252
0
0
166
175
187
172
130
364
0
0
0
0
0
124
145
0
0
192
0
153
85
90
174
144
255
0
0
185
127
233
0
0
114
178
202
0
195
94
107
95
85
102
215
0
0
0
184
0
129
159
135
0
163
0
155
0
112
303
0
0
0
118
201
0
138
163
138
0
179
146
0
219
0
154
0
0
177
150
0
0
104
95
123
0
269
0
0
0
187
185
0
174
136
115
176
0
182
108
183
175
117
137
0
104
185
172
0
151
126
0
158
228
0
0
0
91
0
309
0
0
0
0
193
191
126
95
121
192
0
190
0
194
217
0
233
0
121
141
156
138
197
0
0
177
289
0
0
322
0
0
0
0
104
0
137
150
0
0
131
148
163
0
207
0
0
179
0
0
161
0
145
0
179
0
0
196
125
86
173
163
239
0
0
206
0
0
0
170
0
253
0
188
173
88
243
0
0
192
90
128
183
0
173
120
121
98
100
130
86
95
93
175
154
148
180
232
0
0
94
216
0
173
0
0
0
0
182
101
107
107
109
101
0
111
88
150
0
165
0
181
0
147
133
163
145
87
123
126
250
0
146
121
0
223
0
0
170
0
151
86
184
167
173
248
0
0
0
154
0
0
269
0
0
157
178
98
193
101
138
109
0
126
280
0
0
0
0
252
0
0
0
101
207
0
221
0
101
85
198
0
118
221
0
0
88
113
0
81
255
0
99
151
130
274
0
0
103
204
0
159
214
0
0
0
102
138
360
0
0
0
0
0
273
0
240
0
195
140
250
0
0
177
164
96
0
176
99
199
256
0
0
269
0
0
0
107
200
0
118
87
0
114
0
0
0
184
0
169
84
121
166
203
0
80
178
0
0
0
151
189
191
115
164
209
0
157
173
0
112
144
195
126
139
178
157
94
174
235
0
174
128
186
0
149
0
89
147
0
0
103
123
0
129
165
0
0
0
125
92
0
115
182
0
0
0
87
194
116
83
129
0
153
106
111
0
170
0
292
0
0
0
170
199
0
0
0
114
121
184
121
113
295
0
0
0
0
185
81
219
0
180
190
150
111
175
178
0
0
130
116
191
173
0
0
0
260
0
0
0
127
105
153
0
121
172
0
157
0
92
148
192
123
133
151
187
197
0
171
140
0
104
141
219
0
173
0
157
0
121
0
177
127
0
175
0
0
147
0
122
82
109
180
193
165
194
215
0
0
0
0
196
133
167
169
0
103
83
227
0
0
257
0
173
0
269
0
0
159
0
164
109
127
79
206
0
0
0
187
119
116
255
0
0
160
139
183
0
278
0
0
130
89
131
143
0
125
115
0
189
94
268
0
0
109
140
0
0
127
419
0
0
0
0
0
0
250
0
0
116
181
199
298
0
0
0
177
120
225
0
0
179
108
0
89
158
262
0
0
0
152
176
147
0
152
165
169
253
0
0
0
208
0
116
174
118
118
0
146
176
144
184
0
167
0
182
0
0
111
223
0
0
108
221
0
0
0
211
0
117
111
139
0
142
204
0
104
137
182
0
179
0
0
185
0
178
109
190
193
132
307
0
0
114
86
153
177
288
0
0
0
0
0
0
250
0
79
97
190
0
106
163
0
0
96
164
83
228
0
87
180
169
178
292
0
0
164
0
245
0
174
282
0
0
174
214
0
0
121
0
0
99
243
0
0
0
134
235
0
92
120
132
164
102
142
98
106
106
134
177
179
180
0
239
0
0
0
0
134
167
0
99
178
0
137
202
0
0
148
133
212
0
153
84
0
118
0
198
197
0
84
274
0
0
132
183
163
202
0
255
0
173
0
156
0
179
178
205
0
159
215
0
0
105
193
207
0
233
0
0
176
105
0
268
0
0
196
126
244
0
170
256
0
0
99
163
193
122
195
109
0
169
0
184
228
0
187
0
0
277
0
0
185
138
191
161
93
119
119
191
131
125
133
103
158
78
116
176
191
0
0
0
186
78
182
181
0
0
0
130
99
137
227
0
0
220
0
0
154
0
192
191
140
115
159
111
81
242
0
96
135
126
0
248
0
103
145
197
272
0
0
193
127
127
0
0
172
156
0
0
163
0
165
97
164
85
133
136
0
114
186
0
91
136
208
0
154
0
177
0
103
206
0
155
88
113
160
159
101
237
0
169
169
0
97
152
0
184
235
0
214
0
179
0
98
157
124
91
253
0
0
0
136
136
124
115
184
0
233
0
0
107
155
187
0
191
151
109
94
0
164
162
0
171
230
0
0
0
0
230
0
0
127
416
0
0
0
0
0
0
0
82
120
0
319
0
0
0
0
247
0
0
157
92
160
134
178
148
287
0
0
142
180
118
150
122
196
0
158
106
198
114
177
185
87
161
159
0
145
176
174
99
0
181
107
0
241
0
163
0
0
0
206
0
0
140
122
95
200
0
114
159
258
0
0
0
202
0
0
150
164
0
0
124
92
107
226
0
0
178
0
99
240
0
0
162
195
0
0
0
0
192
0
0
102
231
0
247
0
0
0
93
182
186
113
208
0
0
0
132
0
0
125
190
0
0
184
123
147
0
88
93
166
0
0
91
0
102
334
0
0
0
161
148
83
162
131
253
0
0
99
198
0
0
158
0
169
180
106
181
247
0
0
151
197
182
0
105
162
166
152
189
0
0
126
233
0
140
179
0
0
120
109
129
184
221
0
186
208
0
212
0
0
205
0
0
0
0
143
146
0
144
109
244
0
151
154
0
118
101
187
165
151
119
0
111
155
155
325
0
0
0
88
176
118
133
189
0
0
0
98
178
231
0
116
174
99
84
181
185
165
191
247
0
0
173
92
157
0
108
241
0
192
0
124
0
203
0
168
0
194
210
0
0
174
0
0
248
0
164
169
0
129
112
152
112
183
234
0
0
0
229
0
0
214
0
179
0
199
124
179
0
0
204
0
0
0
189
168
178
0
101
209
0
87
107
162
111
178
125
178
154
0
331
0
0
0
0
178
282
0
0
0
298
0
0
0
111
0
116
227
0
0
105
169
0
193
0
0
100
167
152
90
136
98
202
0
196
87
166
147
132
120
179
171
97
173
0
0
220
0
119
156
107
190
0
338
0
0
0
0
198
0
87
193
0
0
317
0
0
0
105
161
108
84
126
236
0
0
95
184
0
0
140
137
199
0
244
0
178
140
217
0
0
128
192
147
0
220
0
0
0
142
199
0
0
112
106
112
227
0
0
135
0
142
78
104
174
175
0
193
308
0
0
0
0
0
156
0
118
0
170
144
170
0
0
0
134
175
222
0
0
267
0
0
139
101
0
117
199
199
0
0
207
0
0
0
194
107
114
173
143
157
210
0
143
82
169
0
173
0
186
135
0
183
145
0
181
0
0
148
284
0
0
0
173
0
0
136
83
260
0
188
0
121
151
87
104
266
0
191
0
0
0
124
0
266
0
0
196
120
0
0
95
214
0
130
154
147
107
182
195
182
0
0
112
195
181
0
152
0
130
0
0
0
0
87
98
216
0
118
101
183
178
177
183
0
98
188
84
175
159
132
0
164
167
178
0
0
178
190
145
184
117
142
0
0
164
99
93
136
302
0
0
0
168
0
124
208
0
197
0
0
0
151
86
210
0
145
219
0
0
124
0
153
99
179
0
193
149
121
137
126
135
191
221
0
79
149
0
157
124
153
195
165
153
0
137
141
0
269
0
0
0
149
0
220
0
169
0
0
130
123
81
157
98
146
239
0
133
106
94
281
0
0
135
0
80
217
0
0
0
190
0
177
202
0
185
213
0
151
142
0
0
182
145
174
0
175
163
0
144
172
0
100
187
0
98
170
152
0
233
0
0
0
0
186
145
0
250
0
89
159
171
0
192
167
125
122
116
0
102
172
0
0
154
0
92
162
175
0
191
0
121
182
0
109
114
177
233
0
0
0
190
192
0
177
114
98
0
130
194
141
180
256
0
0
145
269
0
0
185
174
229
0
0
0
0
123
210
0
108
137
0
240
0
0
0
122
190
0
84
185
79
174
130
0
141
0
140
199
119
130
0
199
0
237
0
192
166
105
169
214
0
0
164
227
0
184
128
323
0
0
0
109
293
0
0
0
156
0
184
0
220
0
144
0
157
79
126
120
236
0
117
224
0
157
187
170
184
0
79
96
95
99
245
0
166
153
113
109
187
0
0
80
104
160
104
129
113
185
0
210
0
233
0
0
178
171
237
0
0
186
0
117
130
0
98
121
0
115
115
117
256
0
0
98
195
0
0
124
177
0
120
188
0
204
0
151
123
164
0
0
80
135
0
196
0
248
0
138
175
162
193
0
244
0
0
0
229
0
141
0
146
198
145
0
124
186
189
0
0
132
0
200
0
137
164
0
150
136
0
240
0
83
196
197
129
0
144
159
0
183
168
0
163
0
116
133
100
107
0
185
89
85
194
154
112
203
0
0
0
104
182
0
83
153
246
0
0
0
128
0
100
0
171
200
0
129
0
132
0
120
205
0
174
179
82
146
195
0
108
218
0
0
105
124
0
153
80
145
173
162
196
0
170
144
232
0
0
0
218
0
113
186
179
79
256
0
194
137
153
0
0
173
312
0
0
0
0
159
0
153
209
0
84
0
308
0
0
0
0
159
144
239
0
0
0
0
347
0
0
0
200
0
0
0
201
0
114
204
0
133
0
80
138
246
0
0
179
121
0
282
0
0
0
142
136
145
127
0
83
110
184
177
0
144
192
313
0
0
140
133
138
186
107
262
0
0
155
0
102
186
0
180
147
0
309
0
0
109
127
0
133
113
0
151
0
183
111
107
191
107
101
0
192
0
151
0
92
101
89
220
0
0
169
108
121
190
0
213
0
0
162
0
103
225
0
142
0
81
93
152
0
141
100
154
233
0
0
141
108
83
220
0
0
249
0
194
78
160
186
0
82
173
133
0
0
160
154
0
167
157
117
144
210
0
0
159
0
192
155
104
114
202
0
170
127
395
0
0
0
0
187
352
0
0
0
0
0
79
188
102
253
0
122
98
162
90
171
0
0
220
0
88
129
81
147
142
113
141
133
80
147
91
148
273
0
0
133
274
0
0
111
185
112
324
0
0
0
0
193
93
125
117
0
249
0
0
0
178
0
108
0
236
0
0
167
93
150
163
0
197
196
191
122
130
97
209
0
120
0
99
207
0
0
145
174
152
0
102
151
0
185
183
209
0
170
0
147
0
184
0
113
171
198
106
350
0
0
0
198
256
0
0
138
177
103
188
217
0
109
158
109
162
174
111
259
0
0
0
340
0
0
0
115
363
0
0
0
0
129
124
0
89
139
144
307
0
0
0
0
0
0
198
0
0
191
0
0
144
142
337
0
0
143
114
228
0
186
79
159
91
127
172
283
0
0
95
83
131
0
135
103
155
203
0
0
0
151
141
183
254
0
0
121
0
0
143
105
155
125
145
152
257
0
281
0
0
0
313
0
0
0
127
107
341
0
0
0
0
0
0
187
183
0
320
0
0
0
0
242
0
179
0
0
218
0
0
125
196
177
86
119
161
0
314
0
0
205
0
0
111
124
0
211
0
140
0
0
216
0
155
90
0
185
0
0
117
194
0
82
234
0
159
101
135
206
0
82
205
0
0
184
198
274
0
0
0
187
184
214
0
168
0
141
129
112
129
120
0
179
0
185
157
0
0
0
130
0
135
86
82
152
0
198
0
182
135
132
127
0
152
184
146
185
0
209
0
0
0
84
158
257
0
0
0
196
0
0
148
106
203
0
101
254
0
0
216
0
0
181
0
179
119
100
146
293
0
0
0
192
0
189
152
0
210
0
311
0
0
0
232
0
161
0
90
181
0
0
185
198
0
198
128
0
118
0
202
0
180
112
0
113
0
241
0
245
0
0
199
0
176
0
177
178
0
133
269
0
0
0
0
0
173
135
0
0
163
194
0
166
130
261
0
0
124
195
181
196
161
0
132
177
188
179
249
0
168
223
0
0
0
82
197
105
0
87
127
0
248
0
0
136
90
174
196
141
134
167
183
0
266
0
0
0
0
176
181
0
0
111
164
124
187
181
113
0
133
196
0
0
83
152
100
0
173
0
83
109
0
86
130
188
178
120
127
0
124
141
188
237
0
161
91
180
124
173
137
0
171
184
233
0
0
129
209
0
0
150
215
0
210
0
0
187
0
92
105
218
0
279
0
0
0
149
157
0
153
0
0
102
159
111
210
0
0
170
0
138
162
0
133
84
117
0
135
0
147
186
87
162
0
88
114
0
0
206
0
188
0
0
129
0
271
0
0
192
113
0
138
102
121
130
141
0
138
0
226
0
0
292
0
0
167
0
129
230
0
134
0
268
0
0
101
91
147
197
0
160
111
110
0
194
0
186
303
0
0
141
84
192
95
139
172
127
192
86
149
263
0
116
256
0
0
0
175
0
0
169
0
0
221
0
194
0
155
0
174
107
180
222
0
187
193
111
270
0
0
0
231
0
0
100
193
127
225
0
0
0
160
135
143
150
0
101
241
0
0
0
122
181
0
97
136
0
0
152
0
0
208
0
180
161
288
0
0
154
168
108
0
137
130
0
246
0
0
129
193
182
88
334
0
0
0
0
0
210
0
88
226
0
196
0
120
0
0
181
158
189
0
206
0
160
177
198
0
105
0
82
122
0
140
136
93
184
0
170
139
146
0
101
98
108
101
141
201
0
174
397
0
0
0
0
0
86
194
145
207
0
90
78
176
0
148
108
116
103
168
140
185
159
241
0
179
0
184
0
162
201
0
170
113
0
134
104
148
281
0
0
0
0
183
97
169
223
0
0
229
0
151
153
114
229
0
125
271
0
0
0
189
251
0
173
98
106
111
170
118
0
86
293
0
0
0
174
124
224
0
94
100
174
0
280
0
0
139
0
0
111
169
80
87
242
0
0
186
164
109
190
149
167
119
153
0
127
161
0
0
100
122
125
84
89
173
178
0
0
194
165
141
423
0
0
0
0
0
0
131
168
0
219
0
194
0
0
0
0
115
218
0
259
0
148
188
0
132
189
208
0
0
0
113
115
176
185
173
0
226
0
0
0
246
0
0
0
0
205
0
196
0
0
152
146
78
120
128
167
0
199
0
156
0
210
0
124
142
112
162
195
161
367
0
0
0
0
0
0
83
272
0
0
154
90
155
222
0
142
248
0
175
99
133
92
134
0
0
152
125
0
150
274
0
0
0
231
0
140
135
0
0
198
122
146
132
0
137
179
128
112
109
0
154
0
181
177
0
253
0
0
172
0
0
113
249
0
190
147
0
91
228
0
0
134
0
192
0
0
93
137
0
195
219
0
153
133
189
96
192
149
0
165
0
0
150
165
183
153
151
178
188
195
153
205
0
0
105
139
0
172
285
0
0
0
139
161
105
324
0
0
221
0
154
134
147
0
246
0
215
0
97
83
190
0
0
0
0
0
230
0
0
0
191
94
136
483
0
0
0
0
0
0
120
230
0
91
188
108
0
192
247
0
175
160
0
184
157
0
136
0
0
187
0
179
124
0
111
91
0
211
0
0
144
0
110
210
0
0
93
98
212
0
0
116
142
181
156
140
161
143
142
238
0
165
198
84
117
0
201
0
130
0
183
180
87
125
129
131
159
0
0
182
0
85
101
170
170
117
123
253
0
181
125
177
0
0
121
179
170
310
0
0
216
0
0
154
196
0
0
135
108
188
199
0
119
0
274
0
0
0
124
169
0
228
0
0
146
0
126
246
0
0
81
128
180
121
106
227
0
0
165
105
98
105
143
155
0
246
0
176
169
146
251
0
0
0
0
139
99
120
127
0
80
147
166
186
118
225
0
88
177
0
189
157
88
183
247
0
130
111
115
104
229
0
0
196
138
173
144
104
192
0
0
0
118
90
198
172
178
134
197
81
215
0
194
167
146
0
180
0
141
0
246
0
0
0
0
88
170
0
172
0
0
113
135
193
198
81
150
131
136
0
210
0
143
0
152
90
123
260
0
114
92
108
109
91
170
93
85
255
0
113
0
180
133
0
121
0
0
93
182
0
186
168
112
216
0
0
182
0
0
195
0
98
123
320
0
0
0
0
163
0
0
177
0
0
0
83
205
0
0
199
0
89
118
0
178
0
105
0
181
212
0
104
123
99
95
146
116
90
222
0
165
91
127
197
131
200
0
117
0
219
0
0
185
0
0
150
243
0
0
0
193
0
0
188
0
0
131
126
138
150
0
187
0
0
148
0
142
212
0
0
155
0
191
0
0
161
236
0
99
151
0
217
0
180
182
118
112
192
0
221
0
181
113
178
141
185
0
195
296
0
0
179
205
0
0
145
0
226
0
120
0
166
163
159
88
117
143
0
108
0
187
80
182
197
161
114
149
91
153
152
0
123
174
216
0
338
0
0
0
0
0
330
0
0
0
0
189
168
198
190
0
129
237
0
0
91
329
0
0
0
0
103
111
0
0
143
107
0
329
0
0
0
0
156
0
219
0
0
94
175
0
127
148
0
85
307
0
0
95
86
263
0
0
153
93
0
118
286
0
0
0
140
0
158
176
0
255
0
117
343
0
0
0
187
104
244
0
94
233
0
0
196
0
0
178
122
179
169
123
131
144
142
197
271
0
0
0
163
0
164
235
0
0
196
139
0
105
178
237
0
146
137
184
103
110
105
146
152
0
0
94
168
128
187
0
199
0
138
111
94
143
0
209
0
0
0
102
0
176
0
134
103
127
223
0
0
192
196
124
0
286
0
0
0
100
259
0
0
81
164
0
303
0
0
0
190
113
87
179
190
203
0
0
176
249
0
0
0
198
0
0
189
0
158
101
133
167
0
101
135
155
413
0
0
0
0
0
140
224
0
0
194
120
198
182
179
214
0
0
140
0
146
123
100
160
0
153
168
0
168
0
179
105
205
0
200
0
0
181
0
110
142
0
408
0
0
0
0
217
0
352
0
0
0
0
0
0
188
115
187
0
128
260
0
115
0
110
195
0
111
201
0
0
171
0
165
0
121
186
0
164
0
0
196
200
0
284
0
0
79
190
194
160
137
166
129
117
0
111
183
0
118
144
103
132
209
0
143
173
91
79
141
121
152
0
220
0
0
145
0
200
0
88
127
0
160
147
199
0
0
87
215
0
120
272
0
0
151
158
0
113
179
0
0
212
0
90
136
195
184
81
0
286
0
0
176
219
0
168
0
118
0
129
196
113
0
147
170
252
0
152
0
82
172
184
0
0
108
275
0
0
0
94
0
189
102
92
87
193
171
197
0
182
0
0
0
170
0
192
157
136
153
197
86
180
163
183
300
0
0
0
129
156
143
136
0
219
0
174
0
328
0
0
0
112
167
0
143
254
0
132
202
0
177
90
131
147
133
0
190
0
130
108
102
132
134
229
0
0
202
0
110
104
103
78
211
0
0
0
148
155
190
0
240
0
0
0
0
0
138
177
0
335
0
0
0
0
124
178
96
180
186
0
103
94
188
0
91
204
0
0
151
306
0
0
0
0
90
112
152
0
187
0
124
245
0
0
0
149
349
0
0
0
191
275
0
0
148
97
117
127
0
170
266
0
133
223
0
130
107
256
0
0
91
146
118
144
0
125
114
119
94
135
254
0
0
0
146
0
129
178
0
168
188
193
287
0
0
384
0
0
0
0
0
144
112
172
86
99
185
138
0
199
91
109
203
0
139
218
0
213
0
184
0
117
169
167
133
355
0
0
0
0
148
136
251
0
109
81
137
81
169
0
89
81
102
152
82
150
0
93
88
191
0
0
156
0
183
188
0
185
146
209
0
86
172
0
0
172
0
199
163
109
186
177
184
81
106
133
145
100
147
0
249
0
0
90
209
0
178
179
0
0
141
0
179
0
101
152
226
0
269
0
0
0
186
93
0
147
100
95
318
0
0
232
0
0
194
157
0
166
0
120
269
0
0
0
257
0
225
0
0
126
144
166
0
157
158
0
0
195
213
0
0
171
0
0
194
226
0
0
0
196
118
137
168
174
133
188
0
227
0
86
238
0
159
147
112
129
220
0
189
101
167
107
118
191
119
232
0
122
93
262
0
0
0
101
363
0
0
0
122
95
115
197
155
199
0
107
125
139
110
142
177
165
161
101
188
80
156
230
0
199
213
0
0
0
0
79
149
119
165
0
162
80
116
172
200
0
103
166
124
174
293
0
0
175
120
156
178
193
0
115
174
232
0
0
128
103
0
177
0
0
123
190
0
174
91
79
85
117
225
0
97
79
194
121
132
103
192
141
145
0
143
168
199
103
168
0
165
139
106
240
0
112
131
140
0
85
157
0
379
0
0
0
0
0
184
162
212
0
150
202
0
0
84
179
0
0
255
0
0
0
238
0
0
93
148
0
164
0
0
159
127
191
0
187
0
267
0
160
108
161
168
0
128
0
0
86
155
326
0
0
0
0
0
0
101
138
199
105
137
291
0
0
179
133
179
209
0
179
153
86
110
0
0
102
110
185
0
0
166
182
169
154
318
0
0
313
0
0
0
145
168
188
167
0
183
0
0
0
149
0
132
146
128
171
113
216
0
0
170
90
103
146
0
254
0
0
0
0
127
115
205
0
158
190
0
192
154
155
0
141
126
106
190
94
92
94
90
0
198
109
191
147
0
138
0
336
0
0
0
134
197
0
166
135
0
0
135
101
102
186
158
110
200
0
82
338
0
0
0
0
0
170
124
193
0
182
84
0
190
281
0
0
110
210
0
0
186
144
344
0
0
0
0
0
0
160
230
0
235
0
168
0
100
177
164
108
222
0
143
0
0
102
193
137
0
133
192
116
122
0
85
142
0
132
96
90
151
0
0
0
151
120
0
167
146
0
84
184
82
189
0
119
0
107
116
189
106
219
0
0
0
149
133
99
203
0
152
0
116
180
231
0
0
163
177
153
0
104
285
0
0
128
139
0
191
116
227
0
0
0
327
0
0
0
0
0
0
0
93
135
112
104
90
137
153
238
0
188
0
230
0
0
122
0
149
130
0
158
0
133
179
254
0
0
161
0
170
160
0
264
0
0
239
0
0
86
104
161
0
135
149
105
93
95
164
159
0
200
0
112
196
220
0
185
232
0
251
0
160
172
117
172
131
133
149
81
100
238
0
0
211
0
257
0
0
186
119
82
100
201
0
180
115
185
112
225
0
0
259
0
0
0
0
108
192
252
0
0
197
106
249
0
0
156
0
124
121
199
269
0
0
86
184
159
0
0
175
126
0
414
0
0
0
0
0
106
226
0
0
192
97
113
100
121
164
186
149
0
197
90
201
0
0
262
0
0
0
0
90
240
0
234
0
296
0
0
121
153
209
0
78
193
0
0
155
0
121
191
0
102
0
111
253
0
0
103
176
324
0
0
179
108
0
190
0
112
202
0
194
100
132
165
108
0
0
197
124
260
0
0
0
171
211
0
0
126
0
165
127
157
97
187
327
0
0
0
0
311
0
0
140
269
0
0
81
192
263
0
0
95
101
173
0
0
104
109
227
0
0
105
114
162
196
237
0
0
109
132
171
96
0
165
0
186
0
174
185
0
0
182
0
195
0
144
192
159
0
190
0
123
116
136
143
79
216
0
0
199
0
90
199
0
0
155
0
0
99
135
134
106
156
169
0
136
0
197
0
0
0
175
0
128
164
196
213
0
0
93
153
98
137
181
0
97
0
107
103
0
260
0
0
90
174
354
0
0
0
0
159
0
175
0
102
0
0
139
113
151
259
0
0
0
211
0
0
154
0
0
84
190
258
0
98
0
174
161
0
190
160
0
116
130
0
168
94
364
0
0
0
0
0
202
0
0
130
87
80
103
172
99
171
148
169
140
165
0
157
0
0
0
203
0
122
99
0
203
0
176
302
0
0
0
140
0
159
189
147
0
309
0
0
0
0
163
183
198
290
0
0
0
101
137
81
121
175
123
95
148
0
161
139
232
0
187
203
0
0
120
0
123
208
0
224
0
84
104
0
129
79
231
0
190
171
206
0
136
192
169
297
0
0
0
121
0
103
153
199
90
380
0
0
0
0
0
0
134
87
188
187
227
0
0
0
0
171
0
107
85
121
196
0
278
0
0
85
141
104
195
246
0
93
130
0
212
0
107
138
307
0
0
178
79
110
289
0
0
0
0
180
83
190
122
179
251
0
0
0
142
199
0
0
172
165
131
200
0
145
0
200
0
158
97
90
154
143
122
0
91
124
177
139
192
0
165
146
113
199
212
0
173
79
242
0
0
209
0
191
218
0
0
92
188
218
0
181
86
0
239
0
185
151
146
139
98
90
158
0
89
188
225
0
166
134
204
0
97
176
86
135
0
265
0
0
0
125
139
0
315
0
0
0
176
142
109
196
0
170
0
107
254
0
109
0
151
0
193
0
0
220
0
175
137
310
0
0
136
132
88
82
166
180
225
0
139
111
182
293
0
0
0
173
82
176
125
160
159
137
0
122
167
0
153
90
134
184
0
132
0
84
165
0
0
185
0
197
96
181
193
99
158
0
155
0
253
0
0
0
175
95
117
167
337
0
0
0
0
173
0
119
156
212
0
199
0
106
139
177
153
116
114
185
206
0
188
0
154
171
0
154
0
240
0
164
0
130
84
220
0
265
0
256
0
0
177
134
0
112
111
148
139
261
0
0
0
0
91
0
152
0
225
0
0
199
109
170
164
120
130
199
193
164
156
0
0
266
0
0
0
84
144
99
191
0
158
0
216
0
0
190
113
151
0
159
0
94
90
121
107
90
135
152
277
0
0
131
0
156
0
99
177
0
203
0
0
89
113
190
0
120
0
182
0
147
161
143
384
0
0
0
0
203
0
160
0
0
108
193
112
163
0
0
133
0
178
111
165
181
0
0
83
100
190
105
80
174
0
206
0
133
145
0
100
102
174
0
161
95
86
240
0
87
136
153
223
0
298
0
0
0
174
148
0
281
0
0
0
246
0
296
0
0
0
0
0
0
80
198
101
123
197
0
0
164
0
0
146
161
0
80
124
88
252
0
0
0
156
125
160
0
0
81
88
79
146
198
113
0
94
180
308
0
0
119
150
89
182
313
0
0
131
295
0
0
0
0
213
0
0
114
153
0
0
184
209
0
179
0
220
0
0
0
209
0
0
97
152
86
124
0
119
152
145
156
134
88
84
316
0
0
0
121
0
0
228
0
115
0
120
114
0
275
0
0
141
153
130
118
114
156
88
173
0
170
97
175
78
172
0
312
0
0
0
0
0
193
136
79
122
210
0
271
0
0
0
99
86
188
90
81
167
184
0
104
122
0
245
0
0
148
80
101
78
197
0
167
0
160
153
0
127
100
208
0
0
112
157
0
138
329
0
0
0
103
212
0
182
124
0
0
88
96
92
155
93
266
0
0
0
129
97
235
0
141
160
124
0
146
0
154
110
135
0
213
0
181
239
0
198
90
372
0
0
0
0
0
0
145
137
196
96
105
278
0
0
122
0
303
0
0
0
220
0
0
237
0
0
0
0
156
0
0
140
0
110
127
145
133
156
192
0
181
120
0
101
146
109
105
0
156
0
100
199
0
234
0
177
368
0
0
0
0
0
0
186
126
78
171
167
0
0
177
174
0
151
0
0
147
91
195
188
124
165
0
182
88
149
150
135
0
158
87
119
145
176
162
141
0
167
195
211
0
190
0
242
0
0
0
235
0
0
190
158
0
103
0
120
185
279
0
0
0
102
190
258
0
0
87
113
129
117
165
128
270
0
0
0
102
0
0
142
176
153
0
151
0
0
173
0
166
106
121
0
98
134
165
185
161
243
0
0
187
171
175
0
170
193
104
142
166
0
0
138
159
0
131
144
155
0
172
121
0
133
230
0
198
0
79
108
143
0
181
126
0
186
0
272
0
0
214
0
0
186
0
146
0
99
164
110
93
182
168
229
0
0
0
86
160
133
194
321
0
0
0
0
0
0
0
253
0
0
225
0
228
0
147
0
139
211
0
87
228
0
0
0
87
186
154
295
0
0
0
272
0
0
0
106
219
0
0
153
0
202
0
0
139
0
169
0
110
169
145
263
0
0
166
0
0
107
153
0
347
0
0
0
174
144
185
124
79
100
199
0
0
147
119
87
284
0
0
0
99
104
180
164
155
96
185
0
246
0
86
169
221
0
188
113
215
0
90
196
151
163
119
96
79
159
0
110
0
193
110
166
175
120
160
128
124
251
0
0
0
0
154
168
194
0
192
169
190
0
211
0
272
0
340
0
0
0
116
243
0
238
0
96
182
199
129
132
0
0
0
81
107
138
144
108
123
0
176
176
0
198
112
304
0
0
180
117
92
151
0
150
185
290
0
0
210
0
98
171
0
86
99
180
178
212
0
96
103
265
0
0
185
118
197
187
113
118
0
98
0
161
113
152
193
224
0
189
178
144
80
112
198
0
143
0
105
280
0
0
0
174
163
0
117
224
0
0
0
0
165
226
0
0
243
0
91
0
168
96
191
185
103
178
271
0
0
113
123
191
188
123
171
0
160
175
0
0
0
0
134
0
100
185
0
100
195
116
90
0
305
0
0
105
290
0
0
133
0
147
173
0
144
153
84
173
129
116
178
111
218
0
85
101
91
113
151
194
152
190
183
79
150
131
158
175
0
0
287
0
0
0
114
131
296
0
0
258
0
0
163
0
132
241
0
0
246
0
0
177
0
330
0
0
90
225
0
333
0
0
0
157
0
177
0
0
134
106
0
156
312
0
0
0
0
167
113
161
327
0
0
0
0
147
0
122
140
248
0
199
136
133
137
0
136
170
143
196
0
237
0
0
155
118
183
295
0
0
231
0
0
231
0
0
0
247
0
0
219
0
0
0
158
81
152
130
129
181
126
194
0
0
132
145
116
83
296
0
0
240
0
176
117
125
307
0
0
0
173
100
169
0
95
140
124
130
0
214
0
0
0
237
0
0
150
109
197
113
108
166
126
92
251
0
0
121
205
0
83
100
209
0
0
186
98
181
393
0
0
0
0
0
0
154
225
0
0
93
150
0
196
0
79
158
0
0
0
197
0
339
0
0
0
229
0
0
156
0
237
0
0
177
79
238
0
85
110
129
105
101
112
193
195
119
220
0
190
155
137
185
0
91
223
0
0
134
168
187
166
116
116
311
0
0
0
0
0
215
0
164
116
0
0
170
135
198
101
213
0
170
0
345
0
0
0
95
337
0
0
0
104
161
0
0
144
244
0
0
86
245
0
142
172
243
0
0
131
137
214
0
0
126
88
166
79
191
85
87
151
166
0
117
0
115
123
180
0
152
86
193
176
0
153
277
0
0
97
232
0
125
94
171
0
137
271
0
100
0
146
150
106
0
172
230
0
129
0
197
178
107
153
0
121
129
0
195
0
178
144
0
0
197
108
126
283
0
0
200
0
0
167
0
128
181
138
142
0
187
156
117
219
0
170
0
0
170
0
114
287
0
0
0
136
0
193
309
0
0
0
0
150
0
160
80
165
0
102
162
0
113
108
0
196
0
161
243
0
0
0
175
128
228
0
112
112
177
120
198
268
0
0
179
155
176
88
116
0
187
334
0
0
0
0
151
143
187
173
202
0
0
182
112
167
126
179
231
0
289
0
0
158
132
103
158
104
147
100
100
159
129
88
92
96
179
146
181
0
0
157
91
273
0
0
0
161
213
0
0
276
0
0
92
266
0
0
82
178
116
160
145
0
190
0
139
134
168
199
0
198
154
140
151
0
0
147
0
161
134
196
303
0
0
119
105
153
0
98
101
130
0
183
146
123
162
0
0
195
175
179
0
224
0
211
0
0
169
199
0
154
235
0
0
180
214
0
160
274
0
0
151
0
189
86
135
113
165
105
121
91
229
0
174
106
179
268
0
0
0
0
107
134
0
0
117
0
123
130
84
225
0
0
225
0
0
195
0
225
0
234
0
0
0
295
0
0
0
171
0
133
91
97
183
163
208
0
279
0
0
241
0
0
276
0
0
230
0
0
136
136
290
0
0
0
190
0
115
168
168
168
146
187
117
191
218
0
163
89
232
0
199
173
0
153
210
0
83
81
123
0
108
417
0
0
0
0
0
0
0
0
0
251
0
0
0
106
121
195
89
0
294
0
0
239
0
219
0
0
191
151
150
162
0
0
99
203
0
143
0
172
158
107
205
0
141
149
101
0
201
0
150
0
251
0
0
0
0
161
135
142
225
0
131
0
141
0
134
0
190
199
121
0
395
0
0
0
92
97
142
151
0
131
133
141
181
0
0
199
105
114
92
193
116
0
78
137
194
0
0
220
0
0
142
181
94
153
0
0
127
125
109
158
0
103
0
364
0
0
0
99
82
139
0
221
0
189
0
134
135
120
172
0
178
193
159
153
217
0
176
81
260
0
0
160
147
114
109
181
174
0
195
0
0
199
153
124
182
119
198
0
136
222
0
0
155
322
0
0
0
0
104
172
129
167
0
0
237
0
0
283
0
0
140
0
115
0
198
0
105
227
0
82
185
0
144
194
131
173
0
98
114
138
0
0
156
0
178
0
173
0
196
151
174
0
169
0
136
161
160
93
126
104
118
114
100
0
157
192
0
160
88
259
0
0
162
126
164
117
185
128
128
199
0
0
117
107
171
128
0
149
0
225
0
0
118
0
0
180
0
152
106
0
241
0
0
0
0
166
87
185
185
104
93
128
107
192
116
151
0
0
121
190
172
0
235
0
126
181
0
225
0
0
0
0
217
0
0
152
126
213
0
164
0
91
172
0
0
281
0
0
149
148
79
110
93
152
222
0
0
0
251
0
0
184
226
0
276
0
0
0
168
243
0
0
0
195
0
135
0
253
0
0
0
87
0
158
202
0
0
0
353
0
0
0
187
309
0
0
0
189
116
0
238
0
178
258
0
0
181
0
79
128
158
0
0
143
0
137
259
0
0
0
161
175
158
174
188
87
126
161
81
210
0
260
0
0
125
133
167
171
0
240
0
0
250
0
0
250
0
186
153
90
149
187
189
155
0
163
193
0
249
0
0
191
0
0
152
146
85
266
0
250
0
0
0
159
214
0
0
154
0
0
254
0
0
0
135
0
159
159
177
96
187
0
151
212
0
0
197
121
116
100
154
99
139
0
241
0
226
0
0
0
120
170
295
0
0
224
0
0
240
0
0
108
0
114
89
196
133
169
173
303
0
0
96
139
82
168
86
191
98
98
271
0
306
0
0
0
129
0
170
0
130
111
270
0
165
167
101
137
0
92
132
104
235
0
146
212
0
264
0
0
224
0
0
92
199
0
0
0
358
0
0
0
158
0
107
0
114
110
96
184
0
168
167
0
179
146
0
120
185
149
172
243
0
0
136
220
0
0
172
132
121
100
154
111
0
183
129
163
280
0
0
273
0
0
0
196
124
0
167
149
0
327
0
0
0
123
88
171
96
101
214
0
134
177
0
106
0
175
0
0
198
116
80
134
181
0
217
0
142
141
0
127
0
138
122
153
173
188
144
164
0
151
116
190
248
0
0
137
158
0
107
165
116
123
308
0
0
0
0
189
172
0
0
0
79
143
0
197
0
0
238
0
0
0
274
0
0
0
112
136
193
199
0
0
174
188
82
175
164
0
193
146
122
190
191
190
87
323
0
0
0
0
144
189
151
210
0
235
0
0
0
0
113
86
266
0
0
180
0
343
0
0
0
154
274
0
0
0
112
125
134
346
0
0
0
128
161
94
107
79
103
101
172
214
0
0
102
416
0
0
0
0
184
84
195
190
0
189
153
0
102
188
0
149
0
164
138
231
0
0
207
0
0
120
89
198
0
221
0
0
116
181
0
0
348
0
0
0
161
216
0
0
311
0
0
0
184
151
157
0
234
0
0
160
0
176
212
0
184
239
0
118
209
0
0
161
173
114
104
94
81
139
183
0
265
0
0
88
148
142
207
0
169
0
198
118
0
0
186
0
90
108
164
0
224
0
174
0
136
122
191
83
89
105
94
90
113
300
0
0
0
0
0
80
163
126
132
0
96
219
0
224
0
91
173
160
0
93
197
306
0
0
0
0
0
182
164
158
192
105
127
155
0
0
277
0
0
0
152
0
148
106
189
166
100
0
99
176
0
272
0
0
0
0
129
78
277
0
0
0
112
0
253
0
0
0
250
0
347
0
0
0
0
87
199
0
80
240
0
0
153
0
122
189
0
237
0
181
0
111
136
0
417
0
0
0
0
0
0
0
233
0
0
0
133
229
0
125
0
115
0
0
102
150
147
143
0
219
0
270
0
179
0
166
0
256
0
135
0
105
81
122
149
156
108
269
0
160
0
274
0
0
105
142
165
0
193
269
0
0
0
94
173
101
131
0
146
0
177
117
89
119
132
186
0
219
0
116
0
105
157
148
141
0
150
260
0
0
114
301
0
0
0
232
0
0
0
111
178
0
178
288
0
0
0
147
79
108
108
167
156
135
0
126
152
303
0
0
0
0
153
180
83
190
225
0
161
161
103
125
0
136
0
154
246
0
116
92
295
0
0
211
0
0
0
173
95
227
0
0
200
0
155
144
107
141
108
0
121
90
197
0
0
158
173
171
0
107
160
191
0
191
0
192
117
185
0
195
233
0
0
186
0
160
171
0
190
166
225
0
166
202
0
114
145
0
86
161
126
90
133
0
138
145
212
0
0
152
106
264
0
0
0
167475