148
166
132
137
0
201
0
74
81
102
89
193
135
137
0
115
0
0
183
386
0
0
0
0
91
186
0
0
149
0
172
241
0
76
136
280
0
0
0
0
136
90
152
143
105
144
122
85
134
118
0
103
92
190
98
153
0
290
0
0
0
236
0
238
0
153
122
0
0
88
191
89
0
90
103
192
221
0
131
191
197
0
0
194
292
0
0
0
0
138
0
162
118
75
185
193
0
0
0
82
150
155
0
128
118
121
130
96
187
149
106
462
0
0
0
0
0
0
0
0
0
231
0
109
186
0
212
0
94
107
144
183
122
0
98
158
0
120
0
140
123
90
137
120
144
88
76
123
0
221
0
96
287
0
0
0
0
0
0
159
215
0
266
0
0
192
91
131
0
141
92
183
195
108
0
124
0
103
208
0
0
193
82
142
192
182
119
80
166
0
0
173
170
219
0
0
153
217
0
0
209
0
0
0
85
180
177
129
75
115
0
161
160
0
154
0
150
0
155
0
211
0
153
191
0
78
115
108
183
180
146
0
217
0
150
154
0
170
153
160
132
162
113
0
0
186
0
141
0
0
86
113
188
196
181
0
101
83
109
179
132
0
293
0
0
0
185
132
164
165
114
169
187
0
160
115
124
188
241
0
168
0
0
0
120
194
209
0
175
0
0
0
0
266
0
0
188
233
0
149
129
106
0
145
0
158
141
0
106
0
90
91
103
0
85
141
0
139
101
0
207
0
101
97
0
177
178
127
176
82
183
129
195
0
0
153
188
0
113
119
150
85
193
0
105
149
246
0
89
234
0
0
216
0
0
141
76
76
156
91
172
0
0
108
183
320
0
0
0
197
0
162
0
162
111
145
0
169
141
123
214
0
136
126
96
93
146
149
108
0
193
0
258
0
202
0
0
75
188
0
142
150
158
124
295
0
0
0
181
167
0
0
0
117
140
0
150
245
0
0
0
0
75
202
0
0
216
0
0
0
196
0
0
149
0
139
249
0
269
0
0
252
0
0
113
133
311
0
0
0
0
0
0
169
0
194
140
221
0
0
0
137
0
0
0
127
190
75
85
113
173
217
0
0
250
0
0
125
132
0
134
153
0
148
158
110
96
177
86
147
79
212
0
0
0
146
0
180
180
127
186
229
0
178
107
0
100
92
210
0
179
98
201
0
290
0
0
0
160
180
0
187
139
153
131
179
198
110
131
255
0
0
131
74
86
160
119
199
121
166
176
131
109
0
267
0
0
170
241
0
187
198
0
0
162
173
122
101
0
133
118
161
0
128
0
208
0
192
193
77
157
0
128
81
227
0
160
0
161
181
167
0
250
0
153
0
106
132
172
0
0
93
193
127
0
127
0
175
181
0
76
136
145
118
0
201
0
0
172
0
218
0
184
0
109
151
146
179
0
187
180
0
90
267
0
0
86
131
192
0
163
99
164
169
0
143
0
137
111
148
125
0
94
221
0
199
0
99
0
163
169
117
193
226
0
0
157
78
187
0
193
197
158
0
117
95
121
131
183
75
117
121
300
0
0
0
129
122
123
0
76
290
0
0
0
0
230
0
95
168
114
191
0
193
200
0
115
297
0
0
140
176
208
0
0
0
103
95
173
241
0
0
113
174
0
179
116
167
0
0
153
138
131
175
0
0
189
116
129
114
121
196
0
0
87
178
0
82
178
231
0
0
0
0
0
183
0
179
0
169
0
158
86
80
153
94
152
195
193
186
124
163
172
105
90
158
124
189
168
0
231
0
217
0
0
207
0
117
143
192
108
171
197
142
172
174
152
145
0
145
0
208
0
113
177
174
194
193
0
113
192
120
0
0
174
151
134
186
146
134
213
0
109
187
75
83
275
0
0
106
118
105
185
0
142
0
0
148
149
199
0
0
227
0
0
152
192
0
0
190
0
121
102
121
153
275
0
0
0
139
170
221
0
106
117
0
122
118
0
168
241
0
166
0
270
0
0
159
0
173
192
297
0
0
0
0
0
180
0
112
194
138
188
174
0
89
184
121
147
0
188
85
76
188
0
125
91
150
148
336
0
0
0
236
0
79
0
108
0
139
145
199
104
0
144
203
0
192
0
0
191
0
0
128
114
123
130
174
0
181
0
184
246
0
0
156
157
199
226
0
194
0
260
0
0
260
0
257
0
0
76
181
99
74
165
124
169
173
82
241
0
145
132
0
142
215
0
136
120
0
203
0
192
0
156
0
0
159
253
0
0
342
0
0
0
174
0
187
0
143
157
229
0
0
205
0
0
90
158
182
95
134
265
0
0
163
167
96
99
214
0
183
192
113
317
0
0
195
0
96
108
125
157
0
0
0
0
383
0
0
0
0
0
0
0
0
263
0
0
0
0
196
0
106
150
181
178
0
147
209
0
184
103
155
161
126
262
0
0
196
0
0
0
113
0
200
0
179
138
138
87
218
0
0
84
82
123
169
104
113
194
116
0
213
0
167
0
114
163
0
0
162
0
148
0
215
0
135
133
0
174
0
156
0
235
0
0
98
85
135
0
87
118
0
140
173
0
92
153
0
190
0
0
113
180
0
401
0
0
0
0
148
0
89
82
195
0
0
233
0
0
115
192
0
158
139
263
0
0
188
0
104
153
0
158
0
282
0
0
140
173
187
177
0
0
228
0
77
138
149
0
162
248
0
142
121
128
0
0
134
0
217
0
0
173
0
173
272
0
177
0
204
0
0
234
0
88
278
0
0
185
169
0
99
100
144
196
188
125
109
96
102
129
364
0
0
0
0
0
0
129
164
0
174
90
154
267
0
0
0
0
111
0
93
146
132
0
137
90
94
0
191
217
0
172
0
108
108
136
0
160
0
112
206
0
107
234
0
131
0
0
151
0
195
0
0
113
107
195
0
111
258
0
172
0
153
111
145
0
178
0
129
172
235
0
104
157
0
187
159
184
0
215
0
0
0
185
0
105
0
98
90
149
94
212
0
143
162
0
161
250
0
0
0
178
80
192
155
120
184
147
0
93
137
254
0
188
0
120
75
141
196
178
138
128
157
141
89
0
114
147
104
152
144
123
199
0
166
0
86
192
189
0
197
0
140
0
123
181
100
86
176
99
143
102
94
271
0
0
0
0
140
87
183
0
150
97
130
0
76
167
0
286
0
0
0
105
106
194
149
289
0
0
0
150
166
91
175
120
107
110
93
140
143
124
176
0
162
0
143
133
265
0
0
0
149
230
0
0
179
0
196
211
0
168
267
0
0
207
0
84
155
0
83
146
201
0
0
171
191
172
108
191
184
103
0
180
115
102
211
0
153
138
0
0
165
0
120
90
174
0
143
101
100
220
0
165
171
170
189
212
0
0
227
0
0
0
106
177
0
94
128
182
94
0
163
230
0
97
193
0
0
145
189
0
136
0
200
0
147
171
122
86
95
178
0
243
0
204
0
108
179
161
177
74
153
0
74
85
83
0
128
243
0
127
163
0
0
113
106
199
148
212
0
0
0
90
222
0
133
74
128
156
470
0
0
0
0
0
0
179
131
0
0
83
266
0
168
359
0
0
0
0
0
0
162
196
134
143
250
0
119
178
0
0
0
146
0
112
0
195
87
254
0
0
184
88
202
0
166
229
0
163
152
169
161
0
117
0
243
0
121
162
126
159
118
0
124
138
82
167
181
250
0
74
184
177
242
0
0
153
211
0
198
0
244
0
0
0
81
130
0
288
0
0
136
147
0
0
100
189
0
0
0
184
216
0
0
192
105
0
184
160
215
0
0
152
181
0
176
187
147
0
0
106
114
193
177
118
197
0
0
0
74
152
0
77
191
186
0
98
0
190
83
162
0
179
222
0
128
89
100
168
118
195
0
231
0
195
115
112
157
0
397
0
0
0
0
106
149
175
115
122
212
0
0
238
0
231
0
0
96
181
104
0
235
0
0
0
113
0
165
77
163
0
0
107
176
0
160
218
0
165
120
141
168
97
161
0
257
0
0
0
184
0
166
0
252
0
91
165
115
121
0
210
0
265
0
85
194
142
209
0
0
95
98
195
108
96
129
0
0
101
281
0
0
0
0
173
0
331
0
0
0
0
98
142
74
123
164
140
0
106
174
140
0
114
167
113
0
88
156
81
137
195
244
0
199
276
0
0
0
0
163
0
0
90
160
0
199
179
165
101
0
257
0
0
0
177
90
218
0
161
0
0
92
256
0
133
0
128
0
106
165
0
146
350
0
0
0
0
0
187
171
153
118
164
194
155
151
188
0
0
94
171
0
190
247
0
149
180
236
0
255
0
0
0
0
144
75
207
0
155
160
167
90
133
287
0
0
163
0
173
128
123
168
0
181
151
150
244
0
148
0
132
186
180
243
0
124
105
152
167
106
101
0
272
0
0
137
141
146
0
117
0
84
206
0
374
0
0
0
0
0
108
152
106
180
0
110
123
370
0
0
0
0
167
167
0
0
135
0
0
186
0
0
83
217
0
141
123
0
82
163
198
219
0
129
256
0
290
0
0
0
161
0
99
195
0
195
144
149
195
223
0
231
0
0
0
291
0
0
335
0
0
0
93
0
166
159
189
0
205
0
218
0
151
196
238
0
0
152
97
257
0
0
0
111
196
0
248
0
144
176
0
176
0
0
187
213
0
175
145
184
174
0
162
149
0
138
99
161
299
0
0
0
80
298
0
0
0
90
242
0
116
126
127
112
140
83
182
79
110
0
111
347
0
0
0
0
0
0
113
169
169
89
128
183
97
131
97
94
175
0
93
186
0
0
0
85
226
0
0
0
0
161
123
148
192
202
0
143
0
89
126
0
173
0
144
0
174
0
243
0
99
108
185
126
173
218
0
170
189
175
191
226
0
180
98
176
179
201
0
0
107
0
135
186
0
0
180
159
0
134
95
148
81
181
154
152
0
147
0
163
121
128
179
0
129
128
150
134
135
127
156
208
0
172
0
0
180
0
132
126
133
122
76
105
139
179
206
0
189
0
200
0
104
84
119
185
136
142
0
193
0
80
75
151
130
121
0
152
0
136
0
184
0
0
228
0
0
0
184
132
188
186
127
0
160
167
166
81
160
0
0
188
0
0
159
0
0
79
139
192
0
0
0
147
230
0
0
184
0
168
0
214
0
0
0
161
116
141
134
136
241
0
0
110
122
81
184
130
146
0
0
194
209
0
183
84
123
0
226
0
141
97
105
216
0
0
192
76
112
196
0
97
0
184
0
305
0
0
0
0
88
167
124
130
138
108
85
155
150
154
154
0
164
167
148
339
0
0
0
0
120
237
0
0
0
82
237
0
193
97
151
85
168
96
191
0
143
0
121
0
86
178
97
196
115
86
92
261
0
0
126
191
81
78
228
0
0
0
96
100
169
100
182
197
182
192
128
271
0
0
335
0
0
0
0
0
0
0
0
192
174
0
0
127
100
0
196
185
110
101
126
99
213
0
168
168
102
116
0
0
94
196
0
157
140
0
0
104
141
185
177
168
253
0
0
0
92
235
0
0
89
146
139
196
100
142
193
135
0
162
0
84
206
0
0
0
196
203
0
0
196
0
0
131
82
173
0
174
0
171
0
163
253
0
0
170
187
0
151
0
170
0
0
155
0
81
110
187
143
167
0
113
277
0
0
0
0
0
95
145
111
190
175
114
143
0
183
137
130
0
165
234
0
0
0
76
142
145
0
163
184
185
165
0
217
0
146
174
181
193
0
0
198
169
131
0
137
193
125
190
133
0
98
133
180
0
243
0
0
83
0
196
132
152
229
0
154
234
0
0
190
91
139
0
140
178
190
0
195
0
178
197
105
177
0
167
185
0
182
193
0
172
161
154
168
0
74
118
163
173
88
105
225
0
224
0
0
0
184
193
152
170
122
0
0
171
0
126
154
136
125
139
247
0
158
229
0
179
108
124
156
149
0
185
100
142
0
108
0
137
89
192
0
138
110
316
0
0
0
0
167
0
195
136
131
185
0
188
95
0
125
134
0
155
157
0
153
0
80
166
113
103
91
102
0
136
173
192
148
0
266
0
0
0
219
0
220
0
0
0
79
173
0
118
115
199
153
197
0
0
140
93
231
0
0
90
131
134
230
0
193
0
146
0
160
189
0
0
247
0
124
176
0
241
0
83
202
0
0
0
208
0
102
0
175
0
156
118
174
267
0
117
343
0
0
0
0
151
0
76
146
0
135
259
0
0
0
174
186
0
177
289
0
0
0
170
224
0
115
132
274
0
0
199
0
97
173
192
0
185
74
143
0
155
130
101
221
0
171
181
88
187
0
128
0
134
0
159
180
0
0
138
150
161
117
104
107
168
190
0
174
132
307
0
0
0
142
0
159
120
137
155
94
0
202
0
185
214
0
88
179
174
134
0
0
156
253
0
0
222
0
123
299
0
0
0
0
110
111
234
0
92
308
0
0
0
142
184
160
191
0
234
0
159
96
138
0
126
0
145
91
148
119
0
150
106
74
75
148
80
245
0
0
158
0
182
166
0
151
0
389
0
0
0
0
0
0
0
0
78
110
233
0
160
0
263
0
0
0
0
75
171
194
163
0
164
161
0
0
166
0
0
206
0
78
198
0
186
0
0
167
109
150
128
0
0
169
0
116
106
0
101
88
90
134
0
243
0
0
143
195
87
92
125
0
193
106
194
128
187
0
80
188
0
209
0
123
114
0
131
134
98
82
283
0
0
0
0
120
0
165
209
0
133
154
74
179
213
0
0
135
159
232
0
0
188
0
114
155
186
165
202
0
190
158
159
0
119
164
0
0
203
0
0
139
133
101
0
219
0
186
141
77
194
80
191
0
143
0
168
108
126
159
118
100
105
88
139
251
0
130
97
157
121
176
199
103
179
87
82
111
121
0
77
0
188
0
173
222
0
0
143
0
90
139
0
162
0
0
190
148
306
0
0
0
0
0
170
0
170
0
0
154
0
118
207
0
0
0
165
0
267
0
220
0
106
166
89
120
168
130
126
0
154
183
141
139
0
92
102
87
87
329
0
0
0
199
110
186
98
155
107
200
0
0
196
0
0
138
0
139
93
307
0
0
129
181
178
166
195
150
178
266
0
0
0
0
76
182
217
0
0
188
101
125
92
449
0
0
0
0
0
0
0
221
0
0
132
0
318
0
0
0
143
0
106
246
0
0
122
157
215
0
0
190
189
138
0
144
0
145
143
156
0
205
0
0
0
172
174
84
144
147
0
147
0
0
161
0
176
206
0
178
128
122
133
212
0
0
179
0
144
0
133
76
224
0
0
0
98
185
0
180
0
134
0
124
140
195
0
235
0
158
110
183
94
209
0
0
206
0
0
0
169
0
0
0
131
0
165
0
0
118
158
0
0
130
191
0
134
106
146
113
0
103
156
90
154
169
0
144
103
104
228
0
0
0
157
178
191
137
91
169
149
145
108
0
127
123
0
160
179
148
0
120
0
209
0
243
0
0
129
177
155
286
0
0
138
157
209
0
120
254
0
0
0
0
262
0
0
0
165
0
0
148
121
202
0
123
125
190
252
0
0
161
0
219
0
162
0
196
0
0
219
0
136
0
174
0
128
162
0
82
130
0
0
348
0
0
0
0
0
144
181
87
166
199
111
129
102
0
127
190
152
84
117
230
0
123
98
177
0
196
142
189
0
150
80
228
0
193
115
172
0
0
106
129
137
84
328
0
0
0
100
0
109
0
124
0
143
81
128
360
0
0
0
178
213
0
0
307
0
0
0
0
181
230
0
229
0
242
0
80
130
0
339
0
0
0
0
0
126
99
105
75
148
149
0
75
135
0
110
160
156
168
130
0
140
0
247
0
0
0
176
0
0
0
171
0
157
0
203
0
331
0
0
0
0
0
313
0
0
137
0
181
125
119
185
196
156
129
74
152
134
0
99
202
0
0
163
0
175
93
258
0
0
176
145
145
150
176
130
127
93
143
137
147
0
0
193
0
123
156
0
163
133
89
219
0
159
136
0
141
190
0
123
179
0
0
0
86
118
167
103
170
82
203
0
154
144
295
0
0
0
183
0
98
222
0
0
183
173
176
316
0
0
0
160
0
0
89
100
218
0
91
124
0
126
0
146
177
74
141
126
0
147
0
0
0
100
153
137
187
0
181
77
180
159
210
0
142
0
0
92
118
213
0
152
82
208
0
0
91
95
0
254
0
0
0
155
0
117
101
158
192
205
0
174
199
0
157
0
149
75
78
104
154
0
164
181
0
75
189
0
0
91
154
168
206
0
90
182
0
108
180
0
141
0
0
0
207
0
115
162
162
0
125
184
0
148
181
0
0
269
0
0
294
0
0
0
0
0
170
190
154
151
134
0
175
0
0
167
89
100
74
113
97
284
0
0
99
75
75
118
86
149
181
0
0
0
193
158
0
190
0
146
98
96
139
215
0
0
97
96
186
77
88
129
102
86
113
0
0
147
116
141
93
121
242
0
0
113
164
251
0
0
197
151
0
193
0
259
0
0
0
0
169
306
0
0
258
0
76
162
0
128
145
172
244
0
0
78
175
0
0
104
104
246
0
81
149
211
0
90
147
198
119
86
113
136
0
0
113
165
119
184
113
0
109
121
167
176
0
0
116
0
177
0
85
109
173
163
127
0
0
240
0
173
119
163
142
243
0
0
0
0
0
0
122
212
0
182
146
121
0
109
205
0
130
0
176
0
247
0
0
205
0
0
186
157
157
138
100
126
0
78
151
0
107
178
0
173
0
188
0
119
122
162
0
0
195
106
182
120
0
150
0
165
187
0
113
146
93
78
88
223
0
153
80
184
0
0
232
0
305
0
0
0
148
138
0
112
170
0
114
240
0
163
164
114
277
0
0
0
0
0
117
183
112
0
92
221
0
188
0
192
137
153
0
352
0
0
0
0
203
0
128
0
88
159
191
154
163
163
137
132
114
0
199
97
138
0
142
0
77
132
141
101
86
165
102
0
142
133
126
190
0
87
0
104
230
0
0
192
0
333
0
0
0
0
0
0
137
146
140
76
364
0
0
0
0
146
0
79
141
294
0
0
179
148
0
110
162
0
242
0
230
0
0
115
122
88
0
171
0
234
0
0
192
0
0
76
84
121
176
106
0
173
0
155
177
0
0
167
0
84
193
0
168
0
233
0
120
191
116
0
177
254
0
0
0
165
0
150
172
0
0
0
174
0
101
86
178
185
229
0
164
0
151
0
88
144
226
0
0
0
85
111
78
203
0
0
84
81
189
206
0
194
153
0
177
203
0
82
106
109
202
0
0
0
0
188
75
227
0
0
79
193
186
0
99
150
0
86
114
0
247
0
0
131
0
139
149
0
95
242
0
0
160
0
167
229
0
160
0
120
100
151
87
158
0
0
0
220
0
194
0
152
0
221
0
144
0
182
0
134
141
233
0
151
171
129
122
0
163
0
224
0
189
0
167
0
107
105
126
224
0
0
154
178
97
87
161
125
165
191
86
179
111
169
135
138
0
179
0
154
141
0
249
0
242
0
0
247
0
128
198
145
0
99
76
101
153
113
180
0
0
0
188
150
0
100
380
0
0
0
0
157
163
145
0
100
96
113
77
116
0
116
132
129
0
139
150
189
84
184
0
183
0
0
114
0
155
117
178
0
177
237
0
121
196
137
106
224
0
0
101
75
144
0
173
78
305
0
0
0
77
196
0
0
241
0
259
0
0
148
0
0
215
0
183
157
0
0
98
242
0
190
0
0
157
189
156
192
221
0
0
74
104
160
0
171
0
110
145
184
77
155
0
86
195
113
92
193
185
0
100
174
91
123
92
189
159
130
0
118
179
194
157
103
98
195
0
0
239
0
0
181
0
145
226
0
0
0
141
278
0
0
0
143
0
125
181
0
120
0
111
243
0
0
0
0
0
209
0
144
110
128
96
79
108
0
158
119
109
160
176
83
109
188
156
154
0
0
225
0
0
0
154
197
102
78
310
0
0
0
185
0
0
186
196
0
0
129
111
82
190
204
0
197
112
280
0
0
193
174
122
172
0
165
107
87
141
0
171
113
148
0
100
168
199
159
134
92
350
0
0
0
0
0
0
230
0
78
170
158
194
212
0
0
0
82
210
0
0
147
141
0
213
0
227
0
0
233
0
196
333
0
0
0
0
0
0
234
0
0
150
0
128
174
0
183
0
138
178
0
228
0
187
0
132
158
0
140
180
179
108
207
0
205
0
158
94
189
0
180
172
0
162
0
0
192
166
0
0
123
201
0
121
0
198
0
80
130
161
97
210
0
208
0
0
78
83
180
0
0
169
191
122
0
208
0
257
0
0
165
0
167
221
0
175
274
0
0
149
177
0
187
171
115
169
0
120
131
213
0
102
0
217
0
0
0
0
235
0
153
122
160
0
130
88
136
0
79
125
0
137
105
132
0
253
0
194
238
0
0
176
81
0
186
203
0
119
85
141
0
135
246
0
109
0
121
165
157
191
153
197
147
0
213
0
150
78
234
0
84
202
0
246
0
124
134
0
108
243
0
0
0
136
166
82
85
0
152
154
0
159
134
198
264
0
82
122
167
126
128
0
140
123
0
214
0
186
0
187
241
0
204
0
119
151
299
0
0
0
0
186
261
0
0
78
158
0
252
0
0
0
146
207
0
92
111
0
170
177
169
0
158
201
0
121
75
320
0
0
0
0
0
106
121
0
133
129
196
198
0
75
223
0
0
80
194
161
135
0
108
210
0
161
0
188
128
0
153
242
0
160
92
186
139
244
0
0
128
147
195
194
0
101
135
101
159
0
0
122
0
117
158
0
176
259
0
82
204
0
143
191
167
0
152
195
0
0
176
216
0
238
0
168
0
215
0
171
0
0
266
0
0
0
154
210
0
246
0
109
0
202
0
0
0
0
76
170
162
90
113
166
0
0
133
289
0
0
0
0
177
0
119
272
0
0
0
237
0
244
0
0
0
0
218
0
0
192
0
0
178
196
77
191
258
0
0
162
77
176
87
173
187
0
159
103
231
0
184
201
0
125
247
0
0
121
161
98
158
128
186
0
143
383
0
0
0
0
0
120
0
128
183
0
162
309
0
0
87
144
155
180
152
0
226
0
147
106
194
129
176
146
171
0
0
136
212
0
120
163
148
206
0
0
95
190
183
0
198
109
0
0
149
81
118
88
158
155
149
169
198
182
100
95
0
158
0
123
0
130
0
188
182
184
0
79
252
0
0
217
0
185
192
0
0
150
77
170
242
0
0
0
129
116
185
0
0
0
113
0
109
207
0
0
148
0
214
0
178
122
141
180
186
159
0
158
0
143
0
204
0
216
0
120
95
140
0
145
166
74
85
194
177
90
182
113
117
123
114
116
181
152
103
148
92
147
103
137
0
129
0
203
0
0
246
0
0
161
101
186
177
0
168
175
0
96
164
129
0
163
270
0
0
129
104
104
77
77
153
152
158
187
169
140
255
0
0
188
177
0
0
146
165
118
0
107
252
0
0
121
0
181
88
135
177
244
0
262
0
0
0
0
273
0
0
153
331
0
0
0
0
0
154
147
159
0
0
146
148
0
191
180
0
0
208
0
190
0
151
100
124
183
136
0
98
175
192
0
249
0
197
195
0
207
0
138
113
209
0
79
135
76
132
209
0
160
97
104
121
140
97
0
171
167
177
120
124
0
127
161
0
0
211
0
189
77
128
0
93
169
80
87
210
0
0
275
0
0
0
225
0
0
139
167
233
0
0
0
93
201
0
0
78
173
0
167
0
0
129
255
0
0
377
0
0
0
0
0
0
172
196
112
93
282
0
0
124
193
214
0
152
140
0
161
90
158
87
117
146
163
179
152
0
0
111
0
160
168
232
0
0
0
171
155
74
88
164
192
0
146
120
305
0
0
0
192
82
314
0
0
0
92
198
151
0
127
0
109
197
0
126
0
177
146
163
165
180
164
0
165
0
127
211
0
182
0
111
95
91
151
107
134
0
109
86
164
0
0
0
174
224
0
157
119
105
196
151
214
0
0
98
111
218
0
165
166
160
0
135
76
168
105
193
0
253
0
0
205
0
199
198
275
0
0
0
99
96
0
211
0
0
106
303
0
0
155
170
157
0
111
175
114
133
192
145
199
242
0
140
0
138
0
97
134
0
207
0
155
121
0
0
138
152
195
100
199
0
90
145
76
110
117
124
123
0
104
148
167
129
203
0
94
256
0
0
155
102
117
228
0
0
0
143
195
150
130
103
0
118
148
215
0
128
139
152
268
0
0
155
0
203
0
75
80
74
199
166
0
189
105
0
100
83
155
141
103
84
92
99
247
0
182
163
122
0
0
185
177
0
198
0
187
0
195
129
111
123
130
0
229
0
0
135
108
107
173
0
194
0
197
169
0
183
0
209
0
0
118
138
155
206
0
134
129
149
133
148
153
161
89
127
0
0
124
80
144
194
0
179
0
196
127
0
108
145
190
172
0
186
179
222
0
0
0
0
184
89
99
136
145
155
0
121
170
0
116
0
91
249
0
181
0
158
100
231
0
0
165
135
184
203
0
182
0
94
148
300
0
0
0
98
82
110
97
118
104
158
111
96
113
200
0
194
0
0
255
0
192
185
229
0
0
314
0
0
182
198
81
107
173
139
87
199
0
164
0
103
156
147
0
87
190
188
189
153
164
0
173
141
189
147
150
190
74
77
259
0
0
0
0
0
140
144
100
196
156
192
133
199
195
190
153
271
0
0
74
224
0
0
94
0
141
180
0
154
84
156
158
173
0
108
194
0
97
0
158
125
284
0
0
197
0
0
185
151
185
0
128
0
183
180
82
176
0
179
261
0
0
87
0
115
187
146
146
121
190
0
153
171
166
0
95
265
0
110
138
153
191
113
130
0
183
226
0
0
0
0
0
103
134
149
130
110
196
115
104
115
99
228
0
0
110
343
0
0
0
124
153
152
407
0
0
0
0
0
0
87
198
259
0
0
0
102
89
80
220
0
225
0
113
0
136
143
0
174
182
191
0
109
180
0
158
0
132
227
0
121
212
0
0
136
100
235
0
109
192
0
0
108
202
0
0
141
114
0
167
226
0
153
177
135
91
0
119
127
133
136
0
113
164
0
103
75
189
191
0
118
0
77
109
176
0
191
0
147
0
216
0
97
118
0
239
0
186
164
262
0
0
177
191
0
0
135
0
165
110
180
182
125
191
233
0
0
135
0
542
0
0
0
0
0
0
0
0
226
0
181
106
183
0
184
138
228
0
297
0
0
0
100
168
85
176
0
0
91
135
83
172
199
0
0
92
237
0
0
146
0
112
95
82
189
0
148
148
81
184
285
0
0
86
231
0
0
128
312
0
0
0
0
0
105
207
0
194
0
0
0
129
148
142
231
0
0
0
169
181
93
233
0
177
106
156
108
146
0
74
145
192
183
0
0
120
199
120
0
150
152
97
98
150
145
134
195
181
0
214
0
170
154
288
0
0
170
142
0
104
195
0
84
105
156
0
0
95
176
143
126
166
160
0
208
0
145
0
264
0
198
0
148
198
188
104
101
0
176
0
122
172
180
190
79
148
135
268
0
0
0
0
0
168
133
124
124
78
129
0
256
0
145
0
0
93
159
0
0
179
254
0
0
84
74
136
127
75
117
0
106
184
159
0
0
104
179
240
0
0
96
167
80
189
170
0
129
338
0
0
0
76
111
119
197
0
122
192
0
139
155
117
125
221
0
117
183
163
107
0
116
274
0
0
195
195
123
98
260
0
122
0
141
0
124
210
0
194
0
178
0
211
0
119
103
174
74
110
108
131
75
161
135
126
97
123
150
0
75
175
0
233
0
0
109
319
0
0
0
0
168
124
95
167
97
173
107
264
0
0
0
93
110
146
130
85
153
89
88
185
126
166
171
168
76
94
147
0
132
0
74
176
0
83
0
152
0
123
142
187
84
96
0
173
178
141
365
0
0
0
0
104
253
0
0
189
119
152
169
143
130
87
195
0
171
0
0
109
0
0
100
120
0
0
154
0
199
0
0
140
198
131
118
131
131
116
187
94
149
0
0
124
125
0
164
0
0
238
0
0
209
0
152
158
247
0
0
93
0
199
0
213
0
183
217
0
0
0
154
302
0
0
0
97
207
0
191
148
273
0
0
299
0
0
159
189
0
176
0
107
173
109
139
197
150
0
181
115
0
201
0
98
94
0
135
130
187
102
132
81
129
125
202
0
0
0
149
111
165
0
0
123
143
253
0
149
420
0
0
0
0
0
0
190
186
0
0
131
199
0
133
0
168
288
0
0
0
185
133
188
101
0
252
0
0
199
0
191
0
0
0
141
0
91
155
133
190
133
182
101
0
121
202
0
158
96
160
153
167
101
188
150
255
0
0
166
166
96
95
0
130
0
208
0
86
0
197
147
284
0
0
0
139
0
198
0
263
0
0
0
171
0
0
130
75
186
0
185
232
0
245
0
0
188
262
0
0
0
161
0
134
0
178
110
182
218
0
160
82
122
0
179
80
173
175
0
0
0
127
173
0
0
194
192
0
287
0
0
0
195
0
87
188
94
143
199
117
148
98
183
251
0
0
112
143
81
0
197
0
0
177
140
199
97
0
156
173
131
188
196
103
94
166
124
136
121
159
0
84
111
93
213
0
0
119
178
267
0
0
118
93
108
156
93
85
175
77
184
80
117
103
118
144
0
178
287
0
0
0
0
134
148
245
0
189
219
0
197
135
135
110
0
83
147
0
247
0
192
92
191
0
0
0
0
108
121
91
161
74
339
0
0
0
0
234
0
0
164
163
0
159
178
0
120
204
0
133
191
0
0
89
0
143
74
185
150
258
0
189
177
148
0
185
164
197
0
0
105
129
429
0
0
0
0
0
118
0
87
156
91
273
0
0
161
130
174
127
80
0
141
107
108
119
90
154
201
0
105
122
135
177
0
0
168
0
116
178
0
136
224
0
135
0
0
175
220
0
87
99
197
0
143
0
138
0
197
0
202
0
0
193
173
124
198
78
130
163
200
0
176
198
0
0
190
255
0
0
0
117
0
161
108
187
177
0
212
0
0
145
128
261
0
186
80
144
250
0
0
133
256
0
125
0
85
274
0
0
0
158
189
205
0
153
0
147
179
186
168
0
0
0
0
0
0
184
131
167
120
92
187
144
96
175
0
0
194
0
151
0
163
276
0
0
189
132
188
0
105
128
0
197
111
122
0
268
0
0
0
0
0
163
203
0
0
166
105
194
193
223
0
0
129
196
118
185
77
80
169
181
0
0
235
0
88
76
157
0
118
0
173
0
161
130
152
86
233
0
0
243
0
119
182
101
132
104
80
199
182
0
126
162
0
75
120
0
99
92
109
110
125
0
178
0
0
0
136
106
189
0
107
185
254
0
0
0
129
136
206
0
0
232
0
0
188
0
225
0
242
0
0
194
0
0
86
131
204
0
0
166
224
0
0
111
0
113
194
154
186
159
164
232
0
300
0
0
0
92
0
155
0
217
0
0
171
186
120
169
0
129
135
228
0
99
187
150
0
82
187
145
181
146
136
0
193
0
168
184
156
167
0
146
0
93
98
160
0
199
171
93
235
0
103
191
205
0
0
0
95
150
0
101
165
234
0
0
0
0
134
0
262
0
0
98
83
145
131
317
0
0
130
177
189
172
0
0
192
82
145
120
128
87
199
99
95
108
85
103
128
198
121
136
158
205
0
179
0
144
101
164
0
129
138
142
0
105
96
122
137
191
123
0
0
100
186
166
128
0
123
193
273
0
0
117
111
138
244
0
0
111
171
198
0
0
134
139
0
0
182
0
197
0
224
0
129
177
83
160
0
156
111
123
95
107
175
89
147
0
190
0
0
192
120
102
157
137
255
0
0
130
166
191
0
178
267
0
0
0
269
0
0
273
0
0
0
0
0
175
139
133
77
172
0
171
0
158
151
158
148
227
0
151
268
0
173
159
168
87
140
127
95
95
155
0
138
134
165
194
204
0
119
118
0
170
0
0
0
148
0
136
173
0
253
0
0
197
80
199
97
199
0
0
296
0
0
183
313
0
0
0
0
132
0
154
193
119
163
152
189
0
0
160
0
187
146
132
142
217
0
0
145
143
195
257
0
0
130
143
120
146
162
145
134
161
125
187
165
0
124
174
232
0
0
118
139
184
197
0
85
134
0
135
185
80
158
82
277
0
0
175
0
151
154
161
103
193
96
0
136
0
141
0
182
0
0
122
150
108
0
123
200
0
80
185
0
0
247
0
163
0
456
0
0
0
0
0
0
119
84
136
194
78
116
108
107
121
146
0
90
143
123
0
191
119
195
175
0
0
197
152
76
160
222
0
0
0
0
145
171
80
151
167
0
199
154
100
162
0
136
145
0
0
0
154
166
0
87
179
108
141
0
95
165
176
148
166
105
183
273
0
0
285
0
0
0
0
151
272
0
0
0
168
0
0
165
140
197
154
95
183
139
87
80
115
86
0
172
144
0
148
161
138
187
128
241
0
0
164
126
210
0
0
201
0
146
0
167
0
154
0
151
82
200
0
0
152
221
0
156
244
0
113
190
0
136
183
0
0
190
196
0
0
187
199
127
229
0
0
151
104
199
79
186
0
200
0
0
199
0
0
138
129
145
90
91
83
184
130
207
0
0
220
0
195
0
189
78
81
284
0
0
238
0
0
139
0
144
142
158
184
0
0
341
0
0
0
0
177
0
163
0
197
0
167
191
0
0
143
167
0
137
0
176
84
237
0
0
0
109
172
0
137
0
126
0
164
184
109
0
157
0
94
156
211
0
122
160
200
0
0
80
177
254
0
0
0
138
97
145
0
79
112
84
252
0
152
0
125
100
84
0
321
0
0
0
134
140
146
74
170
131
76
108
151
164
123
151
121
0
197
163
0
0
0
146
186
0
0
165
0
178
250
0
0
164
132
104
119
106
228
0
0
0
0
152
184
0
277
0
0
0
0
155
0
93
151
158
295
0
0
156
178
150
197
193
348
0
0
0
0
0
88
120
0
167
140
0
85
198
143
0
159
246
0
120
206
0
171
0
196
141
176
209
0
0
191
0
210
0
0
220
0
256
0
159
146
161
85
152
0
96
193
0
198
119
100
249
0
0
0
154
90
127
170
0
149
74
102
128
83
208
0
221
0
0
146
156
164
0
151
150
0
229
0
0
191
0
180
0
0
178
182
92
157
107
176
122
189
120
0
140
174
122
147
196
0
142
105
0
301
0
0
0
0
0
0
0
161
120
132
98
0
98
168
0
255
0
113
115
80
129
78
158
112
0
167
93
198
0
153
0
111
253
0
130
124
152
107
130
156
0
0
184
0
216
0
237
0
144
253
0
0
0
132
0
251
0
0
257
0
0
146
169
0
106
121
243
0
0
109
295
0
0
0
0
209
0
111
77
167
160
0
130
192
224
0
215
0
156
75
235
0
0
253
0
0
85
120
373
0
0
0
0
0
0
212
0
109
242
0
0
111
182
229
0
0
0
150
214
0
80
170
0
0
162
188
0
108
75
183
301
0
0
0
0
159
0
162
199
0
179
0
276
0
0
0
175
0
133
206
0
0
123
101
0
162
177
0
126
194
0
82
170
144
0
222
0
109
90
182
195
183
181
0
141
118
100
196
212
0
0
188
0
164
168
0
182
166
253
0
130
158
132
191
0
0
215
0
159
125
91
98
0
0
291
0
0
86
158
193
144
166
194
157
100
182
235
0
0
0
0
0
85
102
135
0
174
116
87
81
76
142
157
0
104
101
0
109
0
195
178
119
0
194
158
84
249
0
182
274
0
0
159
177
352
0
0
0
0
0
242
0
0
0
156
141
162
223
0
248
0
169
108
159
159
91
113
155
127
173
173
110
140
171
201
0
167
270
0
0
94
183
0
154
0
159
93
139
143
83
138
221
0
92
176
168
0
106
213
0
145
176
0
167
118
0
148
0
0
181
0
84
201
0
86
181
260
0
0
93
184
0
85
232
0
0
178
303
0
0
0
0
89
76
0
136
144
206
0
97
104
0
224
0
209
0
142
96
209
0
184
184
135
128
0
176
220
0
129
0
219
0
225
0
187
128
143
0
90
160
0
133
0
222
0
173
0
186
0
0
0
0
179
127
193
143
148
187
162
235
0
0
0
184
237
0
245
0
0
131
173
0
115
164
108
158
174
167
127
0
193
154
115
0
128
143
128
114
271
0
0
147
84
171
193
86
93
127
0
192
132
0
0
143
165
282
0
0
185
196
130
161
0
0
364
0
0
0
135
117
234
0
0
116
127
196
0
153
147
141
91
108
108
168
197
0
209
0
263
0
0
92
152
167
0
283
0
0
179
243
0
0
177
0
110
165
0
199
0
170
199
0
307
0
0
0
0
198
169
0
91
290
0
0
77
122
134
197
214
0
0
245
0
125
187
181
145
142
0
188
0
0
186
157
0
181
177
0
185
0
159
180
0
160
286
0
0
0
140
0
184
0
147
121
173
108
100
159
0
86
98
115
0
117
113
0
90
82
182
131
120
0
133
0
148
198
0
200
0
0
161
0
127
150
0
164
0
96
179
217
0
0
0
0
148
314
0
0
0
182
199
166
122
0
118
132
160
175
239
0
183
0
217
0
0
224
0
190
0
128
229
0
0
190
0
197
164
0
93
0
121
120
0
165
0
141
0
186
79
196
133
198
0
135
0
192
0
167
130
119
182
174
90
173
138
0
0
0
147
0
345
0
0
0
0
0
214
0
0
0
109
256
0
166
220
0
194
98
198
141
0
82
206
0
144
0
186
90
123
0
154
166
99
259
0
0
134
254
0
0
177
178
165
147
265
0
0
156
104
82
208
0
121
185
0
175
175
170
94
180
97
135
100
93
193
0
0
199
0
108
156
0
323
0
0
0
170
182
0
208
0
115
97
196
164
0
149
161
171
0
74
205
0
0
0
140
98
94
184
0
0
131
148
0
112
172
0
86
89
125
114
0
91
210
0
107
115
181
155
90
146
99
147
233
0
0
0
103
94
196
159
183
268
0
0
96
169
100
283
0
0
91
136
0
187
0
111
0
141
0
189
126
247
0
0
0
133
220
0
0
116
94
194
0
0
158
0
97
125
196
0
0
227
0
0
0
128
192
0
142
226
0
0
227
0
96
163
88
88
203
0
135
104
175
178
83
168
140
0
106
248
0
198
109
113
0
140
177
0
0
126
138
0
123
134
212
0
0
179
216
0
98
196
93
159
189
152
194
117
136
210
0
205
0
196
0
0
155
273
0
0
117
0
146
164
254
0
0
83
0
175
161
183
188
0
126
314
0
0
0
0
0
255
0
0
0
0
137
0
215
0
176
0
219
0
82
96
125
0
0
119
176
0
0
124
180
0
191
108
156
130
167
249
0
130
129
176
196
134
133
88
218
0
231
0
83
173
0
131
0
163
179
226
0
0
226
0
0
149
0
91
242
0
189
222
0
107
100
194
164
195
340
0
0
0
0
0
196
119
98
173
207
0
131
114
0
135
0
229
0
178
120
196
256
0
0
0
172
216
0
183
235
0
0
82
168
187
0
0
82
240
0
0
0
0
229
0
139
0
251
0
0
0
80
114
0
174
201
0
149
146
0
184
0
187
184
178
194
96
79
195
171
182
284
0
0
231
0
0
0
95
186
0
114
141
0
157
0
147
172
0
112
148
171
93
99
133
85
141
163
196
129
241
0
165
120
92
268
0
0
184
0
0
199
101
142
119
0
0
193
182
0
173
0
126
149
0
149
0
165
0
351
0
0
0
0
0
85
237
0
0
0
0
189
127
0
210
0
202
0
217
0
0
74
144
149
0
172
152
116
161
260
0
115
198
0
79
112
119
152
0
0
0
263
0
0
140
83
228
0
0
100
131
194
164
0
189
0
117
0
0
109
155
79
193
0
180
196
271
0
0
0
0
0
0
167
133
85
117
0
178
205
0
186
139
0
0
0
163
102
196
0
0
112
201
0
195
113
147
0
0
86
144
189
134
180
178
0
187
176
183
224
0
102
0
206
0
164
194
312
0
0
0
256
0
0
124
109
209
0
151
0
0
166
0
0
145
186
107
368
0
0
0
0
0
128
0
181
0
112
198
0
82
167
175
152
0
0
171
105
118
133
175
0
0
140
164
0
212
0
0
0
87
78
174
95
211
0
168
83
223
0
152
0
187
91
195
101
154
102
260
0
0
166
0
165
0
108
224
0
114
319
0
0
0
162
148
103
114
196
154
0
145
183
0
0
0
82
197
126
0
100
81
87
0
174
179
164
203
0
235
0
113
120
0
84
161
167
0
113
109
121
0
433
0
0
0
0
0
0
0
75
242
0
136
219
0
158
84
221
0
97
189
82
152
151
0
0
164
0
195
217
0
0
189
0
0
97
126
224
0
231
0
0
74
131
0
0
196
157
286
0
0
0
102
200
0
114
144
132
0
117
140
203
0
103
192
0
0
173
242
0
0
92
98
100
177
196
194
127
0
168
113
111
152
228
0
0
184
0
256
0
0
124
141
195
181
0
0
112
92
234
0
0
150
0
157
188
0
0
165
126
143
173
0
0
83
187
163
234
0
0
192
138
0
224
0
0
0
88
152
175
99
92
0
174
228
0
0
128
110
148
0
103
0
103
140
178
193
0
88
195
0
121
76
128
0
193
0
140
155
0
0
250
0
0
178
80
228
0
129
0
164
157
172
137
131
100
194
104
151
120
143
0
152
143
97
92
238
0
0
0
148
0
163
0
0
156
284
0
0
156
84
86
106
178
160
145
266
0
0
108
0
151
0
154
161
182
0
199
0
125
99
153
124
120
74
422
0
0
0
0
0
0
0
0
0
205
0
0
130
0
204
0
174
167
0
169
0
0
188
0
186
0
164
92
169
0
168
122
0
0
178
92
212
0
0
79
171
74
124
147
138
103
175
140
220
0
0
97
162
0
152
198
145
159
118
162
0
0
75
161
0
166
195
191
124
250
0
0
135
181
196
158
0
169
98
153
150
214
0
141
213
0
157
201
0
87
169
0
0
164
159
142
86
147
0
249
0
82
134
0
128
0
186
81
74
427
0
0
0
0
95
0
161
288
0
0
145
169
0
0
0
179
129
103
187
318
0
0
0
189
193
223
0
127
196
203
0
179
0
160
88
267
0
0
186
0
243
0
0
0
0
129
81
108
75
179
94
143
150
0
191
175
89
145
0
261
0
0
138
197
112
177
104
97
139
152
186
0
160
178
0
166
107
0
102
162
185
0
0
0
145
389
0
0
0
0
174
0
128
179
90
109
0
149
133
133
186
149
0
202
0
270
0
0
155
0
194
102
0
143
0
85
95
139
159
0
175
117
0
120
81
100
74
144
91
283
0
0
162
0
0
85
161
90
107
91
176
0
175
85
76
111
90
0
78
239
0
0
134
199
0
173
139
0
217
0
174
212
0
0
252
0
123
0
125
177
135
96
148
0
195
163
150
0
188
74
117
0
0
179
0
0
85
78
196
0
0
153
172
193
322
0
0
0
185
0
298
0
0
0
0
146
0
136
0
164
76
208
0
93
77
197
126
152
181
89
187
0
145
0
98
179
198
0
81
119
77
156
148
75
163
0
160
116
100
180
199
252
0
0
183
0
306
0
0
115
118
0
135
0
122
194
0
178
76
159
0
182
0
87
192
244
0
0
0
0
186
177
0
136
188
180
0
150
0
183
0
147
286
0
0
111
160
0
98
196
183
179
0
181
157
158
197
160
0
112
121
107
77
90
168
173
0
100
123
79
174
0
97
108
209
0
202
0
179
188
158
154
172
186
0
176
0
110
181
101
139
0
192
0
0
201
0
0
141
259
0
0
234
0
0
137
177
77
239
0
0
375
0
0
0
0
0
0
0
360
0
0
0
0
173
79
180
0
110
104
126
184
93
219
0
75
155
0
135
93
0
153
223
0
0
241
0
0
138
142
0
211
0
118
193
201
0
176
0
93
116
0
169
118
191
0
184
176
0
98
0
188
0
147
0
172
204
0
155
126
82
83
91
227
0
0
216
0
172
97
0
175
150
0
98
122
0
0
98
114
173
0
177
167
0
220
0
290
0
0
0
115
106
240
0
178
168
0
0
161
82
138
86
133
126
0
257
0
0
348
0
0
0
0
0
159
166
124
251
0
169
0
149
182
177
0
112
136
77
87
122
0
102
160
0
165
146
145
206
0
0
0
0
138
147
0
151
0
269
0
0
0
94
123
235
0
220
0
142
78
194
0
0
0
146
86
123
0
156
0
102
218
0
110
182
107
0
225
0
0
178
0
0
79
120
146
80
199
0
180
250
0
146
134
107
148
240
0
0
0
146
0
98
197
0
0
0
0
109
0
0
114
124
140
102
86
134
199
0
91
160
111
77
169
0
211
0
159
0
198
0
0
172
217
0
84
196
0
151
0
185
0
106
227
0
77
198
231
0
180
190
262
0
0
78
289
0
0
0
0
107
166
86
100
149
0
136
0
0
189
161
0
139
195
0
146
147
0
103
119
106
103
187
195
158
116
0
115
213
0
0
156
229
0
219
0
141
154
0
162
107
83
137
0
110
150
106
121
0
143
0
0
126
0
287
0
0
0
0
0
183
157
212
0
223
0
204
0
172
0
90
164
0
175
0
127
116
167
95
121
0
162
225
0
0
135
114
0
150
0
160
191
0
146
124
162
192
0
103
153
0
192
115
185
190
0
145
0
171
0
104
79
150
120
234
0
142
180
249
0
0
170
125
117
0
133
184
199
109
188
0
89
158
155
0
82
146
147
123
182
252
0
0
0
0
176
153
187
0
213
0
240
0
97
99
111
160
122
160
0
82
0
113
321
0
0
270
0
0
93
0
187
122
185
0
192
0
126
0
339
0
0
0
148
108
157
268
0
105
159
144
74
191
267
0
172
316
0
0
0
0
0
0
103
216
0
135
134
0
166
0
162
251
0
168
138
0
105
139
215
0
0
225
0
0
0
265
0
0
0
0
0
205
0
0
364
0
0
0
0
133
189
119
0
149
0
359
0
0
0
178
0
100
75
143
235
0
191
112
211
0
175
0
250
0
0
166
121
92
184
132
86
144
0
0
113
144
0
91
211
0
0
324
0
0
0
0
112
185
181
201
0
92
120
195
0
163
0
0
88
193
85
134
254
0
0
0
0
162
202
0
0
193
101
183
0
112
142
0
149
0
93
125
0
171
170
138
0
378
0
0
0
0
187
135
0
214
0
102
181
296
0
0
76
135
0
191
113
182
294
0
0
248
0
0
168
127
132
0
0
208
0
186
0
167
193
0
177
0
101
159
96
0
183
0
187
0
138
148
159
0
0
110
96
94
119
200
0
0
215
0
134
174
104
276
0
0
359
0
0
0
174
168
163
0
268
0
0
0
0
115
122
254
0
0
179
167
90
134
0
199
0
204
0
0
0
179
124
158
0
121
180
154
0
141
106
186
195
157
0
0
136
158
163
179
88
0
90
226
0
0
96
155
178
148
0
158
193
0
137
0
153
152
95
164
172
162
79
196
82
169
107
0
232
0
220
0
0
258
0
0
199
110
131
143
0
194
0
0
0
121
0
142
142
171
163
152
167
136
0
207
0
135
229
0
235
0
91
248
0
0
165
0
281
0
0
0
192
224
0
245
0
135
227
0
139
130
0
179
150
0
0
218
0
216
0
124
176
127
145
182
220
0
134
154
81
96
0
0
172
106
176
0
184
91
189
0
110
172
198
81
124
0
189
101
0
119
124
172
0
127
118
0
130
155
177
0
82
94
84
151
148
113
154
0
191
222
0
0
0
113
189
263
0
0
0
145
0
161
0
186
179
0
167
198
0
0
80
164
0
109
156
181
368
0
0
0
0
104
0
0
136
196
0
0
163
0
115
91
190
0
133
0
0
150
387
0
0
0
0
170
182
0
0
156
0
153
175
0
187
0
99
187
228
0
292
0
0
0
0
108
153
114
91
182
0
140
79
192
94
212
0
0
123
0
231
0
212
0
0
139
89
122
0
218
0
0
190
148
124
0
0
133
119
227
0
113
85
131
0
94
101
0
84
148
0
115
0
168
0
118
0
178
0
279
0
0
0
263
0
0
86
116
0
0
91
91
0
99
187
85
103
0
0
157
201
0
115
231
0
83
95
150
90
192
131
119
125
176
78
75
76
166
239
0
159
85
223
0
0
0
255
0
0
98
199
225
0
0
174
144
84
184
177
0
105
197
99
145
88
132
234
0
211
0
203
0
0
196
164
144
152
0
176
239
0
0
0
124
117
147
0
127
153
140
0
148
156
164
181
185
0
0
0
156
0
0
186
194
198
154
137
241
0
151
248
0
0
0
131
149
126
107
149
0
143
180
0
198
0
153
109
138
236
0
0
193
0
141
76
168
0
0
140
217
0
0
0
147
137
0
184
0
260
0
0
0
195
133
184
0
190
184
0
0
195
0
78
221
0
0
0
288
0
0
112
99
130
0
97
132
0
180
106
121
176
0
120
168
104
111
141
176
76
302
0
0
0
169
163
0
86
87
177
171
269
0
0
0
199
74
178
0
0
108
171
0
131
84
182
217
0
150
291
0
0
0
139
271
0
0
101
0
138
272
0
0
0
171
221
0
191
134
0
188
134
107
116
272
0
0
84
240
0
0
97
138
153
169
0
248
0
129
120
80
168
0
176
0
145
74
306
0
0
90
99
161
102
193
0
156
204
0
0
185
0
100
197
194
176
226
0
75
176
288
0
0
0
157
161
167
235
0
153
0
193
166
79
147
197
0
0
148
0
112
273
0
0
0
148
253
0
0
0
117
158
91
80
95
250
0
179
0
163
0
74
94
139
165
0
209
0
0
152
252
0
0
264
0
0
170
0
0
176
107
294
0
0
188
0
166
118
110
176
0
106
137
109
0
132
0
131
141
0
0
268
0
0
0
142
0
185
0
228
0
147
283
0
0
174
85
171
132
124
127
105
0
195
132
172
149
156
236
0
146
0
146
277
0
0
0
0
139
99
88
243
0
0
0
169
150
96
186
165
117
90
240
0
0
181
79
217
0
0
0
109
0
176
199
80
110
198
0
148
99
0
217
0
0
150
136
0
172
159
293
0
0
0
198
125
135
97
165
141
134
125
199
217
0
320
0
0
0
0
122
259
0
0
133
178
163
302
0
0
0
192
0
143
177
0
0
0
210
0
224
0
119
0
196
0
0
221
0
116
189
0
106
182
0
0
175
0
0
74
172
0
0
162
102
191
0
90
177
0
170
245
0
0
161
141
76
133
252
0
129
177
0
0
0
248
0
0
167
179
0
0
103
190
222
0
224
0
336
0
0
141
0
183
0
100
99
124
78
194
177
183
0
0
230
0
0
0
137
187
264
0
0
0
113
169
180
211
0
114
191
162
116
75
166
142
95
205
0
0
128
161
0
0
130
80
248
0
0
0
136
102
191
149
205
0
116
225
0
0
162
205
0
170
225
0
172
151
162
0
93
219
0
0
125
103
0
156
278
0
0
0
0
155
148
0
137
205
0
0
198
200
0
182
100
174
83
131
0
131
0
174
173
232
0
122
182
0
84
154
131
192
87
79
133
101
96
0
119
78
165
0
77
90
178
86
74
270
0
0
285
0
0
0
170
172
197
117
0
128
196
0
214
0
160
236
0
177
145
0
150
0
165
0
0
128
0
118
119
160
0
0
133
192
165
231
0
93
134
172
0
0
192
207
0
138
129
106
164
0
118
209
0
0
0
0
151
0
149
0
104
169
148
0
179
93
0
87
168
147
163
183
161
0
108
142
228
0
0
139
159
108
74
116
0
0
188
121
102
134
180
176
177
81
223
0
121
106
171
0
198
0
80
128
0
346
0
0
0
0
135
177
87
196
173
182
176
0
198
224
0
157
166
0
77
90
191
0
0
180
170
0
89
90
160
128
122
170
292
0
0
92
139
0
193
0
330
0
0
0
0
127
0
285
0
0
0
120
189
245
0
0
0
91
152
213
0
0
0
133
204
0
214
0
0
0
196
100
193
105
190
191
167
169
194
151
0
84
183
235
0
247
0
0
0
179
0
0
148
129
126
100
0
259
0
135
180
0
109
0
99
126
281
0
0
0
199
208
0
164
174
139
192
0
130
127
196
74
167
0
0
203
0
134
0
127
199
165
92
125
177
154
170
115
127
165
0
83
94
146
0
0
96
111
138
0
0
95
76
118
158
0
0
74
119
170
115
102
0
176
0
185
248
0
0
154
0
248
0
191
157
76
119
182
130
129
149
0
142
98
110
112
87
0
103
113
221
0
81
211
0
133
189
0
171
0
230
0
0
0
88
182
560
0
0
0
0
0
0
0
0
0
0
0
151
156
146
116
99
183
0
98
223
0
136
173
197
0
0
221
0
0
182
155
184
140
168
0
196
187
179
110
132
0
150
100
141
140
197
0
193
162
211
0
247
0
0
0
132
197
76
170
144
174
137
0
202
0
183
114
92
115
142
199
277
0
0
191
0
138
139
0
180
185
141
88
0
93
167
181
81
163
0
125
0
0
250
0
0
190
102
0
196
168
177
227
0
0
74
151
132
0
249
0
0
225
0
0
302
0
0
0
0
100
157
0
0
0
133
78
203
0
0
175
261
0
158
184
149
233
0
0
0
0
0
82
247
0
0
180
74
126
130
138
151
183
128
122
91
82
130
123
113
81
148
108
244
0
0
143
195
84
152
0
0
133
0
231
0
0
95
163
0
163
195
94
193
0
0
157
0
189
138
107
153
132
103
182
94
0
104
163
0
150
85
154
0
99
188
174
114
225
0
141
103
83
152
155
175
0
244
0
0
113
119
0
315
0
0
0
0
126
123
0
0
141
170
233
0
0
170
191
154
102
116
0
180
0
199
190
0
0
0
0
78
0
150
0
146
98
81
88
80
136
165
159
200
0
0
176
0
0
237
0
0
168
0
0
272
0
0
97
139
122
160
0
0
203
0
150
199
0
0
145
0
194
0
82
201
0
181
0
245
0
0
96
93
152
165
0
194
0
117
182
0
0
101
160
139
117
0
198
144
157
0
165
212
0
179
0
0
240
0
0
0
197
0
0
0
224
0
175
100
0
190
124
218
0
149
140
227
0
0
0
0
0
139
204
0
138
305
0
0
0
0
93
81
138
126
97
180
83
204
0
79
162
119
132
0
166
178
0
131
190
84
238
0
98
172
0
153
104
169
137
0
148
271
0
0
0
0
102
264
0
0
0
0
151
0
0
159
140
363
0
0
0
0
0
78
125
0
283
0
0
0
89
95
122
263
0
0
173
191
147
96
0
188
0
0
179
84
80
159
0
188
127
197
0
77
148
242
0
101
96
0
109
242
0
0
0
295
0
0
0
0
132
0
187
150
119
0
202
0
212
0
270
0
0
0
155
161
130
0
0
165
162
0
129
0
208
0
138
135
83
93
0
276
0
0
159
247
0
0
0
76
175
0
155
0
222
0
0
0
172
0
0
222
0
0
0
153
0
0
107
142
212
0
171
0
108
149
227
0
210
0
0
109
127
119
0
119
182
0
169
213
0
203
0
0
119
84
0
191
169
74
180
0
0
194
115
182
170
130
0
131
178
340
0
0
0
0
166
0
144
196
0
78
163
0
290
0
0
0
123
236
0
109
172
0
74
173
168
0
210
0
164
180
0
249
0
0
0
182
0
0
0
99
78
110
0
141
0
147
139
97
198
102
140
0
98
141
165
0
137
0
166
139
151
0
148
0
109
102
167
0
161
129
251
0
157
85
158
0
189
197
0
149
195
191
99
150
145
0
153
202
0
163
187
0
0
143
0
126
0
185
0
0
91
137
0
109
123
191
150
149
188
0
0
0
155
0
188
189
155
111
163
138
111
241
0
0
0
170
112
205
0
220
0
89
106
184
123
129
0
131
0
150
154
0
143
191
209
0
137
0
0
117
198
0
178
156
163
0
163
115
107
230
0
165
0
103
123
135
75
81
128
221
0
125
223
0
0
0
110
100
129
147
0
0
173
0
0
94
128
121
0
168
0
348
0
0
0
0
129
188
139
193
142
195
0
136
153
244
0
184
213
0
0
0
93
88
179
152
180
180
147
0
218
0
163
119
107
0
0
143
0
105
0
232
0
0
0
89
106
179
0
0
163
164
122
198
0
196
180
131
137
170
174
163
169
248
0
154
227
0
115
204
0
277
0
0
0
125
180
0
133
242
0
166
193
90
167
148
187
0
239
0
0
0
89
144
0
0
192
0
122
121
176
0
0
121
0
175
0
165
143
146
103
86
175
183
0
127
159
0
151
141
208
0
146
251
0
0
175
0
94
188
177
0
166
0
167
99
167
246
0
0
129
147
0
128
115
131
244
0
0
0
184
75
96
204
0
274
0
0
198
184
0
108
152
0
111
0
369
0
0
0
0
0
0
0
109
116
209
0
0
0
114
93
303
0
0
0
0
162
0
171
0
143
109
148
284
0
0
0
0
134
106
172
247
0
141
0
170
126
179
0
0
191
116
0
106
181
112
166
93
199
160
204
0
151
0
139
87
164
100
263
0
80
158
0
190
91
159
127
201
0
180
201
0
103
177
180
138
0
127
0
146
199
188
0
159
211
0
0
246
0
0
0
196
211
0
178
159
0
207
0
0
197
75
183
193
252
0
0
0
0
0
0
157
107
132
190
149
192
128
152
91
179
185
154
0
79
189
160
0
0
0
0
88
106
115
169
0
195
215
0
228
0
0
150
120
0
153
0
84
159
0
160
0
130
309
0
0
0
325
0
0
0
144
160
140
0
95
152
0
114
0
85
175
172
0
98
172
215
0
137
141
0
0
84
343
0
0
0
0
0
0
0
195
219
0
0
195
131
420
0
0
0
0
0
0
136
192
0
0
102
141
166
99
210
0
254
0
0
126
83
159
127
157
131
80
181
199
195
163
95
190
131
167
112
198
192
90
185
0
183
227
0
0
0
179
196
0
0
198
148
0
321
0
0
0
111
181
180
129
81
157
0
0
230
0
143
0
79
106
216
0
96
95
299
0
0
0
174
175
0
167
171
214
0
203
0
330
0
0
0
233
0
0
170
119
94
80
157
130
0
0
210
0
198
170
284
0
0
0
211
0
165
228
0
0
174
0
138
182
245
0
0
177
0
0
185
78
157
169
0
201
0
202
0
0
179
0
154
161
146
0
84
0
122
104
113
165
107
89
123
120
159
0
147
138
0
174
0
228
0
0
0
169
237
0
230
0
176
0
157
147
122
184
158
190
210
0
293
0
0
87
182
158
163
175
184
0
127
0
181
184
122
184
233
0
0
0
106
128
139
180
79
84
129
158
0
206
0
196
181
0
99
183
0
83
140
136
96
173
167
0
0
129
228
0
0
0
204
0
113
285
0
0
0
0
207
0
0
150
175
133
155
130
122
249
0
0
132
0
197
113
184
305
0
0
0
0
0
184
0
109
200
0
0
211
0
0
137
0
164
168
126
0
239
0
0
258
0
0
151
0
0
139
0
0
0
0
109
237
0
202
0
197
211
0
161
147
84
168
0
0
0
145
249
0
0
0
146
170
0
0
191
96
113
114
211
0
177
170
189
0
183
223
0
193
164
125
0
172
0
228
0
110
198
140
83
192
197
0
0
214
0
158
227
0
0
159
159
153
104
166
185
117
0
0
79
237
0
121
161
194
0
74
112
189
0
94
146
108
153
145
114
104
143
182
149
216
0
0
153
0
152
0
0
85
154
0
186
281
0
0
0
156
143
105
193
127
169
195
113
0
167
178
83
96
194
190
0
140
99
81
162
0
184
387
0
0
0
0
0
162
0
85
123
240
0
0
168
201
0
262
0
142
0
76
99
185
296
0
0
0
0
0
93
97
97
142
129
86
159
112
82
371
0
0
0
0
0
0
151
121
141
76
176
97
215
0
259
0
0
195
170
221
0
132
0
0
142
0
164
0
0
145
126
91
166
0
272
0
124
101
179
91
118
174
0
105
116
171
170
0
158
0
141
0
233
0
116
0
0
141
76
224
0
0
0
143
238
0
0
148
104
132
153
159
0
328
0
0
0
96
92
117
180
128
156
0
0
0
126
181
0
0
264
0
0
0
185
179
135
185
178
0
0
112
91
76
277
0
0
89
193
99
0
124
296
0
0
247
0
145
0
132
244
0
191
0
115
152
81
162
199
0
159
184
0
149
0
0
223
0
0
0
96
98
117
192
173
249
0
0
263
0
0
139
199
103
117
194
199
141
221
0
134
199
0
0
150
0
103
126
128
0
0
173
275
0
0
0
149
0
116
0
224
0
119
160
162
193
236
0
0
174
228
0
0
199
196
187
184
0
267
0
0
160
109
165
0
97
142
0
171
181
96
205
0
273
0
0
148
136
87
298
0
0
0
165
0
0
128
180
125
181
0
138
134
0
195
0
0
188
141
179
0
0
87
123
116
0
133
197
120
175
204
0
0
129
225
0
96
125
278
0
0
241
0
123
105
108
228
0
184
188
142
0
150
101
81
154
264
0
0
0
386
0
0
0
0
0
0
0
0
84
92
183
174
171
116
184
0
0
172
96
252
0
0
0
123
177
161
0
141
139
169
0
0
189
0
258
0
0
169
166
0
153
109
324
0
0
0
0
0
138
213
0
149
132
107
0
274
0
0
0
0
146
268
0
161
121
0
153
130
211
0
0
0
144
204
0
273
0
0
217
0
133
144
86
252
0
0
141
162
233
0
200
0
161
204
0
0
0
151
152
0
202
0
0
84
124
220
0
160
0
96
169
109
229
0
182
158
0
216
0
0
154
129
148
85
168
0
213
0
0
0
86
171
148
181
134
120
0
143
0
118
213
0
176
209
0
153
81
238
0
0
173
173
172
103
0
182
191
80
173
0
177
0
227
0
0
236
0
0
0
103
125
167
110
193
0
185
167
146
236
0
0
115
195
125
308
0
0
169
120
116
178
192
0
212
0
104
0
81
192
134
163
0
0
0
99
97
123
130
252
0
0
244
0
237
0
213
0
0
265
0
103
103
187
202
0
181
154
0
132
138
152
78
94
95
103
137
105
0
166
118
109
136
176
0
120
156
144
189
153
186
118
188
199
172
79
125
92
192
0
230
0
0
312
0
0
0
0
82
192
0
191
159
0
178
0
0
0
124
316
0
0
0
164
108
159
145
137
107
199
0
204
0
134
180
0
86
189
129
0
114
200
0
111
123
0
149
196
0
160
0
114
161
0
0
182
166
121
0
197
0
286
0
0
0
206
0
124
128
0
289
0
0
161
199
188
245
0
159
0
156
0
165
199
0
115
0
245
0
0
0
184
151
102
0
86
145
0
0
153
154
0
0
161
163
95
75
122
254
0
280
0
0
0
0
98
131
134
0
189
136
0
154
450
0
0
0
0
0
165
191
189
0
133
215
0
0
137
210
0
0
179
156
0
0
184
119
207
0
116
0
161
0
128
180
0
290
0
0
0
177
153
180
150
184
0
0
169
82
108
174
102
164
0
177
167
155
110
0
112
138
202
0
0
135
129
0
79
82
173
151
178
300
0
0
0
0
241
0
160
86
143
0
85
143
147
99
106
184
138
97
187
101
132
163
134
216
0
178
99
171
95
130
139
156
81
230
0
94
193
77
0
122
0
189
164
86
97
168
155
0
232
0
249
0
103
205
0
0
0
121
170
89
126
197
0
103
231
0
178
0
248
0
0
0
163
137
0
133
110
0
219
0
177
147
165
184
157
191
230
0
161
0
0
170
220
0
147
186
118
256
0
82
90
167
182
0
0
219
0
141
0
116
0
100
194
93
92
151
215
0
0
173
143
165
0
162
0
0
114
127
181
166
111
166
121
0
221
0
0
131
128
0
130
134
235
0
0
0
109
191
196
250
0
0
112
197
208
0
125
105
121
0
126
0
168
164
245
0
0
147
76
88
156
84
194
160
196
225
0
178
0
146
0
112
269
0
0
140
0
113
0
94
171
186
248
0
0
0
0
206
0
81
139
0
0
238
0
0
165
254
0
0
150
0
109
0
117
192
115
105
156
124
176
106
149
188
0
212
0
204
0
74
199
191
147
171
159
153
163
198
0
129
74
233
0
96
95
302
0
0
0
0
0
109
79
138
152
152
137
169
139
0
81
90
117
185
163
164
0
129
0
220
0
0
91
0
149
182
127
133
267
0
0
205
0
205
0
113
160
191
136
185
125
0
134
83
165
146
118
0
75
191
126
139
0
144
329
0
0
0
0
163
207
0
115
212
0
0
0
0
145
167
0
94
171
115
133
177
148
168
159
202
0
193
176
206
0
123
0
255
0
0
114
184
292
0
0
164
186
0
158
118
127
169
154
0
148
235
0
174
116
173
83
175
176
0
148
256
0
0
0
151
0
267
0
0
207
0
136
157
130
172
132
0
194
0
184
0
0
190
193
177
154
181
155
194
133
189
143
174
0
0
134
0
157
0
138
0
121
308
0
0
0
136
169
98
168
0
168
0
161
225
0
0
0
94
187
0
216
0
199
0
246
0
104
113
136
0
0
115
0
168
174
206
0
178
88
227
0
0
120
0
164
183
194
186
0
90
184
0
137
185
0
0
0
164
74
194
0
178
179
0
0
236
0
0
198
0
0
180
0
0
0
142
206
0
192
0
0
190
216
0
90
168
140
0
199
0
137
148
0
153
198
199
162
154
217
0
0
0
242
0
177
198
0
143
129
185
0
171
0
196
0
206
0
0
0
79
202
0
182
0
106
0
171
112
199
0
135
183
0
0
81
0
192
76
96
211
0
108
110
184
0
133
0
0
0
358
0
0
0
108
211
0
0
0
0
184
0
142
0
111
207
0
144
105
192
108
209
0
0
139
0
94
194
0
181
0
79
159
268
0
0
0
140
200
0
148
165
0
176
0
0
0
192
0
106
96
77
75
138
130
128
161
164
176
0
262
0
0
0
167
86
114
136
235
0
160
0
121
0
0
234
0
99
109
0
154
104
170
98
1701326