89
72
190
0
178
146
66
111
0
65
119
126
73
0
74
120
195
111
144
0
211
0
0
127
75
126
134
119
107
102
0
92
64
100
0
128
49
149
155
68
65
0
131
0
149
213
0
158
138
162
0
57
62
64
193
146
64
173
0
137
183
68
140
0
0
124
176
143
196
75
164
0
161
65
104
58
140
54
164
0
129
59
161
177
180
0
153
176
0
135
180
78
157
0
75
59
138
0
0
139
79
161
0
119
155
168
196
143
0
0
170
0
50
150
127
72
0
164
89
0
0
158
102
100
0
156
0
148
185
0
0
162
0
110
0
132
144
184
65
147
59
71
0
87
50
178
162
145
111
0
120
184
79
191
98
0
122
57
153
0
103
154
49
101
65
161
0
0
58
171
81
197
197
0
161
72
0
89
0
128
183
173
69
0
196
141
53
78
96
127
147
164
167
159
50
0
98
158
0
134
95
110
90
120
195
85
0
0
0
61
208
0
181
104
103
164
125
110
129
127
168
61
0
196
0
62
161
128
201
0
155
0
113
148
0
112
64
148
172
155
156
67
113
151
73
0
0
178
198
172
68
216
0
0
149
0
94
53
151
59
149
128
0
167
0
148
173
85
0
0
91
103
176
186
129
144
96
133
157
0
50
247
0
0
128
197
0
149
188
186
0
107
152
59
161
85
103
94
118
118
0
192
0
97
172
0
57
71
158
167
145
185
191
170
116
173
175
70
171
143
133
0
189
50
54
91
196
65
67
176
168
182
153
61
74
60
92
140
0
0
0
168
0
0
183
113
129
162
153
108
130
0
124
144
157
158
86
0
89
105
109
78
93
67
64
131
169
109
60
155
0
87
102
96
185
0
0
71
84
95
0
52
127
178
70
82
0
93
0
190
229
0
0
76
115
72
173
0
51
171
0
111
234
0
120
110
153
0
0
62
97
157
78
0
110
82
168
70
194
57
149
111
0
142
139
53
165
90
106
57
140
95
142
85
0
104
113
0
125
61
115
0
173
147
212
0
0
137
0
120
0
193
169
94
81
100
70
79
79
203
0
136
104
72
0
134
186
0
189
131
0
0
128
130
59
116
88
184
0
0
102
0
188
132
79
0
197
142
128
66
0
147
0
119
90
79
107
128
0
96
95
0
65
82
176
149
0
141
114
106
158
113
56
0
107
176
178
89
0
97
91
169
196
87
167
139
182
176
182
0
119
0
170
0
208
0
140
196
53
184
126
89
144
160
131
66
106
96
75
0
0
136
236
0
0
197
124
111
186
102
100
193
0
88
152
112
100
66
63
49
0
162
65
171
114
174
61
228
0
223
0
0
0
104
0
194
90
100
49
159
136
53
145
125
118
97
63
130
181
0
0
150
127
64
57
0
145
72
138
0
109
115
146
71
187
124
185
110
65
185
90
0
206
0
94
0
79
0
159
189
93
163
63
58
164
189
0
109
136
177
178
153
193
95
139
0
195
193
148
106
136
166
141
116
165
0
199
158
172
86
0
184
0
90
186
79
59
156
71
93
116
62
139
168
0
87
114
109
0
175
0
106
164
0
107
105
185
101
137
51
50
97
183
0
0
205
0
106
150
0
0
184
185
131
154
85
91
175
0
185
131
156
88
0
151
196
90
178
170
171
137
161
126
115
151
84
0
140
0
55
71
156
114
97
147
66
153
114
0
170
72
160
140
155
0
93
179
0
198
197
0
182
57
0
69
0
69
198
195
125
68
166
0
52
111
97
0
162
134
115
194
215
0
74
146
117
0
136
102
110
74
197
0
51
191
184
124
84
204
0
136
165
0
54
231
0
0
0
115
157
195
81
138
182
163
102
0
69
59
167
111
0
114
72
169
0
156
152
176
155
100
91
144
141
66
212
0
0
157
121
75
71
154
0
181
126
159
97
65
0
54
77
170
0
130
74
175
169
80
153
172
0
110
183
128
63
89
181
0
224
0
0
111
197
160
165
135
66
195
127
0
0
54
0
86
0
0
56
0
0
79
95
65
76
221
0
59
0
168
183
54
57
0
56
140
59
128
175
0
102
139
165
93
148
0
154
86
143
93
100
86
61
133
70
120
78
122
191
57
0
171
74
182
108
157
98
129
0
65
75
185
176
0
63
0
56
193
0
196
0
183
148
0
219
0
186
135
73
0
171
134
80
0
56
0
99
116
151
87
141
87
91
49
174
132
86
158
0
225
0
181
0
97
111
94
0
179
0
164
199
156
116
220
0
83
0
140
69
158
144
0
70
0
189
176
179
93
0
110
84
0
127
137
102
56
195
179
70
176
87
0
0
100
118
0
145
90
136
83
92
0
165
0
197
65
62
180
0
0
189
0
81
0
57
58
120
212
0
0
186
0
0
93
0
99
71
191
0
165
75
67
113
90
196
93
0
87
0
179
127
191
144
186
0
149
166
71
81
0
163
0
108
0
0
194
162
0
112
175
122
191
181
0
100
163
82
198
113
0
60
136
87
103
143
129
52
86
139
242
0
150
112
161
198
203
0
0
90
64
126
84
120
117
157
123
178
94
158
103
181
105
114
230
0
234
0
0
193
158
140
101
131
123
0
192
139
72
124
174
137
62
102
81
0
163
54
201
0
96
77
104
0
96
144
0
128
129
87
86
0
175
116
167
81
103
118
146
171
53
71
0
123
141
0
110
188
61
127
99
148
0
154
72
92
0
181
0
195
0
120
156
112
183
72
185
0
108
58
0
127
85
122
0
194
0
81
138
169
127
135
123
62
183
177
55
185
61
99
129
0
89
214
0
0
56
148
187
128
256
0
0
0
49
0
77
157
114
84
183
0
141
193
108
112
101
166
163
172
0
115
54
0
174
0
137
89
0
129
0
113
163
123
95
57
134
133
140
141
86
121
144
0
0
64
180
97
56
190
184
105
102
170
188
169
174
143
74
57
137
180
55
147
198
190
51
142
166
141
0
151
144
115
181
81
156
95
0
109
70
84
49
85
193
100
63
162
86
82
0
109
0
131
0
0
0
176
119
0
162
64
0
79
114
216
0
0
134
56
174
0
99
164
195
176
74
149
148
186
97
95
167
0
153
206
0
146
170
0
193
0
60
201
0
57
187
137
0
163
115
159
0
0
0
67
57
94
206
0
0
146
0
128
150
123
167
232
0
56
95
120
0
95
116
0
189
57
189
81
204
0
168
166
96
179
203
0
152
172
146
171
108
0
97
164
226
0
168
56
114
78
83
50
192
138
198
85
70
75
52
0
190
175
65
0
149
0
166
195
52
158
153
177
163
0
0
150
0
81
0
147
113
52
0
190
0
0
126
176
0
0
140
57
176
132
0
132
158
0
217
0
0
109
0
189
171
164
151
198
70
145
88
141
72
125
100
76
0
94
92
102
127
197
154
103
87
0
180
0
252
0
0
0
178
178
0
0
164
153
0
76
74
0
62
67
115
174
169
179
0
91
0
172
112
85
144
0
62
70
0
74
119
182
164
70
52
141
0
97
161
102
99
133
189
0
78
49
143
176
0
49
0
127
93
103
0
95
70
172
0
92
0
97
154
146
149
216
0
136
104
81
132
190
62
247783