155
139
0
135
0
134
0
175
152
150
179
128
0
132
111
171
0
134
187
90
147
152
0
199
0
178
95
169
164
135
0
51
112
0
189
0
197
186
138
184
0
143
171
138
88
129
0
85
0
159
124
271
0
120
0
152
226
0
222
0
179
183
109
103
164
140
0
182
130
197
98
173
128
111
0
0
146
132
0
176
115
95
219
0
63
171
0
148
139
141
0
198
131
0
167
125
159
95
165
125
0
120
0
159
0
143
0
55
0
137
0
208
0
0
111
0
48
0
149
193
117
137
142
0
192
214
0
172
0
116
89
0
77
254
0
158
0
116
96
169
0
154
236
0
245
0
178
163
174
119
175
212
0
0
153
0
237
0
141
0
168
126
0
59
0
74
0
148
198
0
161
182
117
233
0
202
0
148
0
75
0
181
105
82
185
0
84
0
0
127
0
180
94
141
113
126
0
180
0
57
170
0
0
89
223
0
0
57
140
223
0
228
0
137
181
0
272
0
154
88
120
0
191
120
0
170
127
81
177
170
97
91
178
122
0
105
0
94
0
125
0
0
198
109
221
0
108
84
174
145
0
123
90
206
0
77
111
247
0
127
122
105
168
136
154
201
0
117
0
182
0
157
152
113
0
150
130
83
187
0
0
163
192
0
181
145
0
176
0
0
176
107
0
139
0
178
112
200
0
117
99
226
0
101
124
193
0
203
0
0
94
158
0
0
107
194
153
128
171
149
0
0
147
150
0
187
0
185
0
117
172
90
188
0
144
181
101
82
124
213
0
124
115
108
198
127
196
234
0
0
189
0
223
0
0
187
0
146
0
74
126
0
70
167
0
197
191
0
150
0
122
148
98
0
111
129
127
221
0
146
173
164
173
109
138
175
0
0
88
0
235
0
0
194
0
76
0
57
131
105
120
0
55
130
0
117
162
0
171
0
151
85
0
67
0
146
118
182
0
116
128
0
144
125
0
194
170
102
106
223
0
62
166
0
119
198
0
161
0
251
0
110
87
0
212
0
0
144
0
100
121
124
85
159
0
136
0
139
108
142
114
0
123
0
78
89
143
129
87
185
0
226
0
0
207
0
113
0
61
95
168
206
0
199
168
260
0
116
0
0
159
150
205
0
238
0
142
118
82
220
0
0
95
107
0
186
97
108
158
0
193
0
86
153
112
184
0
80
142
215
0
258
0
0
49
99
195
0
179
113
144
0
163
204
0
177
0
157
120
147
0
197
106
121
122
263
0
81
121
253
0
0
97
0
166
98
191
0
183
154
135
176
194
180
0
171
101
167
145
0
208
0
160
232
0
96
192
100
196
143
0
196
0
194
0
112
108
0
152
0
183
179
207
0
150
190
222
0
141
0
178
104
201
0
0
149
162
168
270
0
154
199
0
0
63
152
97
0
165
132
0
143
100
0
263
0
0
146
86
98
203
0
0
127
150
0
189
190
0
101
159
0
157
111
0
58
0
55
108
125
184
143
171
123
175
95
0
114
269
0
231
0
0
210
0
52
181
90
243
0
89
0
94
98
156
0
0
99
126
186
0
87
182
88
136
99
121
0
0
55
160
146
115
146
0
141
0
66
0
71
144
165
0
150
156
207
0
119
133
0
185
111
0
185
0
0
40
194
0
0
119
0
0
256
0
68
100
0
105
202
0
0
172
168
196
162
0
0
253
0
192
117
170
0
170
182
210
0
193
93
0
142
179
178
0
112
170
137
116
184
0
179
205
0
126
0
91
0
62
0
198
136
90
90
100
0
59
223
0
125
84
113
197
0
136
158
0
114
0
155
158
0
58
128
0
148
197
91
190
199
189
0
212
0
178
199
199
195
99
0
0
0
96
165
82
205
0
132
100
102
163
135
0
0
111
0
108
117
0
0
54
232
0
170
87
0
108
127
173
0
100
181
87
0
86
170
144
179
125
137
0
125
0
121
104
177
0
186
98
168
131
180
0
62
0
123
119
199
125
184
138
144
0
0
86
89
109
0
0
72
182
168
0
186
190
151
0
0
136
0
132
113
136
0
104
199
116
0
109
150
173
0
53
178
0
48
169
0
94
158
148
207
0
0
194
0
60
191
86
175
0
163
0
71
84
0
98
142
185
0
220
0
179
185
117
142
182
118
91
124
152
117
99
100
191
207
0
0
179
165
0
57
194
201
0
124
0
53
144
0
188
0
95
115
176
81
87
102
156
133
132
0
0
158
238
0
135
0
119
158
267
0
179
186
96
116
0
105
139
158
0
137
91
149
141
125
0
185
175
180
146
125
0
129
177
91
163
124
161
162
196
0
170
0
166
0
78
142
125
116
186
0
134
148
105
184
0
127
113
189
0
156
178
92
145
0
97
177
190
195
0
164
164
0
83
146
87
153
0
0
33
154
0
91
164
0
93
110
209
0
0
187
0
0
58
187
258
0
124
0
0
145
181
0
144
173
92
157
95
0
103
97
112
106
101
0
50
97
188
185
180
106
148
249
0
172
165
196
246
0
196
0
99
137
0
208
0
221
0
0
194
181
0
0
72
189
131
0
80
0
61
0
196
0
138
0
209
0
110
197
0
92
118
169
142
187
157
103
112
0
175
178
192
0
155
170
0
163
178
0
244
0
247
0
0
0
118
0
0
171
217
0
137
95
151
0
60
177
194
191
129
115
90
123
97
0
51
256
0
159
0
57
125
0
148
129
0
147
199
0
176
0
167
234
0
124
0
130
153
178
119
114
0
80
165
101
0
198
0
213
0
166
175
132
0
219
0
107
189
170
0
0
243
0
181
162
212
0
123
185
177
0
166
0
110
0
165
159
154
0
73
179
180
0
51
125
153
192
143
167
0
0
112
151
116
166
0
187
199
0
52
158
141
0
0
251
0
84
167
0
250
0
115
0
151
147
145
183
0
125
182
148
123
0
113
111
0
157
107
0
69
0
92
0
87
135
143
121
81
146
130
131
102
93
172
228
0
167
0
165
147
194
162
116
0
119
0
0
198
0
188
129
193
140
130
0
126
0
0
87
0
46
183
142
120
99
158
0
170
0
74
201
0
84
161
109
0
190
157
214
0
173
0
127
0
47
188
0
113
182
0
203
0
117
0
158
134
149
177
0
192
84
116
0
153
0
78
138
239
0
167
202
0
182
81
198
0
172
0
121
113
0
0
205
0
71
196
0
208
0
0
190
0
103
168
110
163
169
196
0
178
145
91
141
0
0
100
0
121
0
116
168
0
151
188
97
178
0
74
189
0
103
101
118
110
0
0
154
0
107
137
157
179
0
109
154
162
105
172
0
253
0
182
0
226
0
49
190
0
136
0
180
97
0
0
211
0
217
0
119
84
0
214
0
0
123
186
113
96
116
0
168
118
242
0
95
182
187
187
181
123
0
93
207
0
0
180
89
0
255
0
0
80
0
189
158
127
84
126
120
176
0
127
124
163
148
128
115
98
87
92
114
0
149
223
0
0
44
165
0
82
180
176
148
107
159
92
137
194
0
172
100
0
223
0
83
132
0
97
160
121
82
240
0
0
48
147
182
111
261
0
0
193
0
137
0
77
86
221
0
175
193
0
197
94
232
0
164
0
113
145
217
0
0
103
249
0
165
0
0
55
163
135
0
149
95
173
0
184
154
0
58
0
67
120
115
116
190
0
49
144
0
157
251
0
0
65
146
0
52
90
131
0
86
0
127
89
133
203
0
247
0
198
0
172
0
0
81
147
0
173
183
173
177
107
0
143
170
0
190
116
109
155
0
138
0
114
100
82
197
0
128
0
173
0
73
135
195
0
0
118
0
0
103
129
94
258
0
162
0
76
0
141
237
0
0
82
0
234
0
0
51
158
168
201
0
139
0
153
0
171
0
135
193
158
245
0
191
0
49
205
0
117
102
183
0
159
89
0
59
194
0
160
197
221
0
67
116
0
81
0
93
0
136
0
165
238
0
116
118
166
175
158
205
0
175
211
0
88
123
200
0
194
194
0
197
138
122
173
179
0
190
0
76
223
0
0
111
228
0
179
128
119
270
0
0
145
173
0
183
128
0
0
205
0
59
151
103
129
147
213
0
124
0
189
90
0
180
139
147
133
194
192
88
218
0
118
88
237
0
0
126
0
187
95
0
141
176
0
0
252
0
205
0
114
159
0
122
138
141
157
173
134
83
152
128
0
151
162
147
0
0
128
178
0
142
0
136
0
145
0
127
0
59
0
105
137
195
135
171
201
0
72
98
119
0
147
0
73
0
193
261
0
190
237
0
0
100
91
178
181
89
181
175
141
191
127
0
166
161
153
232
0
147
0
196
138
0
46
225
0
118
0
65
151
107
0
124
120
185
0
0
170
0
136
149
138
130
0
91
234
0
103
148
190
0
157
137
164
0
172
141
146
142
0
74
93
113
129
0
160
84
139
0
121
134
163
169
148
221
0
47
92
0
199
139
107
0
159
84
154
0
140
0
196
129
0
199
161
0
164
0
152
140
99
0
85
0
98
175
0
160
0
153
170
172
199
0
165
234
0
161
159
0
115
0
179
0
136
83
181
131
184
0
217
0
0
160
182
0
254
0
60
0
151
163
0
184
0
0
0
176
0
196
120
0
189
95
0
131
137
121
199
83
105
213
0
52
195
93
94
0
110
184
0
99
0
123
95
0
86
89
0
124
0
129
152
0
145
0
145
219
0
167
101
171
0
58
99
98
192
164
0
141
197
0
130
0
0
110
0
0
0
140
0
173
0
109
197
199
134
202
0
117
0
172
0
101
164
99
0
160
0
113
147
107
154
164
165
0
0
187
196
154
186
0
125
124
0
123
89
141
161
0
101
0
194
0
0
95
145
0
228
0
101
188
0
165
0
0
75
0
122
162
146
132
0
103
179
201
0
54
118
0
55
0
185
213
0
172
127
148
163
118
186
90
131
0
177
114
0
143
174
105
167
111
187
0
149
0
0
84
0
165
0
65
158
0
172
0
143
124
0
241
0
107
174
0
113
136
90
153
221
0
161
0
0
0
137
0
131
160
0
67
0
112
174
82
0
84
0
193
0
0
187
97
0
173
138
152
149
192
0
0
175
208
0
62
170
0
78
136
178
106
125
0
129
213
0
149
0
0
214
0
173
178
190
0
176
132
0
46
197
114
178
101
0
0
113
175
178
191
0
79
122
162
198
148
184
168
0
164
248
0
114
226
0
82
107
0
77
0
60
174
132
177
205
0
183
99
174
0
198
0
172
147
194
0
193
232
0
0
182
193
0
0
152
121
229
0
0
250
0
183
0
131
0
188
172
0
173
143
109
143
0
119
255
0
0
0
86
0
0
54
191
239
0
0
228
0
94
187
202
0
0
55
0
99
177
0
125
183
110
0
99
188
0
0
105
108
147
0
0
33
88
216
0
151
0
192
0
128
90
85
134
160
0
130
171
234
0
87
84
0
171
123
156
0
197
0
0
152
121
121
0
197
168
0
46
150
198
156
0
0
84
204
0
0
142
130
86
0
205
0
155
172
157
0
139
185
138
84
201
0
68
132
0
131
0
170
84
0
113
0
0
196
191
0
65
0
181
92
158
134
164
0
68
135
171
0
142
119
113
123
157
85
186
0
162
101
123
96
0
121
158
168
0
179
0
218
0
46
146
0
150
101
122
0
166
154
149
178
178
116
202
0
84
126
197
0
160
161
147
207
0
76
193
119
169
122
195
154
0
210
0
200
0
131
0
86
85
114
164
0
172
172
204
0
98
112
149
92
0
196
124
0
112
247
0
0
226
0
176
206
0
152
0
0
184
161
0
159
117
212
0
124
143
177
0
201
0
160
109
109
144
0
123
0
178
170
187
97
94
0
88
125
141
0
222
0
194
274
0
0
170
82
0
70
0
93
0
99
239
0
0
118
169
208
0
261
0
189
0
113
178
180
143
112
119
224
0
138
245
0
0
152
0
203
0
192
0
0
199
0
48
100
0
55
170
95
170
138
206
0
0
173
137
0
188
0
216
0
80
162
84
162
135
156
0
215
0
0
90
176
117
101
182
167
141
131
96
106
87
134
0
0
77
134
0
0
0
185
180
138
138
192
188
132
0
185
96
166
0
97
171
109
0
0
210
0
105
0
122
90
174
0
129
164
0
68
122
81
0
152
0
102
148
87
174
0
188
134
137
118
0
134
0
104
209
0
205
0
0
0
82
121
105
213
0
126
121
168
0
103
212
0
193
109
208
0
0
185
0
115
187
203
0
187
159
0
187
246
0
218
0
177
0
116
110
0
70
139
0
146
0
221
0
178
0
67
148
90
94
0
0
165
115
136
228
0
192
250
0
184
159
0
73
112
101
191
129
0
165
177
159
118
176
0
215
0
194
0
187
190
110
0
108
182
195
195
95
239
0
121
83
127
0
127
198
0
128
126
143
168
112
129
211
0
0
67
167
0
85
181
254
0
117
108
92
92
168
131
90
117
0
0
60
250
0
218
0
161
170
148
209
0
119
0
118
0
50
0
66
111
116
90
155
0
116
130
123
113
0
180
193
191
229
0
209
0
81
244
0
199
222
0
159
105
101
190
156
171
0
90
0
185
0
90
0
157
103
166
90
0
66
88
0
189
0
117
101
198
0
127
202
0
194
178
82
0
81
203
0
196
174
0
147
0
161
101
105
127
171
116
137
172
0
86
108
145
181
179
0
198
0
184
139
0
184
144
126
154
135
182
117
121
0
0
194
225
0
151
0
172
116
272
0
84
215
0
0
66
155
0
263
0
0
66
90
178
0
182
112
175
0
116
0
155
163
0
74
186
127
197
131
178
0
186
0
0
0
0
137
189
149
228
0
134
152
0
72
154
130
121
124
124
109
159
174
0
0
60
165
109
0
119
189
0
0
114
110
0
74
0
161
136
196
0
192
142
109
129
176
154
0
187
130
0
156
0
117
0
169
0
79
151
105
0
147
91
0
191
115
112
82
182
130
0
147
106
187
123
220
0
124
90
167
202
0
62
184
0
81
110
192
92
100
90
180
184
226
0
194
156
0
143
170
0
143
0
0
162
114
121
196
191
162
93
142
103
106
0
185
154
116
97
99
0
119
91
0
95
192
87
189
168
116
0
0
61
219
0
103
129
107
84
176
0
141
136
127
0
192
0
178
0
125
128
182
0
165
101
86
158
187
153
137
0
73
0
114
142
0
0
63
211
0
156
0
67
0
79
110
83
143
170
97
199
192
194
0
66
98
264
0
0
153
153
254
0
105
84
151
190
164
91
153
108
149
181
0
201
0
165
143
145
105
93
144
133
0
180
105
0
50
165
192
178
0
155
98
146
0
117
0
186
107
145
192
0
157
0
141
0
134
87
128
152
0
134
150
86
199
0
225
0
56
0
255
0
64
194
184
0
163
199
0
77
0
66
108
0
91
149
192
0
166
193
187
120
188
187
0
0
122
0
210
0
0
0
111
0
68
0
0
128
0
55
155
169
0
145
119
92
0
167
0
169
136
171
0
0
180
177
0
67
0
118
0
111
0
0
154
0
116
170
0
0
0
127
0
218
0
99
0
193
0
140
155
0
0
107
95
0
173
0
161
156
99
0
225
0
0
123
208
0
159
170
109
0
0
164
82
138
99
0
0
0
173
0
81
93
199
196
183
0
149
0
139
96
149
92
109
208
0
179
131
119
222
0
162
0
132
197
0
49
186
128
156
115
0
153
0
233
0
92
0
155
0
196
0
190
192
198
0
167
186
89
152
0
115
199
92
163
156
96
108
92
174
258
0
92
116
149
143
0
179
0
185
0
77
118
163
147
173
85
191
0
0
139
122
176
0
0
49
104
171
142
0
0
69
0
199
140
200
0
57
156
0
140
177
91
142
187
130
140
0
145
0
141
84
181
0
76
132
198
0
90
151
129
0
120
113
0
170
224
0
100
142
0
60
147
190
168
98
0
121
0
127
176
0
69
216
0
78
0
103
155
0
137
0
237
0
220
0
112
151
105
154
134
0
186
0
79
0
214
0
226
0
156
0
0
0
46
176
175
0
61
138
174
138
0
165
0
134
101
169
167
0
70
185
223
0
67
158
0
244
0
68
213
0
233
0
0
193
0
239
0
184
0
176
146
87
181
87
105
233
0
215
0
142
225
0
135
0
202
0
119
201
0
113
0
0
112
187
0
0
154
151
191
167
152
0
233
0
0
58
87
0
140
108
235
0
180
0
55
111
109
158
159
0
67
89
148
271
0
223
0
66
110
254
0
78
199
0
107
193
0
92
100
149
118
82
166
0
62
113
141
0
112
141
181
0
108
0
137
94
0
69
114
154
0
138
127
146
94
149
0
166
105
0
0
94
0
203
0
146
0
102
0
218
0
0
150
0
137
0
140
192
246
0
188
189
100
179
214
0
0
96
82
239
0
175
0
134
134
0
99
0
210
0
136
0
171
0
172
133
184
117
154
259
0
158
0
171
0
103
108
157
227
0
151
221
0
121
138
0
111
85
188
0
92
0
109
219
0
68
121
102
222
0
235
0
0
0
104
0
141
106
186
189
171
0
201
0
116
0
0
195
199
0
177
168
153
149
0
0
180
206
0
133
0
188
0
199
107
0
127
174
0
80
174
0
184
0
0
258
0
191
174
0
83
100
193
0
232
0
0
0
261
0
189
139
132
165
0
103
187
123
156
118
0
53
90
0
133
93
189
185
0
124
161
192
0
191
104
167
166
0
100
137
134
214
0
0
175
137
0
186
183
90
272
0
212
0
196
191
0
189
0
225
0
85
91
115
131
0
115
85
134
120
134
160
86
0
210
0
155
0
121
124
194
163
95
113
141
0
157
0
0
88
104
100
0
259
0
138
198
195
185
156
102
0
173
185
198
112
202
0
193
0
210
0
71
179
118
179
210
0
254
0
189
100
0
153
112
146
109
151
183
100
94
176
0
0
222
0
102
124
0
148
83
137
140
166
133
0
0
124
0
159
0
131
89
183
112
0
180
141
108
134
0
134
0
0
0
165
0
74
123
108
105
0
118
234
0
166
0
193
0
0
97
173
114
0
128
0
163
0
97
0
94
0
120
165
123
183
0
161
154
0
114
102
184
136
171
0
48
136
0
215
0
190
160
190
181
226
0
0
99
113
87
109
179
122
111
167
179
162
178
0
84
161
0
127
0
72
193
246
0
185
0
137
196
0
0
162
131
184
0
130
243
0
186
0
0
75
139
179
0
163
0
146
121
94
0
60
0
95
0
0
146
0
109
0
146
85
139
185
0
106
177
0
215
0
0
0
106
196
94
126
173
146
177
200
0
140
127
131
171
127
129
0
179
144
0
0
89
0
161
143
0
96
0
153
0
82
107
160
0
195
167
273
0
154
0
86
166
182
0
73
188
158
166
0
145
124
86
122
0
58
99
143
201
0
162
156
176
190
142
123
0
121
0
191
0
160
130
205
0
173
203
0
204
0
117
140
229
0
0
0
44
0
198
231
0
142
166
0
87
175
145
0
89
0
132
100
0
73
121
148
0
116
0
202
0
148
0
182
269
0
181
160
97
244
0
227
0
111
0
0
172
0
0
62
240
0
154
185
155
0
171
0
92
0
159
0
115
155
142
190
0
0
185
0
145
0
183
0
0
174
0
73
0
181
105
132
103
106
0
122
0
196
128
95
99
0
197
0
58
229
0
179
161
0
173
88
116
188
0
132
147
130
143
168
207
0
0
0
52
179
142
99
192
105
0
0
130
0
186
107
112
136
88
99
0
79
95
115
179
172
161
0
138
135
168
170
101
225
0
128
0
192
0
127
100
158
106
190
0
46
131
125
139
160
0
66
0
184
0
0
74
183
0
96
164
144
0
134
0
81
109
116
212
0
266
0
133
0
0
159
180
144
138
181
188
0
88
146
188
109
0
122
0
151
86
0
93
163
132
0
70
169
92
185
187
197
119
0
97
85
192
126
112
0
113
208
0
238
0
141
0
91
0
0
155
154
0
56
0
187
194
140
0
0
174
190
148
0
183
0
130
133
107
231
0
114
163
0
0
121
185
0
0
116
127
87
156
0
66
0
53
119
89
0
133
110
166
167
122
177
180
0
185
155
113
161
100
193
149
188
0
178
0
0
171
0
206
0
54
186
94
155
0
116
132
130
0
242
0
91
0
175
247
0
139
114
268
0
156
196
0
73
89
198
0
175
234
0
0
151
0
199
190
126
118
0
153
0
179
124
0
173
0
178
185
95
0
158
191
184
197
177
0
160
93
189
0
151
227
0
160
141
0
148
123
180
91
95
0
175
189
208
0
88
191
148
0
0
0
129
0
179
99
197
161
99
203
0
193
172
0
175
0
151
0
196
113
113
0
0
176
99
199
0
103
217
0
71
184
0
176
104
177
0
98
149
189
89
0
167
0
127
188
196
0
158
185
0
96
0
143
133
100
0
0
158
0
162
0
195
0
66
162
0
0
97
0
191
150
130
162
0
128
158
0
127
135
132
134
120
151
174
105
142
248
0
134
0
127
187
98
0
49
125
0
144
175
0
0
55
177
117
158
0
0
125
0
157
0
101
136
91
142
0
0
150
132
122
124
119
168
166
0
184
100
0
97
0
118
100
0
89
114
179
0
84
151
0
128
0
82
179
192
0
196
0
158
0
54
90
126
236
0
0
131
142
199
0
184
0
244
0
83
113
123
0
76
225
0
70
180
0
0
180
205
0
189
0
123
183
196
198
181
129
0
100
198
116
144
183
154
0
155
0
100
195
202
0
105
253
0
182
195
101
236
0
0
81
111
146
147
0
161
194
260
0
0
182
173
135
90
0
159
201
0
123
134
83
139
98
0
58
155
0
53
0
0
173
102
122
107
150
93
0
74
0
181
133
0
96
167
0
147
0
124
0
54
196
109
142
0
121
0
127
0
0
70
180
0
83
0
87
137
115
0
133
0
0
62
105
158
198
144
92
225
0
139
0
201
0
163
0
220
0
193
146
210
0
127
136
234
0
225
0
0
0
179
178
102
107
0
133
170
0
171
95
218
0
182
0
55
116
0
87
194
0
0
119
145
159
0
0
46
135
160
113
0
67
191
90
161
152
153
0
61
175
0
0
57
0
0
79
0
189
0
87
115
187
0
75
194
200
0
0
77
105
199
247
0
114
181
139
199
172
185
150
196
0
161
0
168
177
0
185
0
71
190
106
135
150
0
58
95
132
183
93
0
90
147
85
86
196
84
213
0
167
128
139
91
156
0
92
182
156
0
156
160
0
155
122
172
141
0
0
260
0
80
164
0
100
0
183
140
209
0
149
187
0
78
0
91
269
0
168
0
93
105
207
0
160
0
116
134
127
140
138
0
71
216
0
171
214
0
159
0
80
82
0
50
0
214
0
67
0
67
158
108
0
174
0
0
40
177
87
0
57
163
124
135
0
138
0
100
90
148
0
126
203
0
233
0
99
87
194
0
0
195
114
101
117
145
87
168
151
146
87
99
202
0
54
0
177
98
170
0
0
65
155
170
135
94
0
78
140
189
182
221
0
144
124
94
136
190
179
144
239
0
197
0
179
87
0
189
161
0
184
162
0
83
0
196
116
0
112
173
144
0
123
0
67
187
0
117
0
141
152
0
128
171
241
0
0
152
0
0
43
250
0
0
155
154
0
62
177
166
137
253
0
166
142
0
129
0
170
0
142
198
0
115
0
51
90
0
0
186
110
109
249
0
128
137
96
139
0
156
0
110
98
133
192
144
194
0
106
0
231
0
193
91
153
155
139
0
149
100
0
151
161
97
147
96
190
102
156
0
98
178
0
0
31
182
181
157
81
118
0
108
132
147
173
129
154
0
138
211
0
143
236
0
138
203
0
186
140
122
120
236
0
170
126
0
94
0
76
0
99
0
140
0
0
0
173
202
0
49
156
0
176
196
152
0
126
158
0
196
0
0
213
0
235
0
48
90
101
158
165
211
0
134
0
155
195
0
149
187
0
167
111
134
0
75
173
148
252
0
173
130
188
111
0
151
0
0
134
0
158
226
0
0
32
108
147
0
127
0
80
0
147
156
164
131
0
231
0
0
189
193
0
104
175
124
186
0
49
134
165
0
147
183
0
63
100
177
90
167
0
221
0
132
0
218
0
99
164
174
91
191
97
86
0
131
113
189
0
152
126
188
0
153
88
174
0
183
96
188
0
0
104
155
242
0
0
67
0
233
0
193
162
0
177
0
110
0
0
59
0
0
54
154
0
160
178
152
189
170
113
85
123
146
0
164
169
87
169
0
0
181
159
148
0
148
0
106
0
182
0
151
112
217
0
197
0
108
0
155
0
156
0
179
261
0
0
157
203
0
86
165
0
67
239
0
0
194
0
0
100
82
200
0
109
193
105
118
156
98
0
246
0
227
0
72
154
137
0
130
117
133
0
175
178
0
131
107
174
81
0
261
0
110
118
212
0
190
0
0
73
109
141
225
0
151
0
0
124
215
0
64
143
119
173
113
190
0
0
0
108
126
0
55
0
227
0
163
0
151
0
136
0
64
119
218
0
67
81
131
121
190
0
194
193
254
0
62
156
0
0
73
0
0
175
190
0
208
0
0
59
88
144
81
168
158
170
0
71
130
197
145
158
0
82
0
136
85
169
186
124
0
137
166
0
226
0
0
234
0
196
0
130
0
106
132
114
131
173
138
0
0
84
142
159
103
96
91
151
131
94
81
233
0
238
0
0
220
0
91
171
140
132
130
82
114
215
0
198
0
204
0
92
128
109
132
133
0
139
117
0
117
132
116
0
46
85
198
0
97
194
95
0
179
129
125
121
240
0
164
85
107
132
182
131
202
0
192
116
138
0
0
142
181
112
111
115
103
0
150
134
0
170
0
117
176
189
191
138
104
91
185
0
108
0
86
110
141
213
0
192
155
0
0
134
180
0
0
98
185
188
0
62
146
0
0
198
191
189
133
0
155
140
0
75
144
131
166
127
180
153
95
0
0
139
107
175
0
0
150
0
164
0
147
0
140
119
101
110
116
131
173
187
0
106
196
196
0
113
141
0
0
203
0
96
84
249
0
0
157
116
99
97
136
220
0
0
151
246
0
0
92
84
162
164
120
196
0
174
0
122
99
185
100
0
0
36
0
183
0
136
128
158
167
111
0
0
67
179
172
0
87
0
73
140
165
150
185
0
58
130
184
181
0
80
114
91
173
0
0
123
191
193
111
0
113
0
0
129
142
170
115
192
0
134
89
143
241
0
148
0
196
82
144
0
149
0
192
151
114
0
189
174
0
122
89
211
0
188
0
74
155
122
173
237
0
157
111
98
198
106
167
97
195
112
112
102
0
52
0
102
0
82
0
212
0
80
93
0
149
250
0
0
196
87
127
97
0
181
143
135
172
107
122
178
195
139
0
193
162
0
48
98
0
65
0
203
0
94
165
162
0
167
127
119
0
166
132
147
89
195
181
107
200
0
175
106
96
122
181
109
0
0
194
233
0
58
227
0
0
205
0
151
120
0
56
218
0
145
188
0
150
0
110
100
0
0
79
118
101
109
120
0
93
170
0
77
165
168
88
199
0
70
0
217
0
0
130
83
90
136
0
73
92
145
140
182
0
158
0
161
144
102
198
201
0
163
168
206
0
255
0
128
154
185
93
86
134
104
114
224
0
129
171
0
106
253
0
187
188
0
271
0
84
123
91
104
185
173
0
212
0
168
174
183
0
112
153
0
170
183
188
0
0
154
0
96
0
69
108
171
119
0
101
0
140
198
164
255
0
0
199
0
90
89
196
178
222
0
144
148
139
0
123
0
169
238
0
74
144
137
0
107
0
151
161
161
190
210
0
0
0
141
159
155
139
0
82
0
89
177
0
0
154
132
86
93
0
184
167
131
211
0
164
145
115
164
85
98
100
185
148
0
159
0
87
180
82
188
231
0
102
132
0
104
146
0
0
205
0
0
118
133
95
123
0
0
125
182
0
71
123
0
48
120
81
199
0
162
0
0
197
138
0
174
0
129
0
60
127
101
0
168
0
110
100
84
181
96
0
260
0
203
0
103
184
0
104
196
177
254
0
0
179
213
0
112
0
122
93
0
0
237
0
71
154
247
0
186
118
83
119
161
161
0
148
184
98
0
70
221
0
98
165
0
141
163
0
0
121
145
0
0
35
0
181
206
0
91
0
197
127
0
212
0
0
91
182
120
161
141
0
67
175
0
55
118
145
0
67
0
55
106
124
89
85
194
146
0
134
0
114
203
0
171
191
0
166
0
105
98
128
0
0
158
0
70
0
124
0
149
174
114
92
100
167
198
91
0
116
121
182
189
165
0
144
0
0
159
0
182
0
0
138
166
0
0
118
0
224
0
0
141
0
0
52
112
105
154
0
180
0
108
103
262
0
0
187
88
192
177
172
192
0
147
0
64
0
164
145
161
0
177
192
102
130
110
157
0
197
96
198
121
176
99
0
79
184
170
0
133
0
160
158
125
87
90
0
62
119
122
189
0
155
141
160
0
0
88
193
0
137
156
131
189
113
0
0
70
199
0
150
120
157
0
52
134
101
169
130
110
0
184
133
110
0
182
0
67
145
122
140
156
0
108
145
176
0
149
119
205
0
164
0
117
195
110
90
192
0
134
0
91
95
164
0
131
177
131
81
92
168
0
86
175
92
166
125
249
0
0
66
0
67
0
193
157
196
0
185
0
218
0
167
0
185
203
0
170
0
0
93
171
97
96
175
92
0
194
0
0
161
175
169
122
169
132
206
0
195
0
0
71
126
242
0
103
157
147
0
73
86
112
192
175
0
195
123
120
148
110
0
237
0
0
188
195
149
0
77
158
94
0
192
0
228
0
183
0
90
236
0
180
0
190
0
136
179
127
92
0
166
151
175
0
127
103
197
0
169
121
0
70
0
125
129
0
227
0
77
0
145
191
208
0
87
0
0
134
154
190
131
142
0
84
118
192
0
84
152
109
88
135
0
163
114
0
96
0
141
0
172
122
0
123
0
0
196
190
157
0
150
205
0
124
187
141
232
0
0
107
129
102
83
0
0
46
172
190
184
105
116
105
0
57
88
0
83
0
167
88
192
181
122
99
128
0
188
0
102
155
183
0
0
185
166
0
48
184
0
217
0
143
134
0
149
131
132
182
123
154
0
207
0
0
0
40
162
163
0
182
118
117
193
0
0
0
159
106
131
0
106
111
0
172
160
0
0
78
161
146
238
0
125
0
217
0
212
0
154
134
192
96
0
105
251
0
179
0
103
149
198
145
91
169
112
84
0
140
104
0
110
124
137
199
0
115
237
0
268
0
194
0
249
0
0
194
0
0
0
152
0
101
96
128
246
0
65
85
0
0
86
163
168
0
115
214
0
164
107
0
0
216
0
48
221
0
218
0
105
175
0
0
136
0
125
178
84
228
0
160
186
0
151
181
163
0
0
199
0
0
97
0
176
0
0
154
183
122
0
197
0
206
0
247
0
63
135
196
180
197
0
99
0
121
0
192
0
191
0
0
82
157
85
175
0
0
138
0
135
134
0
149
164
110
147
149
0
0
180
160
103
130
113
146
158
0
135
232
0
48
81
85
0
0
187
86
109
0
76
193
166
0
147
159
133
209
0
176
0
176
199
162
0
190
132
0
51
232
0
0
156
0
0
122
189
157
152
190
0
120
156
0
65
0
231
0
122
0
152
118
157
138
149
0
179
144
199
0
65
0
211
0
100
158
115
210
0
80
182
0
119
159
143
0
83
0
108
142
161
0
138
132
185
0
54
0
172
85
89
0
66
86
0
183
0
167
0
119
0
140
91
94
116
106
159
184
93
194
0
138
154
146
156
148
87
130
189
223
0
95
188
0
109
166
197
0
54
0
203
0
99
0
95
0
133
118
115
0
148
91
193
164
226
0
0
40
0
0
32
186
0
141
122
132
92
159
0
72
88
156
0
159
170
210
0
158
158
101
89
146
0
139
0
121
233
0
134
141
0
63
0
145
0
112
182
164
85
174
215
0
0
65
171
204
0
0
0
148
171
187
0
96
193
0
147
174
0
152
127
190
0
0
76
0
171
134
105
155
138
130
197
0
67
0
209
0
156
119
262
0
145
82
190
129
153
0
258
0
0
42
152
144
87
0
0
159
105
220
0
198
169
161
92
251
0
183
0
188
0
174
133
0
0
110
188
127
105
0
238
0
0
86
197
0
111
160
0
82
157
88
196
0
172
102
0
0
31
233
0
163
173
164
196
0
242
0
0
183
117
166
0
225
0
0
188
0
89
92
178
89
175
0
48
0
0
199
177
0
167
0
157
106
202
0
53
122
0
228
0
101
0
192
108
161
239
0
0
79
140
0
87
114
0
0
227
0
81
87
165
161
115
0
66
166
0
0
128
110
93
229
0
243
0
0
83
197
0
0
190
173
0
112
165
143
0
0
138
165
212
0
182
0
85
0
120
84
149
148
0
134
169
187
152
129
0
157
140
0
67
216
0
213
0
94
0
0
93
88
220
0
156
0
166
0
0
185
140
175
0
224
0
106
0
0
43
141
183
0
0
196
192
0
147
133
0
205
0
170
82
0
98
0
0
93
184
0
87
0
0
153
209
0
182
0
103
197
0
0
101
0
0
107
0
132
92
0
0
206
0
71
0
225
0
0
135
88
93
153
0
56
159
0
87
180
192
0
152
190
186
149
157
197
148
115
200
0
0
168
197
0
78
128
173
115
197
189
233
0
120
0
92
181
170
0
174
136
108
0
50
0
142
0
159
105
169
190
122
118
168
93
199
0
167
0
52
148
93
0
0
197
0
196
0
116
109
86
172
0
165
140
84
128
192
0
63
118
187
226
0
105
185
133
94
104
195
171
145
0
182
239
0
0
75
0
195
83
145
121
142
125
214
0
46
147
169
173
147
144
86
85
102
238
0
0
111
100
184
120
142
188
122
183
201
0
106
0
58
142
139
92
142
171
0
0
204
0
112
0
53
115
0
0
106
102
95
0
86
0
168
177
212
0
106
121
0
160
0
194
193
118
0
140
221
0
134
112
171
0
94
177
147
0
0
205
0
113
82
172
90
156
134
97
130
132
260
0
199
0
153
0
154
148
0
217
0
147
0
153
167
0
178
0
168
0
241
0
195
114
0
127
204
0
178
0
129
0
137
98
105
159
201
0
179
176
179
153
119
0
95
0
0
211
0
152
0
237
0
165
95
142
0
111
232
0
133
86
151
199
103
191
0
192
181
175
0
103
218
0
100
154
215
0
72
133
145
167
0
60
117
0
218
0
159
146
128
192
197
182
0
95
159
0
82
171
196
131
0
126
102
168
154
117
130
186
113
142
84
0
172
110
114
232
0
210
0
0
61
165
0
0
150
168
0
112
108
156
0
46
123
201
0
0
123
0
258
0
174
0
125
214
0
178
110
129
124
93
164
0
182
142
85
190
190
0
166
86
151
155
96
90
106
160
0
122
105
150
0
97
0
136
0
0
63
168
0
0
102
124
161
0
190
188
0
84
110
149
0
148
253
0
100
125
196
150
198
118
0
0
54
258
0
187
164
103
0
146
125
0
134
118
0
0
111
0
133
189
84
0
180
150
92
0
112
149
86
0
188
0
167
162
0
0
198
0
87
145
0
152
111
92
106
0
201
0
111
177
0
62
150
0
0
199
183
0
109
0
0
160
112
0
134
176
87
0
143
0
69
123
142
0
168
0
172
158
169
122
175
136
86
81
199
198
141
156
163
112
0
96
159
167
190
147
164
261
0
76
237
0
98
204
0
169
0
192
0
106
162
95
191
190
0
67
124
98
121
144
134
129
0
155
167
164
0
52
140
225
0
94
0
46
0
136
0
125
87
185
177
155
178
154
0
147
0
128
195
110
0
183
106
179
0
201
0
73
254
0
169
148
215
0
192
0
158
0
188
180
0
204
0
219
0
149
167
155
0
190
0
82
122
202
0
52
83
163
182
0
0
0
248
0
0
201
0
64
192
99
187
210
0
233
0
0
129
124
0
190
113
85
0
157
0
89
125
159
123
0
138
81
183
132
110
138
0
103
156
144
175
181
109
141
158
0
88
118
0
84
117
0
97
178
0
114
134
108
198
0
83
194
0
212
0
141
0
198
202
0
94
85
0
161
173
156
132
130
171
106
135
158
179
128
132
85
0
135
0
169
92
246
0
100
0
0
82
137
178
190
110
0
116
137
106
243
0
112
176
134
183
106
98
102
174
96
184
0
56
164
251
0
88
138
0
114
148
0
182
129
169
182
166
92
204
0
189
196
84
158
0
99
150
0
188
190
0
169
176
0
0
129
100
127
102
105
0
209
0
120
122
0
134
114
144
0
76
123
111
140
81
190
91
97
0
158
0
97
133
176
0
122
226
0
181
246
0
0
186
136
0
99
94
194
0
53
189
217
0
0
60
124
0
195
0
180
186
0
183
149
144
105
147
151
193
0
230
0
76
94
180
243
0
175
131
135
130
189
0
111
87
133
172
0
77
159
164
151
208
0
192
211
0
0
152
0
162
0
111
0
73
0
137
113
199
196
0
0
136
164
0
0
111
191
214
0
0
217
0
108
201
0
189
0
171
105
127
171
130
108
0
190
189
94
186
0
224
0
113
125
0
0
52
103
107
161
171
0
0
204
0
152
92
92
0
169
0
79
251
0
221
0
119
197
129
0
202
0
0
248
0
0
224
0
0
186
175
153
0
140
109
128
141
109
98
0
142
0
93
143
132
100
0
118
0
47
162
170
208
0
0
100
126
158
176
136
91
0
136
87
248
0
72
148
0
177
145
147
0
0
87
85
166
156
139
222
0
152
110
100
172
161
112
0
199
153
0
62
202
0
114
186
151
0
161
141
85
198
206
0
128
96
110
118
0
120
166
0
101
117
155
116
0
161
0
228
0
55
0
120
101
155
0
109
118
92
198
120
0
0
100
91
0
125
187
0
0
99
178
0
85
0
225
0
104
105
194
98
0
135
0
58
198
145
0
68
128
186
223
0
137
0
96
115
0
188
0
266
0
121
193
182
282
0
0
0
132
0
120
110
217
0
92
151
211
0
160
157
0
215
0
122
146
0
0
87
0
196
168
0
160
0
110
169
0
176
0
0
105
130
127
0
196
188
0
0
56
190
156
184
108
105
0
68
0
0
167
169
0
210
0
0
104
193
0
87
118
0
136
143
252
0
129
198
149
0
124
0
121
176
112
0
142
197
81
0
171
173
162
216
0
52
182
139
0
196
251
0
162
189
0
100
0
137
0
0
180
105
0
159
90
175
0
189
170
193
102
135
162
0
143
0
0
151
0
111
0
175
0
106
197
0
75
189
0
106
192
180
165
172
0
196
128
197
213
0
216
0
0
142
0
62
128
0
98
167
167
0
178
127
99
0
109
154
0
79
169
162
0
122
195
172
0
192
109
183
139
0
0
182
121
144
229
0
0
177
0
66
243
0
114
0
149
0
95
88
0
162
187
159
189
202
0
149
0
167
0
179
0
57
151
0
181
102
192
0
47
126
234
0
179
0
83
126
166
136
195
258
0
140
0
195
175
103
0
233
0
136
153
126
94
187
183
113
88
150
0
62
134
141
191
136
0
47
0
0
0
66
163
171
197
184
112
0
128
111
0
191
0
78
0
0
116
218
0
144
142
96
111
0
198
134
180
0
248
0
141
0
199
216
0
150
136
0
155
160
0
58
206
0
86
149
0
196
0
240
0
157
0
146
0
87
92
113
0
192
96
163
146
129
144
0
177
94
140
82
194
0
152
168
0
0
208
0
88
92
231
0
196
210
0
92
0
155
93
0
175
0
93
92
0
144
114
188
142
166
0
118
217
0
152
0
0
106
86
118
218
0
197
0
111
0
65
141
0
129
159
168
107
146
111
154
190
0
179
0
0
39
158
150
196
146
0
126
109
224
0
153
138
0
102
0
0
174
114
85
163
0
99
0
165
134
109
0
0
105
0
51
132
130
121
164
0
70
191
87
0
76
190
164
212
0
0
160
105
233
0
215
0
195
104
112
0
219
0
127
0
0
207
0
219
0
256
0
0
0
81
86
174
199
128
145
0
0
172
106
0
107
167
0
73
0
100
93
180
150
0
222
0
50
239
0
173
92
84
190
225
0
53
201
0
81
134
0
193
0
145
195
0
209
0
53
100
99
0
0
113
231
0
102
146
81
168
191
228
0
0
64
232
0
0
79
0
143
0
232
0
144
98
0
138
189
173
208
0
162
188
0
165
0
140
0
199
110
186
141
0
101
213
0
177
0
0
158
0
140
0
117
181
127
204
0
0
146
227
0
98
0
162
187
171
197
0
79
0
0
104
180
0
185
248
0
156
0
120
108
119
0
89
0
91
0
114
105
132
165
153
0
109
164
105
0
87
172
166
167
0
142
179
0
165
180
119
0
58
162
138
196
197
153
242
0
188
118
176
170
0
82
126
214
0
146
172
187
123
199
118
218
0
104
182
0
85
171
147
214
0
0
68
91
226
0
61
213
0
155
0
173
0
196
183
110
174
119
173
83
218
0
63
151
0
57
182
164
94
169
219
0
0
67
158
0
0
124
200
0
0
50
86
94
97
111
134
128
0
138
0
0
117
0
148
146
168
83
0
113
187
162
0
91
118
128
158
183
94
0
179
103
97
185
173
0
129
0
97
125
196
121
131
151
130
0
162
0
190
105
106
218
0
68
177
0
78
85
140
0
0
121
166
170
0
0
149
198
146
107
244
0
0
209
0
99
160
0
148
0
118
0
74
195
0
0
87
119
0
62
181
192
194
0
0
148
199
0
0
53
146
106
0
72
154
0
120
0
100
165
0
108
129
0
0
199
244
0
140
152
0
143
0
87
124
121
140
156
183
118
119
96
85
159
0
234
0
115
187
155
178
216
0
167
0
0
76
0
0
113
0
149
191
132
146
166
125
97
117
0
158
0
144
171
187
0
159
0
84
0
48
0
178
0
169
199
0
78
183
167
163
0
60
0
107
89
180
0
0
163
0
147
215
0
121
122
184
0
154
0
191
152
0
112
122
0
88
158
187
128
119
0
107
226
0
161
0
170
157
129
196
0
165
0
186
152
87
122
166
192
0
120
195
0
172
0
0
68
0
262
0
194
168
183
132
0
136
0
168
0
171
0
224
0
167
0
91
249
0
209
0
155
96
0
177
185
161
0
0
163
108
208
0
190
122
210
0
129
92
179
99
144
206
0
154
0
68
0
57
99
0
74
0
127
0
164
97
173
100
115
173
127
0
0
0
69
0
121
205
0
243
0
147
174
0
168
187
0
50
230
0
187
124
139
117
0
172
0
0
148
109
94
0
194
0
132
237
0
239
0
182
147
0
90
0
161
0
149
0
75
123
160
0
0
108
155
84
196
90
156
166
160
184
0
146
0
63
141
0
206
0
193
0
207
0
243
0
63
185
0
166
0
94
133
98
180
0
193
174
0
157
163
177
0
188
0
111
0
170
177
149
0
183
0
163
173
165
119
0
59
0
90
0
0
118
146
0
0
168
126
112
0
192
0
172
0
79
196
122
181
117
183
132
196
0
256
0
0
127
197
200
0
246
0
77
189
89
137
127
0
173
92
0
114
174
117
0
107
117
119
176
188
0
62
134
148
0
72
163
0
146
0
67
83
0
193
163
199
209
0
129
96
0
114
109
117
86
124
86
127
232
0
154
137
207
0
62
81
0
164
204
0
78
0
0
68
188
0
70
110
0
108
140
116
0
0
0
105
100
158
238
0
0
142
249
0
175
138
163
0
0
198
207
0
225
0
89
95
0
0
163
157
0
157
160
0
133
0
0
99
173
161
0
0
88
0
241
0
160
0
121
179
0
162
273
0
154
184
215
0
0
31
245
0
159
191
195
0
0
193
117
94
138
0
186
0
85
0
126
141
0
165
139
92
172
188
187
0
129
97
0
96
83
210
0
203
0
123
209
0
115
0
80
94
0
113
0
111
176
107
183
169
216
0
92
130
169
97
89
133
148
132
0
0
133
116
139
160
105
0
56
195
99
148
157
90
0
251
0
249
0
74
174
0
114
217
0
0
247
0
0
95
0
163
0
0
181
95
128
0
58
192
159
185
0
179
257
0
182
0
95
0
71
126
0
76
188
179
96
96
0
50
102
137
0
153
0
206
0
241
0
0
67
161
237
0
0
119
138
0
194
213
0
0
80
112
182
101
0
169
206
0
0
187
0
49
156
0
177
131
0
131
171
92
0
93
147
166
111
123
85
88
0
215
0
159
139
100
0
65
101
0
181
0
91
201
0
156
189
198
82
188
0
140
164
228
0
118
0
81
192
0
174
0
152
0
198
193
0
111
0
124
0
153
128
182
148
194
0
176
0
161
95
0
138
123
0
98
149
152
118
154
157
0
0
0
256
0
0
35
182
0
111
0
193
0
139
0
139
133
176
99
0
151
0
75
164
0
198
190
94
151
127
250
0
98
171
0
181
94
162
186
164
140
121
137
163
185
189
157
0
122
141
0
72
173
119
84
136
0
63
164
0
149
0
161
212
0
61
107
167
0
196
175
172
104
160
0
185
83
166
0
60
145
85
132
155
0
141
150
82
169
142
191
183
197
87
160
92
193
0
169
152
110
0
166
186
161
160
0
1475656