59
122
151
0
180
115
36
153
131
171
132
35
57
75
55
84
173
100
156
178
93
38
84
77
63
53
0
101
127
0
0
37
32
82
165
179
148
45
184
144
150
0
196
74
185
110
0
83
84
76
150
46
65
102
69
102
159
86
110
187
162
179
81
170
138
79
214
0
0
118
0
162
140
203
0
43
186
81
111
0
185
41
0
177
191
102
166
45
62
98
224
0
130
129
164
73
155
51
160
124
122
178
99
129
0
121
34
154
0
178
36
110
135
42
163
153
0
194
139
84
160
117
204
0
72
186
0
0
32
84
91
158
51
0
154
174
0
163
104
121
79
0
147
170
188
136
158
97
187
95
127
177
144
180
0
121
146
118
130
137
0
157
87
72
48
114
196
32
121
82
152
94
134
106
100
89
74
205
0
174
160
49
142
38
107
0
144
188
100
102
182
177
165
170
177
110
103
0
128
0
55
82
94
149
165
0
68
104
198
175
89
58
99
0
197
88
181
120
190
139
72
109
0
192
181
151
179
45
184
68
67
106
158
176
102
33
64
176
31
131
92
168
146
185
109
195
72
180
122
113
0
173
0
65
0
0
177
104
106
88
182
137
194
0
168
0
132
38
109
219
0
166
158
0
81
131
0
163
186
148
128
0
172
115
0
0
54
0
0
186
178
196
153
104
128
103
190
159
0
0
101
0
91
129
0
163
0
125
155
167
96
197
176
0
42
60
66
91
124
103
85
72
148
0
188
127
37
96
112
199
139
53
51
92
125
44
183
127
93
206
0
61
85
186
193
129
113
96
92
97
0
117
36
37
42
0
171
152
108
105
0
153
114
0
52
113
98
158
100
106
0
83
59
142
102
137
89
217
0
108
176
0
182
121
151
63
162
89
51
135
194
0
0
108
49
98
118
35
102
0
79
68
0
161
60
169
190
109
104
188
175
35
81
134
130
159
122
191
0
94
40
0
134
120
0
0
169
194
102
148
92
0
0
194
163
66
139
0
82
161
185
192
0
98
141
187
98
68
0
143
0
41
0
162
89
80
124
110
136
154
0
49
70
62
151
0
192
65
85
72
126
84
0
124
164
76
155
165
187
153
192
118
178
49
83
110
53
148
33
76
136
171
124
45
109
96
89
116
161
195
181
108
68
101
68
189
47
69
130
0
0
157
219
0
129
152
115
56
120
74
87
0
199
64
0
53
186
58
51
124
176
43
135
193
187
173
54
65
140
0
147
98
150
179
36
77
0
0
168
109
83
31
46
161
71
186
120
61
58
168
84
0
88
0
79
176
0
48
0
156
177
114
0
94
0
78
130
178
153
0
117
65
60
56
53
103
61
73
150
184
174
0
87
0
140
160
0
133
46
88
0
66
80
54
64
61
84
76
0
122
158
149
79
87
63
199
166
146
158
198
177
195
177
32
155
137
89
106
43
84
51
184
52
135
72
0
163
32
58
0
129
45
130
61
136
188
129
0
171
135
44
154
0
202
0
74
92
178
125
34
0
132
0
139
81
87
93
0
65
176
108
188
58
118
0
78
94
124
33
81
48
80
197
112
103
184
34
176
190
133
187
0
0
153
184
39
102
0
0
0
199
33
88
63
39
136
147
0
149
123
0
77
51
179
180
165
106
108
0
134
175
158
57
146
92
158
80
127
175
206
0
126
168
121
53
181
164
63
51
120
154
0
50
32
70
155
116
47
130
140
37
39
49
177
130
143
174
119
195
49
137
84
95
116
0
146
135
40
157
131
75
66
170
106
152
78
47
183
0
163
148
153
151
136
33
35
146
138
107
138
86
136
169
65
131
51
196
88
73
60
53
47
195
36
109
0
56
42
97
0
83
216
0
97
0
118
163
190
36
0
142
61
0
183
49
0
130
154
79
145
136
191
89
71
89
194
153
106
0
161
102
0
154
151
106
0
104
0
42
32
94
47
0
32
42
36
189
92
206
0
70
39
191
124
149
0
152
145
188
165
0
56
188
46
195
191
176
39
114
156
179
52
147
169
0
45
75
195
0
163
84
0
35
62
171
100
0
92
116
92
80
51
137
192
0
171
74
49
189
0
0
0
91
102
55
0
102
0
196
123
53
85
72
113
0
68
103
99
60
138
0
0
192
55
0
113
99
70
123
48
107
71
44
178
43
114
62
174
0
163
104
142
115
86
63
42
76
42
192
166
40
34
75
32
57
155
59
152
0
90
169
0
192
190
112
143
159
0
105
0
94
90
0
54
167
40
0
179
199
191
105
69
0
42
126
88
126
57
72
86
198
59
162
126
155
69
160
48
139
102
0
125
194
68
187
111
119
197
157
0
114
149
119
92
154
91
0
0
107
62
115
187
196
101
89
101
157
0
117
73
105
113
0
44
41
60
74
146
0
75
91
0
88
193
110
136
72
157
71
43
49
0
47
199
51
181
114
57
176
0
94
133
153
145
192
149
182
32
133
131
94
65
85
73
93
47
57
58
179
118
85
156
225
0
0
69
127
109
57
199
178
167
60
65
0
172
106
193
0
37
175
71
38
193
115
0
70
78
0
126
101
104
178
0
180
84
180
91
63
0
66
60
0
157
166
90
94
56
0
102
35
171
0
140
137
49
127
189
125
91
0
80
75
69
144
181
170
164
109
67
53
82
65
55
58
110
117
51
75
180
75
70
114
89
41
109
154
60
35
174
0
177
37
132
137
179
101
136
0
158
127
155
126
0
180
0
64
63
128
47
48
0
0
121
65
32
178
159
46
126
33
0
179
133
138
110
71
0
0
199
79
126
159
141
199
195
49
85
192
35
81
195
199
101
65
178
49
167
170
143
153
163
170
146
0
71
160
169
203
0
107
51
94
98
64
182
143
61
98
147
0
135
0
0
182
75
31
0
128
132
174
159
183
40
182
157
133
147
122
91
153
0
0
99
198
140
127
194
179
97
177
40
194
0
57
0
107
199
58
159
89
136
97
68
44
119
57
155
37
44
37
195
0
180
36
76
193
144
160
125
129
34
139
70
0
159
121
0
145
195
0
171
114
0
152
74
121
0
49
105
93
183
164
159
166
79
92
0
37
124
216
0
107
179
178
193
179
71
0
131
150
0
168
195
0
0
102
37
129
40
65
131
0
55
100
99
166
34
162
118
117
106
149
86
0
186
91
154
0
0
195
178
195
0
40
0
81
179
0
152
58
49
197
76
122
169
184
167
0
153
102
152
126
184
0
192
105
0
178
64
40
179
71
106
52
0
0
90
0
74
185
177
66
157
0
176
159
65
197
87
63
190
0
0
91
190
41
94
54
144
140
93
0
185
77
81
0
187
81
124
124
133
0
51
101
0
211
0
124
50
174
152
174
179
86
193
56
124
133
104
92
102
107
126
0
131
116
0
47
72
64
185
142
107
138
102
0
39
168
170
147
105
120
115
134
95
82
136
153
156
114
176
170
62
0
0
65
60
146
0
116
167
81
159
199
175
0
193
169
173
100
161
61
0
182
163
89
102
74
168
0
0
143
0
0
75
0
166
97
161
176
103
95
60
154
124
91
47
198
0
140
62
32
163
141
89
69
136
0
0
132
183
0
37
146
38
104
97
45
169
55
47
0
34
187
67
109
108
172
118
140
146
66
102
180
0
47
105
89
183
77
0
74
87
126
110
69
83
125
0
74
0
110
167
162
0
0
113
32
138
152
53
143
180
158
49
56
72
76
150
69
97
144
0
170
0
89
161
184
47
34
116
174
151
138
31
34
148
65
168
77
82
186
65
197
167
109
187
84
53
0
134
117
181
0
174
143
165
108
83
170
166
88
166
0
0
63
98
178
43
204
0
0
0
188
0
179
95
179
97
108
0
199
179
94
76
183
119
76
58
59
192
100
75
0
108
79
163
154
110
109
102
47
126
74
130
216
0
124
44
0
93
96
139
103
0
132
36
53
51
219
0
122
179
37
77
194
67
87
53
54
117
207
0
184
132
193
82
94
161
196
81
0
45
152
125
72
94
122
54
34
59
0
142
101
185
95
173
143
96
136
92
0
150
0
79
83
140
98
76
65
120
176
92
94
52
36
39
146
164
85
86
188
49
33
0
137
101
142
47
96
110
56
62
65
134
189
197
188
35
171
180
79
135
76
63
0
86
128
90
0
143
128
72
117
82
141
36
177
196
159
123
0
98
194
156
136
0
154
40
191
51
183
135
146
75
199
0
146
175
145
98
0
109
120
184
147
167
100
199
50
58
38
173
153
110
89
132
42
189
85
154
0
106
50
96
160
32
74
78
165
84
73
144
170
104
160
121
191
124
156
75
70
171
70
152
0
74
0
106
0
206
0
168
122
179
171
0
93
89
100
48
106
167
180
0
120
132
157
169
112
174
73
107
107
162
131
55
52
138
59
79
56
171
64
142
66
130
173
165
91
195
69
0
39
150
73
90
66
62
66
59
168
0
155
0
165
198
0
68
177
98
120
0
149
83
0
192
44
107
140
138
0
58
52
71
46
132
134
0
179
50
124
138
157
191
0
65
70
52
151
180
91
155
53
176
84
0
133
154
148
35
147
76
120
0
120
84
155
181
92
0
135
140
190
155
113
115
110
191
196
87
157
107
118
57
70
51
147
0
37
112
85
113
0
162
117
173
41
74
188
37
126
71
171
63
53
139
89
69
175
40
42
33
97
141
197
0
134
187
0
52
44
46
172
52
158
177
0
98
193
165
51
64
187
39
186
136
125
188
184
127
185
35
116
45
94
125
181
132
0
97
38
123
37
199
197
110
34
45
0
179
68
89
197
59
99
63
72
187
153
151
0
94
128
89
128
0
146
0
146
130
0
140
161
126
181
33
116
116
0
144
67
53
79
177
78
48
92
50
186
139
181
172
111
124
48
159
0
94
197
164
192
197
90
78
0
88
31
38
125
0
180
174
153
187
41
0
170
69
0
92
138
37
118
59
126
47
61
44
165
202
0
117
0
0
34
174
114
0
120
143
0
0
121
140
162
43
132
49
140
178
0
50
142
164
0
59
202
0
0
0
49
186
71
0
158
34
41
0
179
159
0
179
0
0
49
107
193
158
197
104
41
108
141
48
130
85
182
178
143
161
71
56
85
39
35
141
54
77
0
0
59
171
0
126
81
59
84
0
0
147
188
0
125
119
166
48
104
148
180
180
0
136
131
134
0
136
101
163
47
67
62
131
160
0
177
43
185
113
0
138
82
148
147
130
164
59
0
193
182
173
104
65
0
107
132
102
61
39
101
76
101
156
47
67
96
112
0
0
46
31
100
137
132
46
111
124
74
101
167
188
119
115
171
146
61
119
126
108
50
184
151
156
67
34
0
189
0
168
58
153
64
0
56
188
0
0
159
95
138
152
160
39
112
131
180
56
47
183
198
46
46
185
142
167
46
113
0
88
0
152
142
89
83
99
99
186
151
156
150
216
0
191
121
78
60
0
148
88
168
78
198
104
0
124
174
123
0
188
35
129
133
204
0
46
81
119
50
196
80
0
129
56
59
45
85
163
118
0
82
166
86
50
91
127
110
0
178
0
155
73
51
190
129
131
105
107
198
159
0
67
0
0
99
157
35
151
55
0
77
108
71
158
171
78
66
54
103
90
116
118
0
156
110
33
59
199
41
79
0
148
32
191
149
197
137
147
0
143
75
93
163
98
178
164
147
95
125
146
109
61
33
192
152
0
0
36
77
197
183
140
129
134
191
128
31
0
142
0
177
98
125
0
123
182
97
0
108
167
34
126
95
162
103
157
178
144
0
86
117
44
0
72
150
50
130
84
122
53
168
132
150
134
0
157
108
196
142
0
176
207
0
126
178
47
140
109
134
113
169
48
143
118
111
78
0
140
171
108
0
92
0
37
74
75
190
67
183
191
124
121
125
0
174
32
0
38
129
37
67
96
35
176
61
31
112
180
0
64
88
91
177
140
0
103
193
0
143
186
138
132
153
55
44
121
217
0
131
0
173
55
124
40
148
162
173
157
137
132
187
51
139
85
198
45
192
38
142
104
96
115
32
143
46
158
60
109
0
0
0
91
169
32
94
110
166
33
138
174
0
160
184
71
42
83
97
181
0
190
38
71
197
100
165
36
191
188
87
52
0
195
0
162
132
84
157
196
111
161
105
160
0
124
171
146
0
219
0
0
48
0
181
74
90
73
165
158
137
158
0
61
98
110
159
36
135
71
93
128
73
134
151
0
73
44
104
143
144
149
106
190
0
0
135
139
0
0
149
193
152
40
122
183
38
117
99
0
65
133
50
60
74
198
0
0
187
171
92
0
152
89
0
94
0
196
159
0
116
52
48
155
79
128
0
131
0
76
44
111
133
0
173
0
159
0
67
147
184
103
158
182
0
0
0
87
0
87
154
76
52
0
139
129
0
76
115
130
0
0
89
184
188
161
57
185
133
48
151
194
147
146
40
147
85
207
0
165
75
184
132
51
163
0
176
198
143
75
45
180
175
68
74
123
0
199
44
49
32
163
177
0
153
74
60
112
113
109
77
0
131
65
105
74
31
142
149
176
71
184
124
94
99
0
187
31
94
137
68
131
107
0
0
91
94
97
173
196
56
0
142
152
59
120
61
147
0
107
38
104
105
111
34
177
64
189
145
117
159
49
149
0
91
194
185
190
101
165
0
114
84
84
131
126
174
111
163
51
150
159
181
129
0
51
146
0
208
0
63
89
109
86
0
193
44
143
0
108
73
0
106
190
50
214
0
102
0
115
32
130
0
135
160
153
133
50
101
70
189
104
193
80
99
0
80
85
63
62
32
169
98
54
109
52
163
92
185
167
0
176
154
0
140
98
0
0
80
94
50
144
131
0
131
101
66
0
0
163
40
113
87
59
0
181
45
33
131
92
73
37
165
90
143
176
166
161
103
185
179
100
0
187
102
197
34
133
90
95
165
0
91
0
188
61
0
0
48
55
70
198
184
70
190
77
78
0
43
50
120
0
0
57
64
162
148
0
0
68
111
78
199
187
139
105
211
0
0
155
32
68
207
0
104
95
47
158
0
126
176
184
68
58
0
95
211
0
171
67
181
198
125
84
64
196
150
96
108
84
132
41
114
43
61
170
199
58
0
78
52
109
34
165
131
46
115
0
226
0
171
142
184
142
193
85
126
87
95
48
65
124
173
0
106
65
0
195
177
172
72
35
166
176
147
197
70
180
78
73
193
189
0
147
0
0
182
84
69
166
98
135
0
68
112
130
91
39
160
87
128
176
175
66
194
114
89
84
167
50
0
126
0
0
138
155
128
178
193
135
32
103
135
0
133
61
0
0
75
172
190
65
126
0
118
67
0
52
0
143
68
143
107
91
121
104
145
172
77
174
57
0
0
133
62
168
191
0
38
167
0
180
61
0
122
189
75
0
172
155
152
185
137
125
114
46
36
76
149
196
0
0
175
44
173
45
168
174
79
176
82
0
115
33
0
113
173
151
91
84
0
146
42
71
128
218
0
100
80
65
171
127
107
168
0
87
0
57
171
41
188
0
47
126
0
41
91
54
149
181
110
0
185
32
107
0
135
198
149
128
143
73
110
0
150
0
171
174
142
46
148
157
46
0
195
173
162
119
133
58
72
76
70
60
63
135
0
77
65
98
82
109
46
177
40
68
162
73
209
0
149
49
159
34
0
170
145
99
170
79
155
104
153
103
143
76
129
171
135
40
0
174
83
144
120
46
169
179
184
70
62
69
0
157
0
82
98
31
142
104
32
93
135
173
141
131
64
0
193
39
184
136
72
158
0
139
0
0
106
194
42
38
143
65
175
129
0
59
38
67
157
154
48
182
62
172
183
164
51
151
36
58
97
0
100
117
139
41
177
188
48
134
180
181
81
0
32
0
61
133
207
0
144
0
190
177
0
138
35
182
86
177
117
192
148
57
155
193
0
118
95
197
146
0
123
70
47
188
115
151
192
164
149
36
188
33
109
85
166
178
110
0
0
133
138
109
78
183
42
186
200
0
0
42
68
35
50
62
45
151
74
80
169
69
89
128
67
47
146
187
0
48
130
35
75
173
61
222
0
104
35
107
106
159
0
32
82
84
53
184
189
186
146
50
0
37
0
35
189
64
57
45
74
160
125
78
52
0
35
45
133
192
67
0
90
0
55
65
124
145
89
162
170
102
0
60
126
43
38
0
93
143
0
60
37
32
130
106
199
157
184
0
103
0
79
0
99
69
101
155
160
39
169
46
203
0
149
0
50
48
36
161
96
150
196
77
162
121
174
179
164
140
201
0
181
63
173
40
103
0
109
74
0
0
193
96
93
107
88
0
0
187
0
155
73
116
0
37
87
89
131
116
40
77
0
0
127
126
180
72
150
108
78
121
0
156
117
103
0
41
59
157
0
178
51
142
0
0
151
70
145
0
55
138
192
125
87
60
181
124
98
34
0
198
139
98
0
91
130
113
38
106
206
0
152
31
154
155
167
181
51
166
193
0
166
113
0
175
50
0
179
158
35
152
180
99
167
76
0
130
91
168
107
113
188
159
0
170
191
104
164
178
192
32
151
103
34
191
0
162
58
50
175
0
0
33
225
0
97
0
181
102
140
109
79
0
0
0
61
118
165
185
143
62
196
0
103
137
193
0
125
66
139
115
183
155
96
103
189
0
79
113
83
154
130
46
0
182
88
172
89
119
40
138
85
103
193
178
112
0
95
49
60
187
143
124
54
154
0
71
168
179
146
132
109
171
144
69
0
179
99
46
0
146
69
120
0
79
125
0
0
191
182
42
153
0
154
96
188
69
85
0
0
167
118
47
145
140
191
0
77
110
134
0
0
162
94
186
213
0
45
0
100
108
172
194
0
47
0
172
218
0
32
68
55
45
0
160
0
153
44
52
146
0
127
63
184
132
91
0
46
184
193
0
137
47
148
191
75
47
0
216
0
0
74
161
146
52
140
133
92
79
115
159
136
114
153
99
188
139
186
41
198
0
183
177
0
54
0
98
112
46
148
176
198
143
186
160
206
0
94
161
67
105
122
112
103
106
119
204
0
116
107
116
165
32
97
58
47
73
0
0
171
111
42
48
109
74
0
172
80
105
141
0
195
52
133
116
40
145
151
0
67
0
58
198
0
0
0
37
89
119
194
170
0
90
131
72
47
169
0
34
92
99
199
84
104
123
73
166
127
115
66
159
0
121
43
85
189
0
119
55
170
156
59
88
158
0
0
147
57
151
159
70
104
78
77
84
158
51
193
83
151
180
143
68
143
86
115
0
184
192
42
178
49
0
74
70
116
192
78
77
0
166
173
107
105
31
191
96
153
150
113
71
181
0
176
101
97
60
119
196
0
63
148
156
193
32
76
157
158
101
143
131
38
87
0
211
0
0
109
0
53
115
181
190
148
195
154
156
175
0
0
65
0
83
111
128
95
0
156
128
75
163
147
119
129
106
158
186
100
0
62
109
150
51
173
0
161
64
153
83
55
164
32
90
173
191
143
50
107
0
94
188
104
182
150
151
155
183
74
108
143
111
67
109
64
133
149
0
127
165
113
96
147
39
43
160
0
54
114
142
125
168
95
149
129
204
0
78
178
92
148
0
82
191
164
114
127
82
92
33
191
0
197
163
0
170
127
139
0
157
58
144
132
111
130
94
137
169
160
152
176
124
67
90
165
170
85
31
39
104
41
114
32
171
195
81
57
115
0
95
58
125
0
173
158
48
35
140
157
123
159
113
139
99
192
181
85
195
97
40
76
34
183
66
67
108
173
32
0
118
194
103
0
208
0
159
143
64
46
138
64
102
0
165
173
198
80
190
123
0
63
0
163
157
140
0
0
132
72
695799