139
177
0
106
96
92
152
0
66
134
84
116
71
164
135
177
158
62
203
0
163
166
139
128
88
135
183
181
153
80
105
160
130
69
39
186
63
190
62
154
184
169
41
44
110
67
134
111
0
90
0
114
0
74
0
114
70
186
76
179
86
155
176
86
0
32
112
102
105
82
175
41
122
94
69
0
189
165
98
148
0
189
0
84
164
111
64
0
147
107
0
89
164
68
86
53
188
129
216
0
34
195
131
37
95
193
0
161
152
157
110
42
129
158
159
130
112
132
102
190
0
106
49
171
60
0
173
61
199
162
180
171
133
94
181
129
48
199
121
103
0
0
197
188
116
50
89
54
96
93
51
121
99
159
0
104
0
178
90
128
78
60
0
0
63
86
91
75
42
58
43
187
63
169
196
115
61
44
137
133
113
141
156
0
197
74
148
159
152
192
96
148
38
90
0
186
196
143
95
175
0
132
0
38
45
140
68
0
80
162
44
74
111
0
79
0
55
143
0
130
143
0
101
188
0
93
81
175
151
174
191
55
0
59
101
163
182
70
107
67
121
67
0
153
84
140
194
181
124
61
0
57
71
101
118
0
61
186
145
134
0
111
136
0
202
0
28
44
47
187
90
179
84
102
182
0
0
163
74
0
80
174
0
54
83
109
170
0
0
85
197
139
162
131
0
56
48
196
45
175
155
71
0
75
0
0
130
71
131
186
129
166
0
73
146
95
125
157
183
192
101
192
196
0
105
117
174
121
0
177
195
39
71
172
108
82
97
198
182
181
59
188
192
186
45
145
42
48
0
156
0
127
153
124
0
104
183
58
89
175
137
45
106
129
63
80
151
151
162
0
150
0
51
149
100
172
87
142
0
132
0
95
0
181
62
67
100
115
47
140
0
58
100
99
46
103
110
39
38
47
153
0
158
180
97
59
114
0
79
157
0
46
68
80
101
0
54
89
162
175
46
94
192
138
0
126
204
0
30
0
124
132
73
165
170
45
103
159
114
36
36
0
22
180
92
74
172
113
95
145
0
70
56
52
43
58
104
156
96
153
0
125
95
140
189
115
64
36
137
159
93
91
198
82
36
167
0
177
104
190
68
78
177
0
121
111
186
167
114
148
0
115
90
91
161
129
192
175
148
141
77
79
37
144
124
178
37
162
102
112
98
0
161
84
62
138
36
140
167
77
170
125
135
55
96
100
207
0
195
0
59
157
125
50
77
104
151
0
110
42
119
92
57
197
81
0
29
78
94
86
56
56
138
97
139
52
58
107
70
179
0
118
72
191
181
69
186
198
124
0
129
181
46
168
127
99
0
0
85
127
188
0
55
147
119
143
50
0
152
0
56
66
84
88
0
95
195
83
97
145
0
186
133
120
39
137
131
42
156
0
42
160
93
77
0
180
142
154
118
98
112
208
0
126
87
145
54
90
110
0
0
168
36
139
131
190
45
194
79
0
102
45
62
216
0
183
51
37
74
64
174
99
100
49
104
52
52
117
198
91
123
122
120
67
158
143
74
200
0
0
44
191
120
180
191
123
0
167
0
170
211
0
176
154
0
179
102
0
24
144
69
125
0
139
176
0
0
163
139
51
130
46
177
41
0
164
105
69
97
0
138
105
147
0
118
45
61
167
0
218
0
150
86
119
47
176
131
121
47
64
0
187
74
137
164
43
176
169
87
127
189
162
111
180
124
62
38
86
168
82
105
105
129
121
0
83
199
46
0
116
126
68
198
0
199
70
0
31
126
47
178
0
77
171
44
49
120
0
108
52
115
127
127
150
175
187
48
109
140
108
0
138
45
89
164
0
93
197
181
39
0
26
40
100
68
137
52
58
102
0
91
131
122
186
61
187
0
114
64
75
0
168
0
63
143
109
67
189
182
0
74
88
0
102
171
103
104
0
170
83
99
0
119
152
73
121
158
125
213
0
63
0
173
53
76
143
87
166
116
0
87
94
0
0
138
96
138
114
190
56
52
50
199
0
149
189
115
174
103
55
37
69
68
185
160
127
126
53
155
134
124
37
0
24
177
44
0
170
67
0
41
39
172
105
170
64
40
118
0
85
197
127
0
97
192
132
136
124
81
46
190
139
141
113
168
194
196
97
36
145
143
129
131
124
128
173
184
68
173
189
154
43
146
109
0
141
162
145
105
185
144
0
173
103
46
0
115
188
120
64
127
137
115
85
185
0
154
162
123
162
191
143
111
147
43
161
167
131
62
141
150
114
171
161
186
128
102
118
171
0
131
114
150
142
188
108
0
62
47
172
128
54
122
98
0
186
36
74
100
128
105
179
124
58
185
171
107
137
149
91
97
59
175
100
118
77
182
162
40
155
75
126
185
127
0
42
177
197
0
22
123
49
182
141
0
134
168
193
0
101
92
120
85
39
186
193
130
148
0
179
148
94
162
69
156
72
85
41
0
161
0
79
56
80
138
70
113
61
0
26
45
114
199
111
158
156
134
135
117
132
114
0
131
179
0
93
172
199
141
131
41
182
174
66
40
66
203
0
57
0
48
176
159
220
0
174
112
0
0
112
61
46
149
78
169
125
168
162
197
99
73
0
168
191
89
0
181
108
150
0
186
142
66
181
181
196
38
73
186
63
116
89
133
128
40
0
0
49
184
88
100
57
84
0
42
0
80
0
181
80
90
0
119
136
53
44
177
136
98
63
0
54
158
110
90
96
169
0
176
146
114
82
99
46
76
143
162
181
95
61
171
84
57
67
0
138
68
130
96
175
0
119
141
117
178
98
134
88
96
194
0
184
0
29
112
60
49
187
84
129
168
138
0
114
0
157
119
47
84
195
151
174
114
99
103
80
156
90
37
0
36
94
130
45
184
173
165
0
192
0
186
45
174
0
177
96
134
77
130
139
154
155
121
167
117
147
210
0
98
0
0
116
183
0
0
121
0
118
120
107
0
91
184
154
100
104
97
136
99
0
98
131
152
78
138
188
63
81
71
44
64
0
164
136
114
123
0
85
138
171
36
163
88
0
105
191
176
95
0
104
142
124
66
180
0
0
46
57
200
0
62
125
164
162
130
92
180
172
59
173
0
144
0
138
188
71
0
0
192
88
184
74
170
0
55
157
143
131
97
90
170
85
198
51
64
0
107
62
82
100
38
197
111
117
128
110
144
138
191
123
0
87
79
180
95
197
101
128
144
62
56
131
98
97
76
185
137
49
124
129
112
0
147
202
0
192
0
149
60
0
99
171
59
128
128
105
173
0
159
176
0
114
0
144
74
197
84
196
102
0
186
120
115
188
0
122
79
153
105
0
72
0
59
161
143
86
199
36
97
144
0
125
0
32
62
197
85
196
113
127
197
71
111
81
174
180
134
153
98
0
102
80
93
129
163
122
127
118
128
99
52
198
50
133
152
0
126
150
80
74
0
110
86
197
153
183
102
157
188
77
196
64
165
189
191
175
0
185
158
132
128
215
0
161
184
0
93
54
120
0
94
36
69
72
0
140
155
68
0
122
156
155
158
87
49
195
54
173
129
147
161
180
65
122
193
130
115
0
0
38
148
93
123
149
179
83
154
182
97
170
106
0
115
155
0
51
191
152
191
108
144
164
157
130
105
158
0
66
0
190
189
71
0
114
220
0
0
137
117
192
160
182
167
161
92
108
0
153
0
47
189
95
149
0
92
148
0
188
0
94
119
125
216
0
77
147
37
77
77
178
45
157
74
0
196
0
125
158
175
137
181
116
157
180
128
192
59
70
193
0
123
212
0
196
0
87
0
140
192
116
72
37
152
67
93
43
90
169
0
98
72
0
101
210
0
0
190
0
158
133
149
179
89
46
0
159
0
46
196
162
141
0
197
116
48
116
174
0
64
0
49
52
96
0
79
183
112
161
159
79
113
65
205
0
108
160
194
0
119
168
118
55
154
83
39
107
194
183
0
68
151
99
117
127
191
0
39
54
148
169
196
196
0
128
86
0
90
90
98
0
0
150
95
88
176
36
43
183
179
194
86
138
58
134
112
145
0
182
98
0
100
0
52
136
54
52
121
156
118
0
93
42
42
122
70
0
73
48
45
67
125
151
185
41
173
85
53
58
186
0
0
114
83
74
133
142
121
146
124
69
70
209
0
75
79
161
95
183
90
75
129
140
189
95
0
109
165
77
57
178
175
165
67
135
135
194
129
59
137
0
101
45
107
55
98
131
0
87
38
181
150
97
98
62
135
65
0
0
101
73
0
179
43
192
135
78
121
144
140
66
110
0
145
0
123
43
194
182
83
82
0
0
185
39
165
44
66
0
147
54
0
61
173
162
58
175
171
43
109
0
0
88
136
167
100
0
107
0
179
0
194
92
0
112
128
56
61
67
0
79
191
160
102
182
53
138
55
56
165
58
171
91
74
176
82
196
149
88
50
141
127
0
50
73
165
37
167
112
160
38
176
102
71
152
144
190
68
0
95
77
49
95
101
153
84
0
109
127
126
180
60
0
76
54
176
50
88
163
73
188
127
73
72
0
129
0
145
123
85
191
81
0
97
62
100
107
103
88
59
78
0
171
131
136
182
116
0
0
194
133
186
120
0
97
185
129
196
199
79
89
125
52
160
157
117
0
140
199
117
0
193
108
0
0
98
79
153
177
97
97
118
0
86
101
176
177
0
0
96
71
142
82
0
44
0
145
97
82
58
129
42
59
82
74
48
187
133
52
129
86
93
158
53
52
50
195
41
143
194
138
188
0
25
124
169
151
61
177
89
80
129
155
179
152
0
150
0
147
197
148
75
0
96
0
29
148
0
27
167
133
59
145
114
184
95
0
85
172
120
114
166
63
161
0
52
127
114
79
0
63
0
113
86
58
63
57
52
83
67
0
71
167
138
67
111
131
156
41
152
183
198
64
168
0
64
0
160
57
121
0
226
0
34
214
0
0
22
71
94
125
75
164
0
170
140
0
0
190
68
124
101
124
115
46
151
147
143
171
178
0
86
0
182
127
102
0
45
180
126
71
55
144
0
0
105
0
0
104
0
151
153
39
65
40
0
26
92
185
70
0
76
99
0
150
92
0
112
65
0
22
194
110
60
74
0
135
194
81
43
128
119
0
158
86
49
0
113
62
189
48
94
0
76
63
192
73
166
66
45
176
167
164
0
72
103
83
158
164
0
198
162
138
67
0
151
198
200
0
106
175
40
125
114
54
183
91
133
66
137
169
72
185
48
156
0
55
0
37
53
149
77
67
147
99
114
142
138
0
125
135
0
48
88
101
171
137
193
96
0
60
121
0
77
84
0
131
125
133
167
0
97
0
35
180
161
0
111
0
167
126
140
150
117
119
105
151
0
198
0
175
119
133
141
0
177
170
90
131
133
159
77
72
0
159
55
38
78
0
94
120
70
54
141
183
183
166
49
0
221
0
70
199
116
39
87
39
104
58
108
143
182
164
78
179
43
0
145
0
120
53
159
0
169
55
141
111
182
0
183
183
150
84
175
77
81
210
0
41
108
155
0
135
0
32
113
149
71
63
119
156
160
37
59
131
0
68
183
39
192
191
187
140
0
93
0
134
137
152
169
138
0
45
102
58
59
179
0
35
188
52
108
183
198
137
181
199
76
177
177
77
0
176
121
173
59
0
166
69
178
0
25
0
193
0
150
136
47
140
115
0
64
0
74
0
188
0
177
0
191
0
108
166
165
91
75
0
0
30
122
70
0
185
215
0
106
0
179
50
83
148
110
99
92
189
0
81
0
188
71
104
161
196
135
123
109
170
128
50
129
166
99
72
171
80
136
201
0
173
96
116
125
171
119
45
143
118
84
125
60
132
126
56
113
0
188
170
61
154
113
185
94
156
51
59
52
0
46
156
0
62
130
49
95
173
54
116
0
88
71
93
0
79
113
92
121
0
168
38
0
183
195
170
0
155
158
196
187
0
147
181
79
88
0
69
0
110
186
0
175
189
176
177
196
0
108
186
105
172
190
181
41
84
187
63
53
0
186
48
160
87
74
122
0
85
76
46
95
185
58
108
172
74
74
108
0
65
92
197
152
95
188
104
189
118
187
197
179
165
200
0
0
134
155
0
121
185
76
102
36
51
38
46
71
0
115
128
183
135
115
41
86
110
59
45
105
0
169
188
189
80
159
56
76
133
176
0
171
52
131
0
34
170
0
36
157
113
133
220
0
121
161
0
97
85
154
56
118
121
144
186
168
164
108
0
60
83
36
151
132
177
78
132
53
108
105
155
137
99
180
112
100
171
143
0
85
113
131
84
101
0
140
186
193
182
171
89
0
139
51
119
111
117
104
43
137
59
47
101
52
157
117
85
145
41
70
0
101
189
43
94
226
0
42
112
83
72
0
0
195
129
0
54
113
131
130
59
0
88
121
80
124
0
102
0
184
143
187
107
187
0
189
105
166
0
76
0
27
63
0
189
195
79
121
120
197
151
204
0
116
0
153
46
176
118
117
68
133
144
144
0
178
54
102
85
0
40
0
86
205
0
39
83
98
92
159
105
151
181
114
43
178
143
181
98
0
0
123
111
44
41
52
158
95
59
98
100
136
0
48
198
74
113
127
107
198
50
52
0
94
0
158
88
114
73
144
63
73
111
0
127
0
150
173
105
88
148
0
36
151
173
50
36
186
136
140
146
177
91
0
72
71
104
131
84
198
161
216
0
85
54
160
93
80
161
0
62
106
186
62
0
82
143
0
124
135
150
55
148
0
157
174
86
37
62
133
203
0
0
107
104
49
135
145
0
117
68
131
87
137
92
49
0
119
196
129
146
189
84
151
43
55
169
60
148
89
157
107
0
182
41
0
191
55
52
148
201
0
76
80
161
145
0
124
111
0
155
191
123
0
168
70
113
0
190
85
219
0
171
55
181
153
43
116
0
165
72
91
127
0
40
193
51
0
136
113
98
58
191
53
80
71
93
113
95
37
186
167
0
84
139
191
95
145
54
141
132
39
39
119
137
142
108
163
177
150
75
80
170
184
179
129
130
0
146
0
90
196
151
114
0
187
73
171
157
42
204
0
107
0
198
77
111
45
0
25
158
54
54
55
63
145
116
102
151
86
171
82
132
179
98
108
199
89
57
210
0
160
114
188
177
100
135
64
158
193
139
198
60
86
45
168
133
169
78
72
167
111
115
0
73
70
69
0
123
73
108
0
0
0
178
64
124
120
192
197
57
91
0
32
115
0
140
47
153
44
93
187
117
144
0
113
100
105
0
125
190
0
121
53
52
114
48
127
158
0
117
48
184
0
41
194
188
160
176
145
71
141
45
123
198
187
168
0
0
117
0
143
53
168
65
67
0
39
122
69
166
70
192
140
157
71
80
89
208
0
180
130
186
170
121
93
76
188
62
199
173
93
168
47
98
90
0
52
43
152
178
95
181
192
119
87
126
117
109
0
128
0
0
174
39
133
158
163
156
44
60
139
76
160
108
65
92
0
186
0
50
64
0
48
87
161
103
0
108
184
65
138
114
0
165
184
105
164
192
91
187
36
70
0
177
122
190
57
50
118
0
37
0
162
186
0
154
78
199
196
162
38
155
132
144
185
66
141
148
49
67
112
195
106
99
0
193
0
113
216
0
188
132
0
178
170
131
70
65
194
143
63
116
50
193
75
102
180
136
0
102
41
42
118
138
138
78
174
135
198
98
164
164
0
0
73
180
87
76
0
90
0
99
103
199
71
94
194
76
72
184
135
112
0
178
169
106
102
105
41
152
0
37
198
115
72
145
0
97
45
45
170
51
169
103
170
167
66
0
198
176
40
58
196
65
138
87
109
97
109
189
40
119
74
86
135
137
0
100
45
0
90
0
114
78
36
151
0
143
129
0
102
0
144
0
75
123
136
0
47
161
144
135
70
137
103
161
66
124
0
70
173
117
124
194
106
101
173
59
99
163
107
38
153
158
125
78
66
162
79
0
154
48
85
170
128
119
0
81
110
0
64
82
186
226
0
205
0
173
115
143
0
120
96
195
136
177
98
193
86
0
177
179
138
128
104
84
0
164
58
0
174
140
141
180
59
80
103
81
127
56
87
208
0
133
0
192
0
57
0
0
138
177
122
0
178
0
184
0
87
190
160
44
160
156
41
168
182
216
0
41
159
0
151
96
170
100
0
148
66
0
54
111
0
177
195
148
121
144
117
66
132
154
178
0
59
94
0
147
173
89
45
156
168
42
183
86
0
91
211
0
0
103
127
0
157
63
59
194
152
62
160
91
109
100
43
77
109
88
115
56
140
127
73
102
95
147
0
113
65
122
115
0
113
145
0
22
121
182
137
48
109
79
128
192
118
0
148
183
0
70
0
116
73
128
128
0
190
37
108
143
72
118
146
164
101
201
0
178
131
100
0
140
128
0
112
0
169
181
189
117
67
39
0
183
0
81
0
117
88
0
186
157
0
154
151
221
0
191
178
146
128
0
51
128
148
0
0
139
188
67
58
102
79
152
102
61
119
85
171
67
120
0
111
176
68
43
137
46
154
65
82
67
43
124
118
185
137
134
40
112
132
0
199
101
176
0
131
99
154
0
83
104
109
118
119
76
0
109
70
0
195
188
115
184
0
41
0
114
130
142
78
74
91
87
167
157
166
79
36
144
104
0
108
136
120
178
39
189
0
43
112
0
48
140
40
181
66
0
36
113
156
93
45
126
69
60
91
0
192
0
154
134
0
161
0
166
78
157
75
60
155
185
172
199
46
133
77
38
165
88
128
48
90
0
170
118
0
69
104
0
160
0
70
0
92
130
97
111
84
181
109
58
0
140
174
57
191
115
135
120
51
170
39
188
137
0
128
81
45
187
57
105
137
188
147
139
161
196
52
39
60
68
165
0
60
128
118
0
57
50
121
77
140
93
188
176
66
38
163
153
59
101
58
105
70
169
92
203
0
129
185
41
124
112
169
41
129
40
172
151
0
126
59
0
139
150
53
106
193
53
40
62
0
167
0
142
65
94
37
101
0
22
178
170
0
195
102
0
147
64
175
103
188
100
198
54
62
176
116
164
165
174
66
96
141
135
142
76
0
45
119
142
164
151
53
143
177
179
82
157
0
101
161
81
54
208
0
177
182
144
111
59
181
0
0
88
81
0
190
0
0
179
136
79
122
0
180
162
102
74
182
172
169
72
0
106
137
41
85
210
0
57
83
0
44
126
159
172
109
155
147
0
164
0
164
45
128
67
116
168
59
70
185
105
69
149
101
0
159
49
46
59
0
184
60
0
128
166
129
146
125
117
162
77
121
0
60
0
44
127
0
140
146
74
160
97
134
88
82
60
69
67
62
115
0
113
199
101
65
63
177
182
37
58
102
76
194
170
0
198
146
0
0
140
41
41
190
89
153
127
155
133
0
148
0
111
92
199
109
144
82
136
0
82
69
0
114
0
94
58
180
103
192
179
188
0
156
0
175
107
144
0
46
53
51
144
168
137
0
110
122
67
184
0
128
135
0
50
162
197
101
0
74
111
79
45
110
155
148
45
0
77
131
75
175
153
186
71
0
119
113
0
145
196
0
78
0
71
169
135
0
73
49
100
189
161
190
142
142
138
56
97
196
187
147
88
178
101
49
142
0
218
0
154
75
0
143
96
166
184
156
0
21
182
144
139
83
41
162
107
112
201
0
192
0
71
132
169
67
93
76
53
91
41
132
118
145
77
0
183
199
0
129
74
64
162
37
186
87
171
0
55
87
78
178
151
0
191
158
0
38
189
192
176
98
155
116
92
90
182
161
120
105
169
58
113
119
199
92
51
166
70
0
127
110
138
84
0
93
190
108
65
110
0
0
113
189
44
187
111
77
65
110
198
0
208
0
24
167
41
153
124
107
0
170
0
122
117
81
184
55
145
51
121
0
27
217
0
153
138
112
0
119
149
120
57
129
38
156
96
74
190
167
0
74
194
154
58
95
115
0
0
112
149
0
126
0
29
0
194
0
48
166
190
125
197
99
137
102
45
76
104
189
104
150
106
174
0
153
172
58
55
100
136
52
0
64
204
0
169
223
0
173
0
41
185
145
47
139
98
217
0
205
0
76
52
117
40
78
0
0
130
133
94
178
0
149
0
176
136
37
123
175
157
55
72
0
35
40
197
132
194
155
191
168
122
138
158
163
132
39
76
154
152
165
128
0
88
0
131
69
170
55
141
104
139
52
100
160
190
198
156
59
43
44
76
0
45
119
0
43
164
63
0
35
73
61
148
0
88
89
0
194
0
135
183
0
141
102
188
171
182
118
63
50
139
190
173
90
190
0
107
113
99
72
172
117
81
95
0
48
66
0
156
69
0
169
129
49
113
143
0
177
110
0
131
103
117
101
64
0
50
100
0
113
84
42
47
84
46
162
126
111
164
147
203
0
121
0
27
98
106
202
0
212
0
113
157
165
92
94
97
147
44
197
111
160
79
0
52
147
185
156
0
58
0
0
122
196
0
99
140
159
0
78
223
0
184
194
143
184
174
85
0
157
65
135
98
176
105
125
40
95
97
181
0
178
185
85
126
191
158
0
169
128
82
69
0
58
110
0
101
43
0
102
0
155
189
161
146
175
84
134
86
67
0
33
0
199
105
181
117
81
115
85
62
181
42
69
136
179
183
53
0
0
56
0
96
184
51
152
101
72
42
194
111
0
162
101
147
154
117
208
0
174
152
164
118
0
199
142
69
58
196
40
194
0
39
184
0
129
151
70
133
71
87
180
129
159
107
85
200
0
49
157
0
0
21
158
151
128
53
140
0
156
83
93
70
185
137
179
111
0
54
120
95
176
119
0
124
0
174
0
78
39
122
41
63
164
103
181
188
198
184
179
60
0
144
181
170
0
193
193
123
174
140
50
70
104
70
144
0
141
190
138
188
0
74
46
115
94
128
0
168
92
52
175
0
97
0
0
123
72
163
43
151
122
84
127
0
153
0
56
82
161
198
168
132
40
226
0
199
57
0
110
183
62
165
0
0
0
26
142
82
167
42
168
140
82
64
0
216
0
25
76
178
174
94
174
0
171
171
179
144
0
104
175
111
0
119
157
91
0
39
39
186
163
45
0
94
89
140
39
56
147
71
0
64
95
73
130
0
0
51
43
36
188
202
0
89
0
46
196
97
0
162
154
168
0
76
100
181
0
156
64
127
155
152
110
88
77
0
31
74
0
218
0
61
181
0
143
187
0
113
0
56
102
126
106
0
226
0
102
0
70
110
174
76
0
118
77
79
138
0
128
146
80
0
25
126
191
161
147
0
104
139
174
143
155
88
195
199
56
76
0
51
84
191
131
91
0
131
170
72
103
81
164
0
133
0
95
160
0
179
191
166
0
114
186
66
74
107
170
0
113
136
117
115
74
150
0
46
152
109
0
143
50
99
166
58
47
117
124
102
175
73
110
142
50
189
139
102
95
148
198
107
36
0
161
0
140
36
165
60
168
170
120
88
39
116
114
174
192
0
61
132
54
110
0
176
113
82
0
0
144
94
128
0
106
67
77
0
125
80
66
158
0
101
192
120
184
48
55
85
195
187
109
82
135
99
93
118
38
0
57
135
87
110
85
81
107
83
51
130
0
218
0
49
105
0
0
98
186
45
49
170
48
55
113
83
141
71
193
0
93
0
38
43
184
128
117
144
104
189
0
52
134
49
160
184
153
0
184
138
128
92
92
83
51
104
140
188
44
39
115
110
191
164
0
152
89
47
0
123
175
189
182
114
46
101
65
197
198
0
104
45
0
164
172
68
0
25
154
175
114
72
36
135
151
62
0
121
156
199
130
58
0
143
114
45
166
155
118
188
132
132
176
0
163
195
0
172
120
110
128
122
57
125
86
0
195
171
0
187
133
93
151
176
64
176
184
0
33
58
0
161
101
193
68
0
112
148
0
180
121
50
74
0
110
51
170
193
79
80
48
40
119
0
83
57
59
147
0
130
85
168
43
104
0
95
0
170
105
87
185
210
0
179
42
162
0
117
112
178
80
43
132
183
141
114
89
104
198
178
173
53
139
118
166
0
51
80
0
190
99
132
167
0
45
76
86
87
128
0
63
107
48
184
193
0
50
89
119
159
127
37
62
117
82
87
87
97
111
180
42
112
57
149
137
183
169
0
129
199
54
87
77
55
125
121
80
43
167
197
79
155
192
141
89
78
196
70
153
0
105
133
148
60
104
37
50
163
126
198
64
99
153
172
0
131
85
0
113
162
136
0
198
183
47
128
161
114
0
72
52
82
149
146
193
183
60
134
0
57
75
111
150
133
142
100
173
0
122
156
39
0
131
118
136
57
39
192
66
101
195
0
28
38
101
0
140
179
121
141
36
95
91
176
72
67
57
193
82
83
179
188
124
211
0
0
113
123
85
122
137
154
0
43
40
163
168
0
223
0
114
128
0
151
151
0
185
177
109
170
141
0
169
114
86
105
103
0
159
0
222
0
97
97
0
215
0
38
119
114
217
0
51
138
65
147
0
90
101
120
0
68
71
73
102
176
168
81
84
49
72
130
158
166
135
196
129
40
67
66
188
205
0
185
0
155
0
39
190
107
73
52
0
155
36
0
120
107
0
173
0
42
44
0
195
150
119
0
61
58
176
0
31
106
0
166
0
223
0
104
67
148
0
84
52
170
59
143
89
121
110
108
0
64
0
124
189
75
0
91
0
39
223
0
68
93
167
50
116
139
53
195
167
144
0
39
135
110
184
154
159
123
130
82
64
141
82
94
192
89
0
47
0
51
157
0
56
203
0
144
97
64
77
181
94
94
149
0
80
82
71
172
93
141
102
159
0
64
0
33
88
196
188
191
175
137
89
152
0
0
196
61
194
96
183
186
132
167
75
83
0
91
110
0
127
125
127
101
103
55
66
73
106
197
122
0
129
133
176
193
0
111
98
172
147
69
0
102
71
0
183
89
138
164
50
192
178
190
183
154
61
51
0
81
192
0
138
41
44
52
84
66
0
190
58
81
109
0
209
0
150
142
69
0
148
49
0
34
64
100
157
0
41
148
0
46
104
0
136
0
66
138
167
60
179
52
187
0
0
174
41
65
194
115
67
76
171
136
69
171
87
133
0
51
110
0
56
64
0
187
79
184
119
130
190
183
193
197
222
0
0
122
0
169
181
44
98
198
100
43
106
57
113
143
157
141
61
116
181
81
0
148
49
175
80
64
100
56
149
0
0
39
97
178
56
72
49
0
160
0
171
70
192
182
0
0
159
116
165
43
41
75
37
151
116
0
41
120
0
170
188
120
37
149
122
108
140
0
48
123
95
67
0
182
180
119
139
174
158
99
196
192
176
195
146
184
178
49
119
0
162
123
81
186
125
182
99
69
58
98
169
125
0
153
0
95
43
199
83
198
0
86
37
158
197
77
115
139
80
132
194
75
65
181
112
119
0
37
73
153
107
69
114
0
185
119
0
196
135
132
110
137
43
0
40
0
62
139
118
92
120
0
34
44
87
196
197
67
170
54
176
109
185
103
43
92
226
0
103
0
101
88
106
66
37
186
128
205
0
165
0
0
198
178
58
145
0
130
0
106
45
102
180
61
183
179
53
0
57
139
55
0
160
176
137
88
70
146
66
146
128
45
54
128
140
45
85
129
65
0
113
96
0
104
136
180
179
159
73
83
0
0
97
139
0
0
49
103
157
0
180
0
83
0
124
43
49
149
168
85
162
87
0
154
172
88
97
198
127
165
150
136
94
45
95
61
178
171
49
0
108
83
128
48
118
138
196
92
197
0
110
136
0
133
72
0
129
0
59
0
218
0
167
0
116
124
75
165
0
70
161
177
66
93
145
0
69
0
192
47
73
45
58
0
26
94
126
173
208
0
161
70
98
149
0
79
161
59
112
113
168
0
85
0
68
110
122
84
63
112
0
136
125
187
0
50
188
53
68
111
161
38
83
0
202
0
101
181
73
117
124
117
0
108
170
158
62
179
105
191
164
114
0
27
47
139
151
0
98
181
196
220
0
71
83
117
0
81
190
47
121
79
88
55
147
0
190
0
37
145
158
147
0
134
196
188
106
158
0
125
88
165
0
176
0
0
127
58
0
146
177
0
61
187
139
120
193
193
52
144
117
188
166
112
163
160
0
96
187
149
153
45
82
123
178
56
195
68
0
56
148
177
0
206
0
158
0
23
116
96
45
159
0
74
0
199
125
164
0
105
157
156
0
134
0
49
0
111
152
89
74
139
95
126
75
156
78
127
137
62
0
118
54
118
52
181
166
160
157
0
174
164
116
181
98
164
0
144
114
160
96
123
112
162
106
67
192
70
179
201
0
169
84
151
107
106
37
124
198
78
105
39
151
132
0
0
158
160
0
165
58
0
22
128
166
91
0
38
145
120
116
55
93
165
153
210
0
168
54
159
128
169
0
35
0
113
99
195
0
116
183
68
106
196
79
51
98
138
164
76
160
142
157
136
61
0
194
0
18
82
123
187
45
0
65
76
139
186
123
116
0
68
72
168
57
87
54
120
94
196
155
132
0
35
97
133
176
166
0
139
148
175
0
35
174
178
47
0
103
110
88
83
95
39
182
95
58
132
112
171
95
49
130
40
45
109
52
120
186
60
43
68
138
63
155
83
136
158
68
100
188
127
142
180
57
56
67
147
155
0
103
177
88
85
126
104
0
113
0
97
0
194
127
197
80
160
54
95
197
172
114
71
54
131
74
149
0
140
108
0
195
145
82
189
62
61
83
119
0
77
57
110
107
108
75
0
154
95
125
132
49
103
195
175
74
140
152
194
121
47
0
0
58
0
190
0
77
197
37
160
110
59
186
63
122
191
126
158
44
86
132
197
152
191
0
64
42
120
162
150
86
127
0
0
149
105
38
104
200
0
98
0
93
209
0
192
147
167
0
174
51
155
112
94
171
0
158
142
84
145
118
171
0
213
0
174
101
106
63
175
140
202
0
106
0
120
191
45
0
119
177
0
138
81
77
156
165
122
183
148
43
141
152
88
56
132
62
171
63
117
171
68
125
65
48
0
55
118
195
80
161
148
174
142
0
28
141
73
99
123
76
151
179
127
171
116
124
89
183
174
160
0
145
0
124
0
182
99
199
0
18
38
119
65
114
156
0
119
134
68
37
94
90
0
176
221
0
198
144
128
83
141
0
86
66
89
124
72
108
97
191
102
112
98
0
59
92
195
159
140
0
38
140
213
0
218
0
116
78
0
148
0
0
118
43
123
133
50
123
128
47
189
77
0
82
181
107
133
0
186
136
0
130
125
183
132
0
118
114
0
69
0
199
100
0
176
0
187
75
168
166
117
36
200
0
154
0
126
122
140
49
117
41
49
132
92
160
144
67
116
118
121
140
123
74
36
112
36
71
194
159
80
74
73
93
54
0
77
0
26
70
48
0
152
61
65
166
159
116
122
83
131
72
77
122
196
0
0
108
0
122
177
0
127
91
0
151
175
0
107
0
173
164
143
204
0
93
86
142
74
62
104
53
103
155
39
145
106
43
37
47
186
36
156
178
113
76
175
58
0
22
162
172
179
80
197
0
108
77
100
87
0
147
48
198
126
0
123
78
184
89
151
111
100
0
96
177
0
114
89
198
166
0
120
91
193
93
124
217
0
145
55
211
0
149
0
65
181
76
157
116
71
50
119
119
94
77
0
111
98
113
107
139
111
76
0
45
66
112
197
38
143
45
131
141
111
110
109
99
0
51
113
120
171
54
0
44
0
85
89
0
178
172
137
0
36
186
73
63
146
143
0
212
0
166
178
0
59
107
114
130
144
0
195
109
88
0
18
0
170
111
119
185
0
160
62
51
102
186
63
0
59
0
58
50
154
92
0
23
198
0
152
38
94
175
47
186
0
37
169
149
45
147
181
0
93
97
78
159
196
89
50
96
48
114
224
0
123
216
0
37
69
97
84
110
42
69
177
171
183
144
0
45
141
155
0
69
127
184
0
39
144
83
104
222
0
44
183
0
140
176
85
197
0
154
97
196
199
0
45
188
104
141
177
0
160
0
168
199
161
202
0
136
128
132
187
0
164
103
121
198
40
177
195
77
49
194
106
0
170
124
151
150
98
80
197
83
83
0
89
39
132
86
125
63
118
160
111
0
124
0
185
73
84
50
73
0
99
92
145
46
52
126
115
120
0
124
69
0
81
161
126
145
182
161
140
134
113
0
172
125
156
217
0
0
173
47
44
55
37
125
99
0
68
144
189
112
75
98
201
0
160
100
73
90
162
127
0
66
166
122
75
178
213
0
0
188
60
77
56
90
0
185
217
0
197
152
65
160
0
81
71
52
74
0
151
53
84
182
67
159
128
0
220
0
106
36
94
92
174
0
196
0
102
0
167
42
0
113
172
55
100
0
77
159
129
132
148
0
184
103
125
41
41
193
0
144
151
100
162
0
0
160
92
173
0
160
65
100
40
159
144
140
62
85
190
157
153
145
165
91
195
81
0
0
117
193
191
111
36
141
144
169
0
182
155
39
177
132
193
138
195
64
0
107
164
159
0
140
64
181
42
0
144
139
62
187
220
0
129
0
101
195
80
138
0
156
188
72
113
141
0
72
166
162
174
56
143
78
0
166
40
163
167
178
44
190
38
140
173
126
137
197
60
180
165
128
196
127
111
0
97
199
82
56
182
0
0
125
44
39
0
193
182
103
0
198
49
178
126
0
42
167
0
99
55
68
0
138
151
105
144
132
165
177
0
56
128
186
125
161
38
88
185
199
190
117
181
179
101
138
136
95
122
0
154
129
177
98
59
114
53
80
115
158
106
197
81
42
61
166
204
0
157
0
144
0
85
0
104
104
140
164
133
0
62
168
193
57
190
0
149
140
91
78
40
49
67
174
57
163
116
67
0
111
194
128
142
167
51
0
23
110
0
185
136
167
46
0
126
0
43
86
91
120
0
154
0
104
180
101
110
0
33
0
182
107
132
96
169
65
41
100
151
0
47
190
0
144
71
0
39
125
123
43
178
125
87
148
36
112
65
55
93
91
116
160
131
60
43
175
117
127
127
0
0
169
0
0
47
58
88
99
150
96
51
73
110
140
156
172
60
68
71
0
34
0
197
104
93
46
108
0
129
101
133
183
141
184
91
150
0
33
145
79
117
135
117
117
194
101
58
155
84
161
161
140
71
94
183
0
0
167
0
196
174
95
187
38
111
152
137
159
108
41
85
83
96
133
63
179
179
157
67
174
186
89
121
0
90
61
189
125
53
47
192
66
196
0
128
124
0
39
113
152
191
110
168
90
49
0
178
0
116
78
187
179
0
53
0
59
183
44
157
120
65
165
219
0
146
134
134
130
70
176
199
198
134
171
173
162
0
55
129
123
89
165
72
138
125
40
65
110
57
118
113
181
124
197
82
113
199
140
58
106
0
95
191
116
85
134
121
121
50
163
40
62
0
142
223
0
0
94
140
117
125
126
70
48
160
82
61
89
55
37
152
175
136
89
70
55
71
113
184
190
0
118
135
154
106
145
0
78
187
137
55
129
161
0
202
0
139
129
81
78
180
0
83
69
86
73
159
156
0
135
0
116
176
206
0
76
158
178
0
108
0
0
136
0
82
68
154
115
0
69
66
82
127
187
65
125
87
67
95
107
153
0
118
94
0
91
147
88
101
180
0
115
182
179
87
129
0
57
193
141
91
106
189
122
150
48
199
0
199
92
192
180
75
65
165
133
47
109
160
145
182
148
60
116
151
158
0
176
117
173
73
92
143
194
0
98
113
0
52
0
50
0
24
42
51
88
167
73
58
86
92
156
206
0
43
184
156
0
88
39
132
92
174
196
122
178
174
189
169
154
51
98
214
0
146
160
179
148
88
161
72
0
163
180
0
83
50
77
60
51
184
161
207
0
100
48
0
139
108
168
140
175
114
0
129
166
123
67
87
177
171
161
147
0
137
0
42
193
69
102
160
140
162
130
100
99
126
55
162
86
51
0
110
132
186
94
0
160
69
134
194
107
197
147
76
166
74
0
197
0
103
149
0
53
103
90
0
107
193
171
143
103
73
149
194
188
110
114
36
69
134
103
48
70
162
59
0
61
197
56
99
149
0
189
199
195
197
120
90
37
73
103
178
97
119
143
189
165
67
0
0
49
82
160
198
77
110
41
99
95
137
202
0
127
116
69
0
177
78
61
41
151
107
0
143
107
0
176
162
49
45
0
187
71
51
109
184
83
0
143
0
80
181
176
111
45
150
198
0
109
0
184
70
60
56
78
0
81
101
0
46
118
117
57
43
139
67
0
0
155
162
140
170
61
68
55
51
141
152
153
0
143
199
166
172
47
78
76
55
119
172
0
172
190
64
194
167
129
113
62
117
49
179
106
200
0
67
143
173
59
141
84
154
110
94
163
0
21
129
45
130
71
73
0
153
86
107
0
73
134
150
194
73
87
0
19
81
193
52
125
126
141
0
154
105
78
227
0
86
74
109
99
175
180
134
83
88
122
179
148
188
0
58
0
138
0
72
0
0
0
157
184
0
80
105
0
149
106
164
104
137
159
0
115
100
0
192
103
56
0
0
12
42
84
144
0
152
66
124
143
168
156
0
60
0
31
125
151
136
0
132
222
0
105
87
71
88
190
112
122
191
126
94
168
0
108
73
128
99
108
217
0
164
98
0
0
94
93
137
70
181
39
180
88
175
144
0
61
107
51
56
73
110
196
0
174
48
59
92
0
77
187
65
176
58
0
187
164
130
156
198
53
97
0
168
146
174
0
140
96
136
70
78
104
0
0
40
40
173
0
146
81
123
64
0
37
192
175
161
117
0
111
0
64
152
155
0
115
204
0
32
140
83
90
157
138
39
165
184
41
162
99
40
37
112
161
0
157
79
226
0
62
155
0
201
0
194
69
109
54
118
83
180
102
169
171
138
157
154
172
65
60
69
157
193
0
185
109
96
173
51
103
179
140
0
55
0
170
128
143
150
110
0
176
190
0
188
118
72
42
43
188
0
85
168
173
59
94
194
151
110
151
119
98
159
111
186
0
189
114
0
194
116
45
120
181
0
128
153
54
43
80
95
183
153
152
85
160
99
0
38
99
62
129
111
60
154
172
105
152
156
169
0
89
49
176
143
180
104
0
37
168
55
49
99
0
24
51
0
49
119
57
57
107
60
94
193
0
97
94
124
135
36
179
0
49
49
0
144
79
0
0
138
199
0
161
159
0
124
0
137
189
173
124
56
140
38
82
139
101
0
42
59
58
0
25
44
149
157
176
0
43
113
0
110
47
67
62
145
48
213
0
174
0
93
167
150
66
62
176
0
112
71
188
115
98
146
0
184
98
68
128
0
99
96
130
195
157
165
0
186
0
143
130
0
163
107
87
65
0
153
39
151
281390