105
0
0
41
164
69
0
137
191
101
0
0
20
106
112
157
72
109
0
162
109
161
95
0
184
0
181
147
127
79
82
65
166
192
60
121
119
87
90
100
195
124
0
70
57
0
139
64
170
198
170
142
0
65
122
191
92
179
135
164
165
0
113
174
99
0
68
191
171
158
89
156
0
193
185
0
0
174
0
181
124
99
143
147
151
76
178
193
68
81
90
162
122
0
58
143
195
104
104
88
111
0
51
94
149
137
163
56
62
65
175
0
198
0
218
0
223
0
39
151
153
184
76
138
92
0
67
137
119
63
162
127
84
94
196
78
0
132
65
196
98
226
0
208
0
0
141
182
75
0
48
0
0
36
175
183
49
0
117
62
54
169
0
33
71
175
0
108
161
158
115
151
118
146
0
199
75
0
126
184
114
188
98
106
65
129
134
0
142
111
167
163
162
220
0
0
29
168
190
0
42
0
141
126
133
100
60
147
112
146
127
139
199
49
96
160
52
59
196
161
148
65
90
180
186
0
92
76
0
46
198
181
0
230
0
0
160
0
118
142
169
0
126
178
116
157
155
113
188
70
164
0
154
0
117
48
0
170
91
139
0
29
149
119
0
103
49
69
61
140
129
153
0
0
166
146
184
0
144
94
0
64
0
25
68
0
49
139
0
44
196
107
0
88
186
0
91
208
0
78
67
0
185
234
0
0
130
61
70
185
66
60
163
0
96
0
38
133
85
123
0
60
69
176
75
92
75
145
116
0
31
0
114
115
177
56
184
108
82
0
155
184
142
222
0
183
118
151
113
133
123
104
0
198
97
100
72
141
179
0
193
75
0
27
0
179
144
0
60
191
171
115
0
143
120
106
76
191
178
0
182
194
71
148
0
166
171
190
86
0
111
0
112
0
177
173
108
88
163
101
0
90
191
51
139
136
187
158
64
156
156
130
0
158
134
213
0
81
185
80
0
84
206
0
178
191
0
0
0
152
53
104
78
161
0
161
158
55
0
0
81
179
109
68
179
81
0
63
117
130
102
70
149
108
0
106
198
110
102
93
115
236
0
68
133
113
113
79
124
114
181
129
144
0
60
0
184
0
140
56
73
133
162
0
172
198
77
182
78
107
84
79
191
0
182
213
0
164
96
65
163
68
94
0
204
0
59
112
0
128
138
184
51
102
85
192
214
0
144
0
148
140
138
91
207
0
189
129
90
48
56
132
71
183
126
121
0
69
135
57
148
162
159
0
95
153
141
0
166
0
113
0
149
60
109
151
217
0
129
130
81
68
0
51
224
0
0
31
0
48
0
164
0
112
138
0
104
90
120
67
116
148
167
0
60
134
0
175
65
57
163
0
175
71
85
0
106
111
77
124
88
96
185
0
106
139
0
79
100
78
196
154
174
0
137
176
183
113
61
142
119
118
102
63
196
0
204
0
82
139
106
111
138
127
0
59
0
80
78
167
93
159
127
56
77
0
139
213
0
38
140
0
64
153
104
58
50
0
114
216
0
145
73
114
52
177
0
39
101
0
116
0
96
123
133
168
226
0
161
186
52
171
96
0
152
118
161
0
80
0
155
75
99
126
198
72
195
183
60
196
224
0
65
0
145
109
120
0
184
64
78
173
87
98
113
135
67
84
0
83
0
97
117
144
0
174
60
70
0
36
48
158
84
74
71
190
163
177
233
0
0
136
199
0
53
145
199
73
0
116
166
0
78
93
151
0
81
0
144
84
87
54
0
0
48
69
0
61
136
0
57
150
131
129
150
50
0
153
0
167
0
53
67
194
110
162
173
88
104
0
134
86
0
181
198
59
106
169
0
32
150
80
139
92
0
135
116
0
56
164
120
131
121
88
171
106
131
115
194
170
86
0
128
100
126
177
56
69
162
0
99
179
110
67
141
56
176
126
150
0
167
0
67
102
58
173
0
133
183
53
128
197
58
0
157
60
195
0
85
0
0
106
0
138
0
31
99
0
137
177
68
192
191
52
113
0
178
116
153
189
183
157
0
28
93
193
167
55
161
163
0
119
77
152
102
96
0
42
111
0
53
85
58
148
119
123
120
149
125
140
190
184
183
183
152
107
132
124
66
169
184
0
0
105
0
174
198
196
0
95
58
158
168
121
0
106
0
152
115
106
143
158
121
72
163
66
0
143
106
79
160
0
0
189
165
158
187
184
68
63
183
163
80
148
0
102
93
189
0
73
141
155
85
69
187
146
81
0
123
76
110
155
128
0
101
115
73
123
122
0
196
213
0
80
0
116
189
0
0
69
54
81
196
98
224
0
75
59
181
212
0
164
121
175
142
80
97
0
83
82
105
0
0
100
107
0
128
71
60
99
115
0
129
173
115
54
91
173
107
49
0
87
187
142
193
101
167
166
194
0
95
0
89
129
0
0
143
137
90
172
152
158
236
0
118
143
86
104
191
0
115
0
55
161
73
187
129
194
158
150
83
92
82
125
54
102
165
150
0
181
99
0
69
74
141
179
174
0
113
102
113
0
186
0
74
187
0
193
149
225
0
182
91
0
198
0
80
190
48
191
144
0
88
149
161
58
154
0
73
137
188
0
31
147
141
86
168
50
223
0
138
168
61
96
114
139
0
60
179
66
49
85
187
103
140
184
0
83
91
101
119
193
150
92
118
0
71
0
215
0
79
118
107
177
103
0
137
51
181
118
194
0
165
0
48
0
98
127
180
105
57
81
0
0
65
181
177
176
158
79
0
148
145
102
76
185
58
66
0
69
96
56
0
125
81
0
0
146
0
172
75
183
0
0
151
162
132
181
0
0
62
0
34
135
163
141
116
0
90
0
89
233
0
179
61
172
235
0
127
161
0
107
160
193
0
132
113
94
0
179
72
123
160
112
71
154
0
0
135
60
133
55
130
173
135
202
0
110
0
53
116
134
184
136
0
142
120
59
170
0
220
0
130
0
124
181
0
190
196
86
121
159
91
132
147
90
179
224
0
166
0
175
114
197
75
129
171
0
151
0
198
187
166
0
37
161
0
65
175
0
207
0
59
194
65
0
139
0
190
216
0
39
57
193
63
170
76
0
37
80
79
144
96
171
0
177
162
0
70
232
0
165
0
104
114
186
0
162
145
109
58
180
198
213
0
142
61
193
129
73
192
0
100
0
150
112
120
50
150
117
180
81
91
145
0
165
67
0
94
90
0
74
61
64
0
126
117
60
145
115
0
0
107
113
0
178
0
97
159
102
110
127
98
178
156
0
132
0
148
184
74
180
187
102
0
41
94
220
0
52
0
166
132
154
154
143
184
188
0
131
0
185
173
180
189
56
128
0
91
54
164
0
187
156
0
176
92
90
0
148
122
0
162
76
130
138
75
203
0
196
182
85
157
136
143
174
168
64
0
133
125
185
103
61
110
186
95
160
117
0
84
205
0
187
183
110
0
44
138
74
0
85
102
0
117
110
65
161
104
80
187
62
125
191
0
35
206
0
54
170
141
0
142
0
61
145
51
58
170
93
84
103
0
107
110
185
0
24
110
50
160
136
127
174
158
72
67
195
49
73
0
56
165
0
198
175
71
177
199
143
0
45
0
177
180
114
168
186
87
121
82
89
0
0
153
0
112
0
63
195
121
165
0
112
180
129
163
0
39
114
66
191
0
179
150
183
148
126
112
125
0
150
73
134
121
0
181
104
59
120
157
0
130
56
137
101
144
58
150
134
194
119
135
133
0
111
135
106
199
123
68
121
162
114
184
64
124
213
0
192
0
58
0
150
0
73
155
111
0
148
0
192
0
180
216
0
176
89
153
150
66
77
186
0
188
0
0
88
159
133
58
138
94
0
55
193
162
0
118
199
0
174
91
82
220
0
93
72
135
120
0
134
112
0
75
93
189
144
109
0
86
92
145
118
0
72
156
131
182
100
78
92
75
104
145
135
0
85
175
79
69
80
0
87
165
0
193
0
112
66
191
57
149
98
0
141
159
0
132
0
0
69
143
77
0
55
141
70
0
177
130
152
175
168
148
0
192
126
0
109
168
195
123
74
58
0
177
159
137
153
68
0
146
122
196
75
0
202
0
195
146
0
107
192
151
79
0
107
105
101
123
108
151
114
0
96
174
145
212
0
51
116
135
203
0
37
59
112
0
70
204
0
194
150
48
0
50
170
69
86
110
75
59
107
75
125
160
0
63
95
120
111
65
75
118
142
141
179
94
93
0
46
199
48
111
198
0
161
91
0
123
0
81
0
110
0
70
180
154
198
136
126
181
117
96
204
0
142
138
64
82
0
113
123
0
127
0
74
180
0
113
147
0
107
0
183
0
60
94
195
99
118
71
172
94
183
132
63
152
0
45
137
145
0
44
153
154
60
197
62
205
0
70
93
155
0
197
0
189
120
134
102
130
0
197
163
111
98
178
135
0
133
0
192
52
68
129
157
122
96
219
0
45
132
181
133
124
176
179
78
204
0
0
152
178
115
0
145
92
128
140
128
0
172
163
193
140
0
36
170
82
83
0
235
0
176
0
92
166
0
0
47
0
144
77
190
0
198
52
120
119
0
53
0
72
173
0
26
73
149
145
133
128
86
182
65
95
71
141
132
0
0
163
125
157
0
157
225
0
49
0
173
59
0
152
163
196
182
0
99
0
97
189
57
191
118
0
61
190
0
105
0
44
166
0
0
83
123
0
187
0
144
53
196
143
0
0
138
215
0
58
54
0
0
0
82
60
130
176
124
88
138
144
134
100
0
49
0
169
61
113
146
57
53
68
0
60
125
172
0
198
59
51
166
139
138
0
117
193
177
0
180
71
155
163
78
92
0
138
89
70
168
188
101
77
152
57
152
124
0
143
82
0
40
148
75
49
0
131
137
0
185
0
0
184
158
0
161
180
131
102
211
0
73
68
199
88
192
0
180
143
0
36
135
132
0
37
0
148
149
118
63
65
102
137
0
55
55
85
66
179
73
113
82
0
114
0
61
166
0
78
67
86
187
145
70
187
49
140
91
0
59
97
0
121
0
44
184
0
123
115
0
129
220
0
78
127
146
184
130
116
196
142
0
153
215
0
171
171
0
154
97
82
0
181
0
104
0
111
160
53
132
123
0
184
119
87
164
200
0
156
75
77
61
110
142
151
0
55
79
163
224
0
0
123
0
108
68
61
191
125
83
85
96
165
84
110
160
0
35
154
0
156
120
0
73
146
75
98
112
0
168
109
0
143
84
175
52
139
0
55
136
0
62
187
82
109
199
175
48
90
187
0
69
0
191
97
138
152
0
49
188
170
130
149
210
0
142
66
182
53
112
189
94
80
85
195
133
81
100
101
149
159
84
49
234
0
105
200
0
177
53
107
133
0
103
206
0
0
123
121
186
137
67
0
185
193
0
192
152
52
87
174
195
196
159
0
0
148
0
183
0
99
91
172
109
0
110
120
68
0
0
162
123
168
0
190
0
117
206
0
196
98
173
110
198
100
136
163
100
0
85
71
177
0
97
0
98
117
128
48
117
100
92
0
117
82
86
67
0
197
0
114
0
38
170
55
73
108
112
48
91
0
86
0
190
161
77
127
143
75
163
68
72
116
0
201
0
168
62
0
40
109
143
204
0
0
72
111
200
0
160
127
108
121
167
72
175
148
193
193
0
197
131
144
74
187
147
184
200
0
100
66
94
0
181
0
142
90
0
153
146
154
110
70
196
181
91
179
55
0
119
121
131
0
123
81
159
111
174
0
154
137
225
0
153
0
197
0
170
199
53
57
103
192
180
103
84
125
70
190
167
66
224
0
111
170
193
0
162
193
112
0
48
125
72
56
88
111
153
66
70
80
123
201
0
125
0
104
196
0
37
57
0
147
176
96
0
84
84
79
160
154
0
108
188
51
176
73
95
0
135
0
55
0
187
77
56
175
118
0
88
125
0
49
69
132
0
33
0
195
77
101
156
197
98
130
145
95
73
67
101
68
193
0
62
175
98
211
0
148
0
180
149
166
140
161
202
0
203
0
136
80
0
0
107
93
0
0
147
197
115
0
93
111
0
153
100
61
99
73
163
189
118
105
153
143
125
185
188
0
132
95
102
96
132
153
65
158
179
92
94
121
96
115
73
154
97
100
111
82
99
65
0
161
61
132
137
183
162
100
71
157
139
0
115
0
82
175
145
120
88
97
214
0
149
113
92
168
126
49
109
50
125
143
185
168
125
50
135
179
77
219
0
73
0
178
191
158
0
190
120
94
63
49
128
82
164
211
0
0
0
44
49
121
96
0
175
71
168
0
153
93
0
35
50
174
97
169
95
0
80
169
146
135
94
147
199
128
105
54
0
42
126
0
79
59
112
198
161
90
159
127
106
91
0
48
144
135
0
156
0
166
64
108
199
0
175
74
55
60
134
67
121
0
191
171
180
180
145
80
0
101
0
157
158
81
197
91
0
41
97
158
0
105
160
161
0
172
120
129
124
131
194
159
93
70
180
143
170
0
117
106
0
41
125
182
65
166
205
0
160
171
202
0
0
0
84
75
200
0
195
85
114
157
0
94
0
149
0
128
0
156
162
0
101
158
149
205
0
29
0
178
96
0
193
0
0
176
65
95
100
127
101
194
142
181
0
53
128
126
0
157
189
149
0
135
178
119
110
61
0
139
199
92
143
150
0
70
53
69
138
229
0
0
90
84
186
73
123
64
121
91
113
0
105
0
179
0
64
119
100
187
149
186
0
75
0
68
119
167
124
167
0
156
92
96
70
158
155
0
180
85
0
0
152
178
161
71
76
97
162
59
115
119
109
134
0
85
125
113
0
69
176
104
0
142
0
115
149
77
71
169
0
58
197
52
133
123
183
71
151
118
0
150
127
226
0
141
64
133
199
197
168
0
44
155
48
66
0
120
168
0
47
114
118
65
153
127
93
155
0
113
197
85
173
61
188
0
186
126
106
108
120
0
79
164
116
71
0
0
223
0
126
0
72
182
87
137
120
190
0
194
0
93
0
124
73
0
149
141
183
54
119
111
115
0
99
109
132
143
78
105
102
0
0
0
166
76
170
0
0
156
66
155
0
63
202
0
83
53
140
0
131
75
116
136
132
0
197
193
80
159
168
0
181
69
0
146
141
80
133
61
82
54
64
0
91
0
94
65
105
229
0
85
0
48
60
93
109
157
73
142
197
68
0
122
134
120
0
93
169
0
82
73
199
0
79
107
0
55
0
95
123
131
64
61
0
169
132
0
72
0
171
150
162
0
146
48
207
0
148
157
160
147
97
54
161
0
49
0
151
198
116
141
0
120
77
107
67
50
182
185
70
101
79
126
190
195
166
111
0
0
199
118
117
0
94
0
128
139
83
92
0
111
196
171
0
56
115
142
76
143
128
111
71
149
56
61
0
39
192
89
0
98
141
91
95
126
111
0
50
104
234
0
190
183
97
0
143
111
78
127
89
180
78
153
62
158
92
110
128
179
113
182
175
155
90
121
96
101
157
110
121
0
135
164
143
173
0
77
112
0
0
59
84
93
99
162
118
201
0
182
185
156
0
189
162
73
170
198
0
75
0
199
0
83
0
204
0
0
100
191
102
0
99
62
106
166
155
63
238
0
72
101
162
80
118
97
104
73
137
168
114
112
155
176
196
59
239
0
190
88
116
0
44
75
149
92
139
0
163
71
0
117
137
48
95
0
134
0
76
82
0
65
191
0
38
121
174
0
198
184
0
43
166
0
0
177
100
0
81
184
87
178
49
0
93
91
110
168
172
158
123
70
117
0
0
115
86
0
91
163
174
130
209
0
98
48
0
0
164
152
0
74
0
0
0
85
0
57
120
142
155
95
88
201
0
192
206
0
193
95
143
50
181
88
118
0
131
91
103
146
117
0
44
233
0
114
77
104
104
72
58
192
0
140
168
98
0
135
92
174
187
0
26
157
0
48
120
65
79
68
84
63
110
156
0
69
0
83
195
132
139
0
152
0
104
122
135
139
90
0
73
179
144
121
64
133
92
133
0
0
81
55
99
0
0
46
67
173
158
167
199
138
180
100
174
93
69
147
161
136
155
0
195
121
0
236
0
88
107
89
0
0
142
48
166
0
235
0
192
54
62
51
101
179
94
0
120
143
139
0
188
0
194
72
0
198
126
163
0
0
178
122
154
77
173
0
47
193
147
177
88
169
0
138
0
100
0
0
179
106
120
99
60
168
0
171
88
157
123
163
114
154
0
193
116
160
0
53
102
80
0
181
158
125
197
0
69
69
64
98
0
98
166
135
0
185
66
74
58
90
137
87
111
192
56
53
180
86
116
0
63
117
107
0
48
117
0
169
0
164
138
154
0
215
0
77
97
102
0
161
153
161
173
199
68
173
87
68
87
85
216
0
0
178
121
158
133
0
185
74
172
0
130
198
60
169
175
184
148
188
92
167
0
128
0
193
141
177
118
95
0
91
180
65
57
183
181
192
0
69
186
174
142
124
111
0
135
112
114
192
0
119
62
170
0
101
117
160
69
111
112
62
106
207
0
156
123
146
0
153
185
166
0
0
177
189
68
131
191
189
0
0
118
198
171
85
109
59
0
168
57
119
0
98
135
0
121
177
150
56
164
231
0
192
135
191
225
0
174
91
55
0
177
0
0
176
62
152
113
147
0
94
188
155
57
159
150
151
142
0
110
147
190
0
118
177
0
0
72
0
0
201
0
66
0
111
74
134
196
0
100
0
85
197
52
172
0
0
176
138
159
74
182
54
165
103
218
0
120
0
86
107
80
51
142
87
92
122
0
191
146
119
128
77
150
0
130
97
162
160
131
135
0
159
195
157
175
0
71
56
166
0
88
190
104
170
102
63
221
0
56
85
144
0
115
90
110
86
133
56
60
171
157
194
0
117
73
190
0
138
138
88
0
130
0
43
0
138
238
0
55
497783