75
88
12
80
12
135
138
7
62
103
159
20
183
194
138
71
9
184
0
29
144
171
45
49
60
149
101
131
158
99
106
72
23
129
76
134
75
144
154
74
45
87
180
176
124
191
94
62
195
176
133
198
103
59
108
198
153
37
168
45
155
53
122
12
7
115
194
94
163
164
9
190
153
126
39
156
51
196
170
155
83
46
152
42
57
113
140
44
158
14
164
23
164
34
147
126
176
42
99
91
8
96
138
165
143
134
85
121
8
190
186
0
127
171
7
69
10
32
40
17
158
91
197
85
182
62
50
67
159
171
0
74
95
15
10
52
19
117
42
141
23
32
153
74
129
180
125
84
87
173
141
176
102
65
64
148
148
36
187
16
133
111
137
6
194
95
196
191
113
141
194
84
85
63
124
85
176
0
72
108
0
67
150
52
154
66
87
39
139
65
41
103
193
54
63
51
31
185
21
194
188
100
194
33
21
111
30
198
9
38
130
60
26
55
71
179
134
131
87
139
165
169
8
93
53
73
183
190
62
0
113
73
129
117
132
144
179
52
68
31
199
15
185
141
120
157
190
87
70
169
188
91
64
151
117
134
143
198
69
106
165
82
139
72
28
117
53
85
116
145
97
148
60
108
144
121
186
169
164
109
29
151
99
43
127
56
124
45
9
96
166
12
102
152
143
34
89
158
58
117
139
123
77
0
36
8
67
53
115
86
120
137
49
153
190
8
159
192
64
16
47
163
196
151
32
65
66
125
116
54
157
148
84
189
178
175
195
192
165
164
95
137
92
143
124
51
43
45
146
130
117
66
43
0
188
71
144
186
72
131
152
55
115
189
131
196
166
123
108
142
116
91
147
133
92
91
34
33
188
6
110
75
80
158
123
85
114
41
105
127
140
82
130
200
0
124
85
60
137
125
69
135
163
5
138
95
53
185
153
24
167
184
87
175
5
106
169
156
43
128
63
99
139
28
70
41
65
46
93
153
176
127
136
56
46
78
40
187
106
93
83
98
150
143
15
129
191
96
186
83
153
177
150
108
0
14
112
145
41
38
31
158
183
191
57
92
153
51
65
76
139
0
109
133
151
102
164
150
51
181
189
144
26
95
122
67
72
188
164
60
156
32
40
175
193
191
134
7
96
119
42
15
67
14
155
140
12
33
137
73
20
133
141
46
176
86
56
103
182
66
161
0
69
169
154
154
66
68
49
85
167
95
70
24
182
12
105
123
99
124
35
112
47
53
53
50
25
147
139
138
175
132
176
31
186
117
147
121
159
74
199
66
26
174
9
10
109
15
146
94
78
132
141
76
31
151
74
62
15
9
104
48
166
86
113
152
77
102
135
89
100
77
92
139
53
120
122
0
13
172
60
42
147
37
19
60
169
95
176
152
160
45
17
55
0
100
59
155
44
10
96
157
12
161
76
130
148
138
197
188
186
175
81
105
125
186
129
74
128
163
26
66
182
106
60
105
48
129
156
164
114
133
156
186
35
33
115
61
123
167
103
91
87
60
29
25
88
55
107
179
17
62
110
122
99
0
109
18
155
83
30
47
107
122
62
44
55
27
172
87
62
100
111
148
113
199
94
181
135
177
158
11
72
155
54
11
125
104
150
176
164
12
198
176
122
85
11
30
105
154
104
0
129
108
195
19
187
196
126
153
88
107
21
117
0
176
23
65
62
154
117
29
0
18
112
124
93
195
190
53
159
65
143
8
9
139
121
0
186
63
59
81
78
41
45
182
197
167
180
41
61
44
53
5
131
39
47
14
167
151
11
189
77
53
128
184
80
190
20
81
49
124
70
49
149
136
32
105
60
118
187
69
30
188
130
29
32
40
113
106
44
78
62
25
183
67
45
190
115
113
185
169
157
143
142
158
169
59
52
35
65
95
86
171
156
150
57
25
91
41
184
156
8
139
188
86
119
117
184
48
150
190
194
198
145
115
182
66
150
63
109
96
15
47
194
181
165
29
101
119
0
198
9
80
199
106
0
56
76
184
86
169
38
75
66
109
58
93
12
0
120
87
133
107
146
66
75
49
36
93
186
84
94
19
151
50
189
64
174
90
184
32
107
69
69
84
174
9
67
42
164
164
19
111
98
74
176
60
117
138
133
171
157
171
77
36
88
175
46
136
154
41
183
25
106
40
136
84
104
8
169
140
107
33
27
116
31
46
98
57
195
13
196
146
17
158
155
109
6
113
46
47
169
104
86
183
136
115
0
15
54
60
88
192
9
110
124
186
104
62
102
141
90
108
13
62
50
80
139
185
102
6
81
144
30
173
128
197
49
188
123
10
147
137
66
194
28
0
146
147
98
108
136
187
182
109
180
164
92
62
10
150
180
145
115
71
157
98
27
0
41
21
115
0
156
108
30
14
70
145
105
181
8
5
99
33
59
146
45
72
196
195
163
166
147
126
80
153
99
19
184
78
172
93
78
62
132
49
198
168
188
143
53
60
134
124
124
177
53
193
12
176
0
36
155
23
113
74
172
97
195
53
93
39
77
135
82
119
203
0
95
116
34
149
34
91
41
110
199
33
79
165
109
58
0
93
37
59
136
183
35
148
57
100
38
177
98
82
121
63
113
128
76
158
11
47
100
62
115
159
166
155
118
27
12
162
42
34
126
103
29
91
162
109
49
188
46
49
53
95
121
139
7
106
153
33
117
185
136
28
0
42
72
172
190
21
197
83
127
190
82
135
99
104
51
120
64
176
33
41
34
59
197
6
131
5
124
91
122
103
144
194
58
12
183
40
114
176
44
109
93
174
60
63
152
116
107
194
161
165
157
182
199
19
192
44
116
190
54
102
22
142
121
59
157
97
55
43
41
0
21
141
32
85
128
187
142
82
46
70
8
14
59
180
166
82
168
58
171
177
181
183
159
89
127
144
185
196
29
33
82
11
156
198
117
56
99
103
162
167
25
73
66
89
114
135
20
108
136
20
38
106
45
43
96
147
71
69
122
74
21
158
37
178
158
133
119
155
177
102
8
125
190
174
41
95
19
10
189
13
91
93
40
52
194
156
52
114
91
135
10
7
34
70
69
74
13
157
26
98
133
30
68
188
0
89
76
103
141
171
93
73
159
65
109
35
94
23
16
97
57
153
135
70
128
36
101
191
184
0
106
64
139
161
73
176
26
103
64
0
0
149
135
28
127
60
162
101
184
72
104
77
171
159
116
92
52
30
43
86
142
113
172
17
120
109
52
197
88
132
127
104
22
163
176
187
47
51
82
132
90
115
183
32
142
150
69
181
82
54
177
65
39
13
187
139
72
132
81
36
18
74
16
161
110
170
180
192
27
50
25
165
104
179
82
24
191
90
79
132
29
74
116
62
62
155
19
96
158
179
124
49
194
143
131
107
93
119
151
177
71
156
27
123
199
22
174
191
137
134
189
158
102
0
127
160
144
94
193
101
7
198
152
105
70
143
68
146
64
148
37
137
39
85
109
83
10
70
148
91
31
94
19
142
172
177
32
187
47
154
144
37
86
65
75
102
65
109
160
49
51
150
193
44
183
49
19
0
174
65
51
175
63
150
173
106
136
13
113
75
41
196
12
69
144
128
7
78
134
69
74
46
113
73
144
15
163
13
102
40
168
0
62
136
195
115
144
76
89
140
111
93
72
55
33
97
120
127
160
100
51
100
15
74
62
185
46
140
39
157
110
5
96
92
56
64
137
41
151
96
44
74
110
123
74
112
84
116
115
82
148
20
11
53
17
148
151
170
31
105
127
124
200
0
102
172
22
149
60
171
182
147
100
147
74
75
161
82
168
131
84
196
189
18
105
189
126
46
48
104
70
64
119
14
87
104
108
182
188
57
71
5
106
145
70
155
22
104
163
107
0
90
0
43
153
186
179
166
121
84
12
46
137
183
123
8
96
94
190
78
117
114
8
148
93
70
134
189
103
145
0
43
36
196
27
145
170
72
132
7
167
84
24
26
130
9
135
53
69
130
178
80
15
27
66
51
126
13
127
95
161
105
60
113
59
158
64
12
180
57
120
154
50
176
159
174
46
115
151
113
73
15
81
160
92
48
113
126
182
147
117
75
40
197
28
56
197
164
163
54
181
40
50
195
121
36
6
72
176
79
23
41
144
98
10
33
145
70
145
130
91
83
21
182
143
55
46
38
51
193
153
108
191
153
176
102
45
14
96
130
134
139
36
64
6
135
6
25
105
87
142
114
136
133
0
109
76
25
198
148
115
50
86
50
143
144
181
32
59
192
18
33
162
121
64
35
40
17
28
34
42
33
164
59
49
108
58
90
193
193
63
32
192
90
101
44
89
33
53
21
64
182
143
185
25
95
48
5
17
37
182
42
30
142
62
128
154
149
182
122
122
90
151
141
6
111
162
6
105
192
76
159
95
78
36
46
38
64
113
51
134
30
72
51
130
108
186
37
72
160
37
113
13
0
81
24
121
42
51
44
98
186
46
21
29
105
125
28
15
128
141
136
73
42
47
66
90
118
19
159
166
81
136
51
132
103
33
180
142
146
83
0
154
193
135
40
93
102
116
39
54
172
145
80
154
0
198
140
42
121
54
90
65
94
182
91
13
196
115
110
72
121
91
43
91
155
11
174
43
151
8
83
8
182
146
136
6
77
178
115
181
39
181
40
91
65
72
15
186
89
99
41
67
60
34
141
169
75
102
147
27
76
0
195
129
6
0
99
0
181
151
140
88
198
37
159
82
175
165
74
55
92
157
17
36
23
101
42
90
109
140
129
66
48
169
101
5
49
39
125
89
63
168
27
87
0
122
19
25
195
102
183
138
136
125
187
86
149
109
47
104
166
170
159
74
63
0
155
15
9
123
59
93
15
89
123
86
83
192
175
77
172
0
99
61
57
175
162
165
187
153
121
112
136
186
134
106
67
17
154
172
72
156
153
176
24
56
146
16
13
0
103
177
48
50
83
93
35
47
154
102
132
75
154
174
89
41
116
115
55
90
119
56
194
109
9
151
183
182
59
99
185
175
16
41
152
117
105
126
59
113
96
155
109
47
71
110
83
163
181
171
121
127
108
7
20
193
98
61
135
81
74
0
69
89
77
73
119
69
82
60
147
129
80
130
170
138
172
107
24
0
148
77
82
35
118
125
0
22
173
166
101
165
41
191
16
27
115
22
161
54
170
154
49
123
140
127
87
79
85
27
143
9
53
181
9
83
185
125
28
135
72
38
21
141
120
160
96
82
149
131
113
149
21
5
32
188
59
108
167
51
101
56
169
92
196
63
160
130
89
55
0
95
135
170
66
110
130
0
56
115
39
188
36
110
199
97
124
190
94
135
6
98
162
119
100
155
191
48
44
149
9
150
33
136
0
133
121
123
174
167
116
80
102
189
62
84
123
98
129
86
51
35
10
199
135
27
94
56
23
195
80
111
183
87
146
89
53
115
78
97
134
116
80
143
61
27
50
35
55
116
43
24
62
21
13
159
31
90
57
160
74
117
178
85
6
186
42
170
14
193
157
132
188
141
168
130
168
41
181
193
14
170
110
129
121
112
156
125
88
118
115
160
107
136
27
138
97
60
78
83
26
82
33
70
12
5
41
110
36
83
115
31
99
193
159
179
123
0
26
149
68
84
199
58
55
58
98
179
158
73
57
151
62
90
190
142
178
90
181
112
53
102
23
51
35
141
97
132
102
0
188
52
24
71
9
84
177
175
153
196
175
13
118
156
156
29
50
78
113
94
114
10
78
181
102
81
11
170
64
166
181
79
134
118
96
141
190
16
13
145
29
152
137
84
195
197
11
40
95
162
15
22
139
74
187
164
108
68
101
155
176
94
71
39
131
30
168
32
136
188
128
22
65
179
0
189
0
198
108
70
194
7
30
109
68
59
16
31
60
121
94
86
45
185
126
140
80
169
92
21
21
59
174
73
58
114
40
164
0
11
101
27
6
161
68
25
81
24
163
139
35
11
186
133
99
193
46
131
177
74
96
80
176
96
41
62
20
81
29
64
37
80
58
60
40
99
155
76
31
151
109
139
12
191
29
84
199
124
99
14
81
78
96
133
77
49
24
98
106
187
187
138
55
97
134
196
156
193
16
91
160
59
180
43
12
169
107
137
76
181
26
179
85
49
183
63
16
25
68
96
193
101
110
10
60
122
53
39
53
57
87
50
178
143
11
184
103
91
7
182
174
111
71
46
49
110
195
179
165
91
115
44
181
90
81
46
80
96
163
161
104
116
108
28
0
121
47
5
33
156
183
185
33
144
6
0
80
177
118
157
160
101
120
34
97
150
138
80
71
53
46
191
137
184
107
71
134
172
163
94
173
54
45
100
0
147
96
42
23
199
118
169
150
34
160
15
26
39
95
0
93
190
63
12
51
33
160
157
88
100
51
127
120
101
95
147
98
147
53
44
18
91
21
171
10
14
38
190
124
102
98
112
78
95
188
20
35
170
127
139
178
101
140
165
125
166
103
60
160
22
7
107
76
51
184
30
103
45
95
172
138
106
81
126
199
108
96
99
28
80
83
92
57
27
33
179
193
69
170
193
184
153
0
68
18
32
27
23
84
107
198
43
89
108
45
84
43
50
128
86
164
159
26
30
175
177
167
141
120
125
124
79
149
26
43
130
112
96
26
50
82
196
63
169
157
139
162
164
141
99
103
176
61
161
62
27
42
133
41
128
134
75
161
106
187
82
46
137
57
15
145
139
122
0
168
0
97
73
180
178
51
164
129
150
75
45
77
104
101
154
35
78
134
42
125
157
102
93
133
134
98
64
116
61
133
7
145
112
196
0
111
180
185
170
43
98
163
37
49
81
156
84
74
46
173
190
68
198
154
30
102
84
14
56
158
189
129
25
18
96
12
155
95
108
41
183
153
178
169
181
119
42
107
167
146
137
158
109
162
191
156
33
29
183
99
18
53
159
104
110
69
167
106
120
88
199
145
89
109
41
129
154
75
158
7
112
109
85
78
24
179
61
150
42
141
67
50
11
52
119
29
146
126
113
153
60
125
9
91
42
142
172
142
144
193
26
114
81
58
172
97
78
42
172
134
109
178
69
74
46
30
161
180
17
122
192
44
35
20
134
85
184
101
182
13
58
21
124
0
15
74
197
130
104
125
7
7
198
121
15
77
80
0
8
10
71
100
114
33
162
23
89
26
197
184
155
57
164
147
162
98
190
43
113
190
21
22
196
181
129
125
88
184
124
191
49
9
8
81
74
50
189
116
103
174
79
58
31
184
75
94
133
46
18
96
134
73
135
42
133
12
114
43
9
199
71
109
72
87
40
100
197
27
191
85
100
85
48
168
111
179
75
100
177
170
199
70
159
30
114
94
31
184
117
62
48
69
188
159
57
118
76
193
29
89
100
63
108
68
22
53
102
89
175
80
96
106
106
104
0
66
107
156
93
78
118
154
0
22
80
185
7
164
166
157
40
48
58
150
59
189
180
70
0
20
108
117
15
131
45
35
46
113
29
145
45
129
114
108
85
184
15
39
183
12
131
43
122
116
18
62
156
182
189
110
57
25
29
144
113
103
53
98
20
118
21
113
41
20
59
135
172
173
124
52
53
195
104
104
37
128
70
0
142
0
71
193
78
139
23
197
12
124
39
161
70
126
151
135
198
189
30
24
24
42
163
158
109
19
135
151
39
81
70
9
15
45
37
20
154
87
173
9
122
93
77
77
16
5
86
193
128
87
159
186
21
122
49
192
27
74
85
173
67
122
186
187
129
59
107
114
185
121
124
126
120
118
180
9
119
134
126
130
58
63
27
129
135
178
98
149
178
106
175
12
77
168
57
199
165
161
140
136
176
109
159
177
18
173
0
34
6
182
5
117
10
63
12
66
107
174
49
186
199
25
106
0
146
119
119
47
136
57
62
65
138
6
19
141
155
89
70
107
130
185
76
40
154
141
127
136
20
74
195
164
198
10
59
179
101
42
9
81
30
121
60
153
43
32
196
88
57
51
73
160
157
26
49
29
79
36
145
72
6
177
83
85
163
113
117
115
186
166
50
167
27
60
194
141
95
129
109
157
142
12
196
126
85
118
104
137
172
111
196
37
30
183
181
74
138
171
139
68
150
191
63
46
107
150
108
88
67
179
10
15
15
34
117
16
197
177
132
88
143
117
94
51
31
138
119
71
126
170
167
188
116
105
100
170
113
163
94
167
26
186
124
0
191
88
23
195
106
102
138
79
186
7
57
175
45
148
83
80
108
84
167
174
24
163
0
153
0
47
100
37
144
44
83
46
68
155
117
58
54
98
197
64
186
130
99
100
108
49
93
57
56
68
158
63
62
69
36
0
50
119
106
174
194
99
174
26
72
101
101
97
127
112
26
183
75
179
198
47
57
39
82
62
141
173
191
146
115
17
38
28
61
197
28
167
83
195
165
5
64
140
42
29
193
198
117
114
120
60
152
107
31
88
61
122
105
166
88
92
98
157
105
92
54
87
6
188
159
42
85
105
56
18
31
153
142
45
80
132
79
27
131
196
170
192
35
27
78
8
196
176
111
158
39
141
122
40
52
167
18
34
149
0
35
13
114
122
68
60
106
48
66
123
61
167
7
5
143
131
25
176
15
170
94
87
29
18
134
76
194
46
33
103
119
127
71
128
54
51
78
29
13
132
142
96
153
7
65
89
14
192
86
43
60
151
68
109
38
161
59
159
189
197
71
127
9
0
150
95
95
136
104
149
149
130
135
79
122
113
84
8
196
156
16
28
65
58
56
0
47
148
80
118
55
143
0
23
0
20
69
159
185
54
7
47
7
128
0
178
86
104
124
152
92
140
125
126
137
71
122
191
131
8
175
27
189
120
176
82
50
14
40
178
95
72
110
57
143
176
86
183
120
145
30
130
26
156
15
104
112
187
75
67
47
113
110
140
163
181
12
119
113
169
154
94
178
0
137
36
168
95
85
137
124
127
173
13
11
184
26
163
34
26
149
0
62
147
14
116
142
185
183
172
21
115
128
189
28
58
181
135
87
169
81
76
118
38
21
179
51
36
28
132
115
14
123
13
133
90
94
63
24
40
174
184
18
166
78
69
130
98
165
28
71
82
46
132
33
11
122
129
149
108
96
80
7
30
186
19
96
50
129
17
22
71
195
21
179
15
192
105
85
21
149
124
0
190
15
149
179
153
9
35
182
195
129
193
82
91
164
137
74
143
130
46
109
154
108
160
172
90
138
14
193
178
25
126
92
73
129
19
127
36
189
116
105
39
12
133
120
27
188
133
23
173
166
27
143
155
148
53
138
172
7
134
178
194
54
35
120
102
48
75
193
57
186
65
155
163
85
151
173
146
150
120
148
127
177
58
18
104
176
55
152
102
148
15
29
76
135
179
87
155
24
56
101
75
21
109
191
122
55
147
77
10
167
41
173
43
63
145
0
173
179
67
164
167
133
107
36
97
176
97
90
162
109
38
7
175
9
62
138
177
168
174
132
138
146
138
21
115
115
11
135
69
169
108
175
34
70
32
44
79
5
114
128
105
114
17
75
120
178
5
199
124
178
82
143
91
99
112
128
157
162
36
17
12
174
191
39
35
43
33
65
185
67
90
59
82
52
85
37
75
157
81
195
80
106
181
136
155
78
167
19
19
112
137
116
47
47
80
144
69
151
154
95
148
61
52
71
186
95
32
0
11
188
100
114
23
163
113
148
46
128
34
66
194
121
196
59
9
71
51
173
158
71
168
35
51
72
45
121
53
143
145
28
188
173
43
119
86
123
12
183
199
92
54
168
190
195
0
185
127
98
94
0
104
127
173
79
59
142
9
172
159
167
16
184
179
164
121
198
88
76
169
94
10
70
70
154
91
107
88
100
60
20
93
165
121
75
39
152
143
133
187
149
44
180
49
130
142
0
99
63
0
163
85
123
196
75
74
0
173
188
169
79
36
122
132
8
195
46
113
118
0
176
88
64
48
162
47
14
105
168
165
197
194
132
130
179
0
198
77
8
80
40
193
173
84
71
13
71
187
109
143
66
44
124
100
128
151
61
118
137
24
102
115
188
64
10
134
123
170
131
196
180
175
130
28
68
143
151
28
55
157
92
197
162
141
171
106
58
132
113
170
117
44
58
176
133
35
179
195
181
39
30
183
20
136
96
119
95
74
159
28
51
77
63
103
136
115
196
39
9
53
129
112
191
18
55
160
101
133
81
7
71
130
92
83
60
46
28
84
90
168
10
130
176
31
81
186
182
137
112
103
97
84
10
183
0
197
186
0
192
156
49
13
107
96
80
139
86
44
91
121
57
29
156
170
57
119
104
176
149
0
180
21
119
111
160
150
142
90
60
61
161
154
119
121
167
52
158
132
41
71
33
113
136
118
161
0
187
0
110
119
70
38
13
158
31
192
143
15
98
164
156
185
141
188
6
112
93
187
123
162
167
67
154
136
19
174
142
23
106
48
136
42
104
5
102
70
196
140
42
73
181
119
166
168
175
38
115
132
43
7
185
40
172
29
185
74
14
130
46
75
65
145
25
189
59
173
108
16
139
111
38
25
65
96
117
167
36
60
74
107
188
87
70
163
181
143
75
179
21
77
29
58
188
129
135
196
34
153
122
17
63
117
127
145
172
194
190
138
199
138
135
24
147
12
54
31
70
110
172
196
0
115
0
38
176
82
66
0
0
117
28
20
29
122
169
70
104
162
75
44
181
67
166
70
182
165
11
127
138
173
24
107
159
41
106
131
177
145
21
47
89
198
110
191
193
50
96
141
107
107
74
170
57
5
50
140
24
35
171
176
38
146
130
98
98
34
63
39
162
130
110
179
23
23
44
131
150
9
15
121
120
194
63
136
88
43
129
195
52
68
18
198
77
144
55
88
17
139
43
108
104
89
11
187
83
77
171
79
8
106
131
22
122
17
180
65
166
144
197
112
24
11
138
76
164
58
35
177
88
71
35
6
54
42
55
83
120
187
190
173
52
123
152
96
23
111
143
74
126
105
98
96
79
173
49
95
102
46
58
81
171
189
0
75
137
17
31
127
18
23
0
194
173
48
0
99
170
125
171
39
76
35
134
14
69
141
50
35
176
6
136
45
71
177
100
37
36
138
15
99
125
120
81
177
24
112
196
12
126
145
95
0
101
160
179
101
158
8
193
75
101
15
144
143
46
112
117
136
100
176
43
35
140
143
17
168
17
182
164
78
161
71
82
0
21
29
70
195
182
169
99
68
106
62
159
13
117
73
58
33
132
9
30
156
5
47
102
112
91
50
52
60
142
50
31
186
127
22
115
180
192
116
139
66
122
181
57
186
88
131
142
20
57
79
117
137
155
75
154
128
43
193
177
156
17
118
160
6
135
87
62
194
18
102
157
112
18
41
122
138
148
63
174
69
134
127
109
150
34
184
147
90
12
23
182
185
30
136
175
137
195
188
186
51
87
10
200
0
45
78
150
137
155
59
196
127
16
6
95
143
150
24
164
139
187
152
73
88
81
83
151
87
132
88
148
73
131
133
144
95
56
87
168
27
131
122
134
95
27
182
26
104
115
122
97
30
59
159
52
83
21
11
156
85
48
33
176
42
59
67
0
95
47
18
109
141
110
161
79
169
186
60
144
118
173
95
143
184
0
10
148
8
144
149
178
143
43
17
131
0
33
61
188
184
85
98
193
146
81
75
180
96
89
108
191
131
41
134
33
37
144
36
149
49
5
197
87
0
192
166
134
178
154
187
86
86
142
138
111
197
137
77
160
105
101
138
73
86
0
19
0
184
181
16
106
68
192
110
51
110
116
138
135
185
18
55
122
20
71
120
165
100
128
162
127
103
138
194
130
47
178
27
170
190
163
163
160
156
174
188
5
35
139
42
50
147
189
142
132
87
28
190
125
170
12
110
157
87
67
7
184
117
184
130
120
171
127
114
131
141
49
67
0
99
88
91
163
123
159
147
160
194
152
97
76
84
56
94
175
181
61
191
77
67
159
122
71
0
108
143
31
180
22
184
121
99
39
47
70
132
197
186
67
18
144
101
38
12
39
117
0
29
147
12
54
165
36
6
31
113
199
31
0
83
89
103
83
55
53
67
134
188
161
160
80
11
183
6
174
120
175
144
156
74
26
196
23
96
145
91
126
25
131
62
97
96
30
146
186
51
157
34
33
198
32
128
75
73
146
64
82
99
51
25
87
32
181
169
108
134
159
0
14
113
101
64
128
102
25
40
59
26
12
10
105
135
70
95
25
135
36
167
108
32
150
71
22
61
0
80
40
197
31
197
27
83
81
177
127
33
86
90
113
41
30
38
50
41
144
144
180
18
146
103
145
125
62
52
172
171
9
149
32
176
191
51
55
75
162
84
66
53
138
190
16
83
70
177
90
97
112
64
91
29
27
0
172
30
198
196
13
127
34
52
104
163
192
169
104
158
93
143
79
198
87
111
108
77
56
25
43
156
12
146
79
93
144
193
11
69
154
187
150
196
7
49
172
195
199
92
153
16
189
5
160
89
178
106
66
171
98
168
59
157
126
66
78
126
168
140
128
136
182
198
18
191
141
16
96
98
70
71
102
101
198
113
170
0
144
66
141
192
37
44
28
112
148
127
0
44
12
159
0
57
54
0
165
148
87
197
63
110
163
86
164
8
182
152
129
113
35
188
97
105
15
143
26
97
64
94
148
0
103
23
31
198
93
151
27
158
170
148
94
73
80
78
86
86
46
87
9
103
153
123
83
178
148
150
75
141
144
113
167
132
94
9
136
98
185
36
73
82
58
48
57
41
187
186
128
115
156
168
157
70
60
164
6
46
79
93
177
170919