135
60
179
110
30
190
18
79
99
0
106
195
67
118
151
167
149
198
125
17
74
105
130
132
20
88
32
16
33
185
57
197
121
108
19
76
59
57
195
122
32
17
117
179
0
119
41
30
179
75
114
138
96
44
0
141
40
0
30
172
89
47
190
157
148
186
176
141
68
110
17
126
43
127
127
73
100
190
139
140
20
39
0
56
85
0
79
49
36
10
109
83
48
125
20
133
179
155
166
37
62
104
65
184
20
45
68
12
56
72
79
12
195
178
0
118
145
0
42
61
109
15
16
47
124
175
40
98
147
26
58
135
149
27
119
27
182
198
199
150
139
175
99
42
188
108
161
106
68
195
13
100
129
41
20
117
88
0
164
183
20
0
184
89
188
43
96
19
94
71
84
13
79
177
73
59
51
67
20
95
77
162
140
43
189
62
12
70
0
47
174
73
131
118
59
22
104
197
174
53
15
92
89
11
65
17
70
146
93
75
56
32
102
195
131
141
28
176
173
22
92
149
128
131
19
57
24
145
110
123
110
196
197
32
191
85
149
187
31
20
85
15
71
155
65
100
46
142
126
0
179
114
54
32
64
161
11
164
138
183
23
43
50
0
44
152
172
160
71
155
111
76
23
93
69
170
122
168
184
99
83
37
121
0
128
163
40
128
112
113
37
109
170
152
93
19
152
76
0
70
19
110
0
79
24
86
199
169
0
155
31
23
132
120
35
83
150
194
198
43
125
44
116
0
138
86
84
194
150
115
130
108
116
78
163
40
146
129
121
191
130
129
94
71
96
89
174
121
52
25
12
55
47
154
169
12
26
153
76
191
145
150
83
142
71
153
39
171
107
144
182
189
145
102
105
38
11
187
94
132
21
164
184
167
65
119
98
126
175
78
27
126
110
37
98
199
64
113
83
181
191
143
98
120
101
23
164
24
194
147
38
90
135
47
45
127
151
135
196
183
109
95
131
169
111
139
76
77
154
142
0
113
184
92
178
20
77
174
35
10
104
37
186
29
76
119
118
196
173
197
155
11
159
50
34
198
98
181
77
115
67
77
31
91
188
169
138
13
196
65
155
64
137
28
0
59
0
167
145
73
127
182
76
53
91
10
91
0
131
159
160
140
37
41
80
192
159
67
181
158
21
83
78
141
0
173
169
37
89
74
105
67
42
77
106
11
155
187
65
173
148
28
65
182
165
26
80
68
83
21
117
0
133
192
189
0
21
124
131
146
177
30
10
165
169
112
186
167
164
193
72
0
51
57
53
163
151
54
75
169
110
188
10
0
96
148
184
124
104
188
178
180
182
135
191
51
89
184
160
23
81
184
104
41
11
90
199
96
150
127
29
0
0
92
132
161
89
36
79
181
0
26
169
33
162
127
14
122
124
100
39
197
189
0
177
50
0
106
28
114
120
115
105
188
14
85
0
94
182
98
12
0
11
58
13
108
25
171
26
45
80
38
43
182
37
0
88
18
143
142
0
59
151
101
197
49
44
197
118
48
41
140
86
111
196
135
185
112
105
144
79
121
41
139
33
182
183
53
105
41
187
66
166
104
88
10
52
160
32
54
138
99
63
85
133
124
52
190
66
35
92
137
113
49
177
70
117
81
193
0
72
145
152
57
147
130
0
52
98
134
14
89
30
19
101
0
165
124
184
146
180
151
47
114
28
122
54
20
162
123
178
106
96
87
43
152
170
69
71
144
147
198
122
0
158
36
163
44
48
132
90
193
178
73
46
79
92
39
43
105
173
48
0
141
87
46
47
170
144
62
77
139
107
125
145
31
100
50
89
10
19
135
24
44
144
118
81
0
77
100
116
113
177
196
103
52
72
27
136
133
112
72
0
144
38
22
142
195
0
193
66
40
107
106
53
146
99
0
55
117
75
118
102
111
171
83
99
133
176
0
114
139
70
127
59
91
64
37
157
136
97
196
122
195
0
8
38
13
119
20
97
39
18
0
52
87
78
168
64
194
68
0
162
0
64
72
74
0
62
71
187
194
78
113
29
56
86
46
158
138
79
197
111
93
46
158
130
159
23
113
130
153
135
169
195
169
128
56
0
139
58
143
99
60
188
122
70
107
193
168
0
101
40
0
101
163
92
93
109
105
153
80
76
77
104
123
81
42
174
0
39
33
169
34
65
75
201
0
123
61
105
151
155
121
132
75
22
117
174
193
191
138
41
162
51
106
63
14
184
63
155
176
172
164
95
19
185
75
12
164
25
0
16
171
33
154
42
142
120
183
89
108
143
173
82
159
0
69
89
143
53
19
62
0
130
74
136
135
168
119
32
44
115
175
68
70
30
174
164
37
0
189
81
12
142
56
0
24
144
192
128
146
179
75
104
144
13
0
129
176
65
28
83
193
96
79
88
21
14
63
87
11
170
116
195
109
42
52
18
147
117
97
145
17
126
82
37
108
61
100
12
189
168
37
74
158
0
116
0
59
69
26
110
125
146
134
97
47
0
87
152
105
199
35
192
155
155
117
88
192
25
128
150
135
186
143
136
106
93
55
119
76
0
176
0
72
179
97
72
199
46
45
103
61
58
114
169
97
45
192
165
39
143
183
44
164
106
46
122
182
118
56
147
53
42
100
10
153
127
136
141
17
94
18
172
173
82
66
89
161
0
102
121
47
131
107
184
184
76
14
43
150
134
45
191
89
167
188
127
60
155
159
26
35
75
177
179
148
41
0
162
103
128
20
40
43
120
66
63
62
124
146
168
24
112
0
71
109
90
0
192
37
59
91
45
82
56
183
55
181
24
30
81
109
146
78
93
30
107
127
22
74
47
15
148
110
138
142
118
76
156
29
42
144
186
166
72
41
200
0
181
142
38
193
195
10
81
141
0
173
160
126
135
57
176
104
76
110
78
68
18
90
11
109
177
17
181
38
121
132
179
95
136
137
161
94
170
87
137
77
195
12
115
83
72
94
91
74
52
186
144
37
158
132
141
60
135
107
46
0
18
0
9
137
117
171
181
96
131
138
95
33
179
96
71
170
60
189
132
73
87
95
190
101
126
37
175
60
131
52
23
177
57
96
111
177
63
144
13
123
19
151
102
197
0
187
58
160
182
163
64
120
169
19
0
72
158
34
52
194
79
30
86
61
24
138
0
36
43
37
134
19
100
113
82
186
116
129
14
88
100
147
10
100
119
140
25
10
90
38
152
25
48
151
73
61
165
62
84
22
100
68
140
21
52
108
119
157
141
56
164
0
120
114
63
169
197
188
175
24
118
85
104
174
185
105
67
30
43
195
155
43
63
33
35
99
53
28
106
153
96
75
83
165
16
179
121
162
102
61
168
165
142
108
127
141
182
193
65
114
189
13
66
70
167
130
103
171
197
175
126
120
137
182
101
83
199
107
118
92
87
123
0
92
30
190
49
153
76
83
199
55
97
199
170
0
33
162
155
104
63
86
191
198
13
140
0
108
113
46
0
11
51
50
18
163
178
192
42
31
103
91
32
184
34
94
106
184
160
52
84
14
102
87
170
73
151
43
25
178
97
108
0
195
46
141
152
0
15
29
39
27
162
165
18
33
108
197
98
152
129
174
95
0
96
37
26
187
196
53
107
35
141
32
27
23
22
186
71
167
167
26
83
24
194
29
111
174
98
168
106
54
72
42
125
61
16
173
179
0
24
63
44
17
168
89
25
91
132
35
193
35
23
41
186
59
42
83
0
19
82
68
199
118
136
158
76
72
0
82
145
70
166
189
158
178
134
197
53
68
71
85
175
150
51
153
32
103
143
142
116
45
135
109
156
197
133
44
81
185
17
144
193
15
18
140
118
105
115
191
60
118
176
68
195
77
64
147
58
186
196
40
157
54
117
90
0
191
141
0
38
33
99
156
118
55
185
62
32
195
179
67
192
197
70
44
34
163
32
62
27
150
118
55
81
164
0
130
118
39
65
57
80
122
83
198
0
147
87
199
152
162
82
110
104
140
59
41
111
36
120
99
183
0
121
113
85
194
164
136
127
0
103
136
66
112
141
44
39
175
135
189
33
51
20
11
117
80
155
55
176
148
45
40
61
0
71
64
197
20
191
0
138
140
187
114
146
183
133
16
20
55
161
0
81
91
13
111
93
117
99
130
151
136
105
112
66
131
87
129
21
71
119
12
54
0
64
115
178
196
126
186
158
126
191
132
162
53
113
141
43
158
62
174
145
74
57
24
88
46
51
152
133
0
118
122
0
44
99
166
39
33
70
21
82
81
15
174
0
45
116
193
147
104
113
38
154
34
0
115
42
22
111
145
171
193
0
106
102
178
183
65
188
44
144
77
186
59
81
99
185
55
58
24
90
71
88
72
190
37
46
78
19
40
16
112
138
62
75
157
149
38
65
46
103
168
16
183
36
138
98
81
127
55
183
149
82
46
134
166
144
189
99
92
127
183
178
178
0
57
194
129
177
157
132
131
34
57
163
94
51
95
85
154
63
122
71
13
42
130
176
166
29
172
100
177
50
121
144
71
171
80
37
114
109
19
165
122
130
179
11
87
148
153
183
88
0
34
95
11
27
182
25
51
0
178
0
106
65
183
143
48
62
183
57
178
37
51
143
176
179
114
85
69
35
0
116
0
101
149
41
179
83
167
181
151
120
15
19
0
119
24
58
94
52
123
186
63
53
186
63
81
132
0
77
188
136
63
142
101
139
78
58
130
117
81
90
193
182
60
189
77
168
46
30
127
66
102
13
173
146
116
26
0
55
113
23
193
141
171
122
0
50
113
174
123
165
184
137
108
190
104
110
0
24
94
150
85
195
50
0
7
151
132
72
76
130
0
199
199
162
92
96
31
119
194
34
59
119
127
65
180
109
46
0
71
52
74
0
149
133
54
156
57
0
191
96
54
95
67
81
163
125
171
182
27
134
22
192
29
192
78
0
157
44
0
76
37
199
94
0
59
26
50
74
136
42
0
54
67
135
73
114
160
193
18
0
128
194
175
109
37
122
0
38
146
136
102
40
150
109
175
10
51
79
102
32
63
167
181
38
174
49
99
100
58
179
154
147
0
73
67
38
104
101
56
44
137
195
142
103
0
59
173
132
81
176
182
84
187
85
0
67
189
119
190
52
158
14
121
193
17
13
149
93
17
0
90
33
149
93
178
52
0
108
122
135
129
16
14
184
79
31
14
186
34
46
191
111
71
22
135
10
173
139
113
192
109
170
65
58
193
34
156
159
62
148
31
22
47
165
51
10
39
42
34
174
91
66
137
15
26
119
145
177
41
118
139
161
71
87
136
42
26
190
194
100
157
63
19
54
24
0
128
52
192
161
153
12
98
79
160
162
50
181
171
131
169
108
183
22
12
177
147
86
76
69
95
117
75
58
144
55
0
81
113
100
133
152
54
71
12
0
80
146
27
141
104
195
193
119
130
82
31
30
96
138
92
178
183
126
77
40
154
168
12
40
186
156
179
67
71
100
93
91
85
151
0
154
13
110
77
124
63
164
0
186
0
13
0
90
111
171
182
109
79
57
121
132
103
183
0
95
165
182
193
130
187
165
138
81
110
119
97
63
57
134
32
57
0
183
152
25
113
144
170
158
105
51
56
87
132
161
31
63
47
150
0
89
47
160
176
52
62
75
25
154
0
87
182
18
89
129
38
131
67
129
54
38
44
34
62
102
102
148
22
23
95
99
138
54
11
128
103
97
170
165
105
174
151
0
170
104
32
115
49
171
88
82
53
25
118
137
117
21
192
185
13
92
18
158
151
120
0
83
27
148
46
50
20
130
23
73
177
132
36
104
117
183
107
43
0
51
193
117
34
135
149
83
49
57
188
102
46
94
160
139
193
167
45
174
68
0
170
195
31
155
88
133
150
0
83
28
174
49
161
121
81
50
59
142
61
50
88
80
69
65
136
78
172
192
156
188
191
40
112
144
14
111
137
141
63
182
105
197
143
46
108
10
101
152
70
93
53
147
155
136
46
120
170
71
137
106
103
96
182
50
179
171
13
174
80
0
21
169
178
127
108
22
180
187
44
198
128
174
135
0
64
129
62
137
192
58
99
82
137
15
137
69
113
50
29
156
177
160
84
160
91
156
152
181
37
193
153
120
22
196
100
167
28
191
58
166
192
10
103
153
0
149
20
22
21
64
172
171
0
83
121
181
31
0
16
184
60
190
0
177
45
171
137
97
139
176
100
44
173
85
24
160
108
93
51
25
125
0
85
17
52
113
118
197
73
139
167
26
141
178
28
142
96
15
75
92
40
118
0
127
195
110
106
183
62
131
138
146
0
89
197
153
24
31
56
90
0
30
0
40
20
61
186
179
163
28
126
155
145
116
109
185
0
129
134
0
31
85
101
20
126
116
127
104
177
129
187
93
12
137
84
156
116
189
118
52
138
110
61
162
47
121
20
43
74
50
163
186
155
44
104
148
171
14
168
0
99
74
58
149
101
87
145
60
146
190
52
133
177
177
12
141
177
31
33
84
139
85
169
45
87
46
62
126
74
75
19
191
81
94
91
160
156
0
54
27
106
139
128
129
76
169
144
153
81
155
138
34
182
14
177
153
183
191
117
134
175
167
12
145
192
34
97
34
87
10
94
54
159
168
54
69
48
90
52
161
60
128
154
17
159
0
103
43
143
162
87
0
94
198
120
152
123
130
23
160
0
79
69
0
6
146
186
165
16
144
140
150
0
99
44
196
111
130
69
110
26
172
98
199
155
21
74
74
39
169
123
122
110
149
16
101
175
0
93
0
112
80
53
149
89
71
77
33
61
165
89
22
45
17
136
91
0
182
159
42
136
155
39
112
130
70
195
177
0
172
84
153
140
84
51
74
44
161
170
18
100
118
135
199
46
0
182
135
120
128
0
141
74
181
128
93
113
112
121
57
84
164
89
124
128
161
144
67
97
157
29
20
72
177
98
176
0
0
24
56
184
33
168
165
0
27
154
85
0
93
158
64
138
72
69
139
176
187
106
41
0
197
163
154
86
66
150
126
123
93
186
118
38
67
147
128
143
128
69
0
105
195
126
106
21
68
130
194
121
199
13
74
196
64
112
122
165
0
168
171
13
59
48
166
126
145
138
194
42
33
129
77
154
37
70
131
98
158
54
76
189
111
92
56
137
128
128
62
140
193
0
194
106
128
22
124
164
133
198
93
56
0
118
117
14
143
162
136
92
175
195
23
194
136
11
90
177
105
31
83
77
26
108
86
71
128
15
164
21
109
141
31
76
0
52
0
25
28
44
44
184
166
134
53
162
0
175
157
176
32
176
101
55
35
126
123
103
134
193
10
123
91
123
131
89
144
71
74
71
114
19
75
58
141
187
147
52
158
155
35
185
153
184
0
23
126
165
189
23
46
22
65
84
148
99
110
199
191
138
158
140
68
26
0
125
104
174
173
177
82
92
18
177
151
101
47
135
24
102
153
147
30
84
105
0
173
81
82
38
94
123
137
53
118
161
36
14
180
43
118
143
112
109
182
180
111
71
71
125
163
12
90
190
175
61
101
180
72
170
45
177
191
51
0
85
156
194
45
185
44
149
60
104
42
66
121
197
140
92
12
171
164
28
196
197
167
78
90
11
139
185
90
53
57
154
36
135
146
165
73
194
63
0
9
194
134
168
161
97
179
186
0
191
136
185
156
156
186
83
129
156
80
10
190
30
54
42
132
161
187
129
165
196
88
0
114
104
55
162
121
138
0
192
40
0
89
140
0
94
11
128
101
156
133
50
172
15
122
166
50
103
29
47
12
107
81
161
178
86
149
0
46
177
29
125
0
151
117
147
187
56
103
89
195
54
85
37
56
102
186
107
139
123
75
165
42
37
19
179
135
160
119
132
170
189
144
79
39
26
134
32
58
54
193
138
63
61
19
173
142
188
138
157
59
34
114
31
132
180
38
104
99
123
54
35
171
155
61
167
152
187
194
51
199
156
110
151
28
63
45
48
155
56
181
167
126
193
68
152
77
44
190
178
59
25
115
87
69
48
183
153
21
68
43
151
101
101
34
27
0
127
120
0
178
20
32
47
159
139
34
0
161
75
134
182
59
160
137
195
154
64
99
139
60
163
31
25
128
53
175
44
173
58
113
77
0
60
46
16
188
84
28
24
148
19
123
176
111
43
188
124
168
47
148
0
103
171
185
163
53
121
60
92
64
190
0
104
54
166
164
85
151
112
42
199
83
88
120
140
106
118
55
165
82
152
71
155
147
64
92
68
199
77
35
38
0
31
0
53
196
188
149
84
116
27
140
85
41
0
138
30
153
117
128
130
37
32
48
142
0
7
174
109
130
85
0
21
119
165
135
48
132
90
21
135
161
49
198
87
66
60
20
193
64
28
58
32
109
0
82
55
181
106
126
0
186
132
88
181
196
88
143
48
0
46
42
132
136
127
125
64
74
83
35
83
19
16
33
19
34
115
49
119
187
167
164
29
20
71
39
85
102
177
22
98
187
50
142
165
111
80
51
133
150
191
66
191
173
115
81
45
117
31
163
142
186
160
186
0
67
10
56
19
0
37
80
160
42
146
117
47
16
120
110
0
137
157
22
64
147
171
150
116
121
90
185
96
38
115
49
114
83
112
176
141
67
14
17
77
51
164
140
110
127
51
184
153
32
177
82
19
169
139
124
140
49
87
25
28
0
171
77
111
120
0
0
13
151
81
117
20
67
64
0
158
194
141
126
184
197
182
115
21
27
47
23
128
193
26
119
45
68
45
79
77
55
144
107
77
96
51
24
186
172
32
96
178
19
82
156
106
134
49
141
144
45
123
179
28
85
65
190
24
182
163
107
145
51
17
14
176
107
39
22
10
79
0
166
159
0
15
199
20
166
37
51
185
58
68
12
93
72
0
115
62
21
11
181
21
121
78
15
84
164
25
107
136
39
135
11
155
162
86
57
121
26
88
137
180
15
140
70
142
35
38
153
50
117
200
0
104
99
126
0
155
190
69
51
193
55
136
147
174
192
45
16
149
117
156
116
37
128
161
109
75
44
36
181
66
10
13
51
180
135
122
71
147
15
159
122
144
58
169
27
15
116
143
174
165
11
37
16
159
97
118
13
145
73
93
194
128
55
71
0
133
48
10
116
54
49
60
84
82
51
15
15
168
187
184
49
85
128
88
24
144
94
119
187
52
119
173
78
0
81
45
161
15
131
134
144
185
145
14
61
194
159
15
0
62
73
140
20
47
65
89
16
133
0
32
137
166
89
135
130
10
68
123
0
7
106
145
46
120
18
187
26
132
80
49
129
141
18
48
26
169
33
108
22
51
88
0
132
118
76
48
188
61
196
64
63
89
116
16
139
175
114
46
101
53
188
109
151
66
50
30
80
0
156
132
171
198
186
59
56
173
190
0
79
167
124
168
27
23
122
46
179
170
171
11
99
0
94
101
153
190
60
52
132
84
134
37
53
190
198
141
82
57
49
78
176
140
113
57
174
80
97
32
129
165
98
22
65
114
147
86
58
120
117
93
142
44
60
101
32
152
121
127
180
181
172
99
146
119
143
63
130
165
158
194
73
11
187
180
89
94
110
12
199
139
57
109
21
116
193
94
24
0
48
197
20
166
183
0
43
30
34
134
60
172
108
55
0
106
177
111
160
128
11
26
27
115
12
64
172
40
0
149
151
178
23
99
148
159
136
69
76
76
94
98
16
161
72
141
138
52
34
141
163
165
86
78
115
35
65
139
39
10
57
181
196
10
34
197
145
157
160
138
123
180
22
32
195
62
13
101
10
15
112
169
164
177
180
161
26
113
93
128
177
152
44
35
113
60
197
103
168
59
148
170
92
116
63
10
127
26
23
126
140
77
72
119
17
190
192
90
61
167
180
93
160
93
174
107
186
36
83
38
139
101
152
120
34
150
77
14
162
118
194
82
182
177
0
107
124
178
190
59
71
91
26
69
143
110
155
68
0
117
81
85
88
96
73
121
34
63
92
55
174
96
34
69
89
93
149
49
43
121
59
145
109
183
123
180
34
102
96
159
26
181
131
16
123
0
0
81
151
131
63
161
40
156
92
29
124
103
10
110
80
142
177
199
91
0
74
190
61
154
80
44
121
87
77
67
140
47
144
43
78
103
11
80
117
100
67
164
192
189
130
45
97
157
166
162
156
186
84
127
196
149
127
50
37
14
74
74
148
43
94
148
154
116
172
49
143
71
76
15
196
65
0
161
89
139
22
134
110
0
141
140
67
28
120
0
105
175
167
121
148
175
144
39
40
161
110
78
60
62
58
89
154
93
69
144
131
19
123
14
193
25
177
175
94
161
48
0
66
102
120
149
66
88
138
17
67
57
125
101
71
103
88
143
78
118
89
149
61
129
27
143
60
13
51
198
57
107
121
191
35
79
25
0
97
137
112
54
24
104
140
81
155
94
173
181
197
156
16
93
98
34
178
117
187
115
24
164
73
67
61
180
136
198
78
96
149
31
79
138
179
89
0
102
14
38
154
48
0
41
28
170
174
178
98
107
194
62
164
141
32
71
125
135
31
151
122
176
113
31
0
136
47
154
53
48
35
187
13
23
106
99
169
90
148
195
25
142
92
57
27
53
171
171
47
0
15
0
122
68
27
88
110
197
72
133
23
123
141
34
156
0
137
156
165
47
26
84
148
0
22
113
73
145
110
50
38
189
125
151
130
113
110
186
53
60
123
0
41
20
130
166
51
88
114
57
194
183
163
174
89
178
43
179
17
131
133
112
39
141
0
45
62
57
86
82
101
98
100
94
0
109
141
115
141
120
41
126
157
165
75
31
27
139
128
25
152
73
181
122
148
26
189
182
161
186
191
137
130
131
150
41
105
196
26
123
0
199
170
0
154
134
86
195
11
17
193
80
18
22
184
115
64
197
146
140
185
191
165
197
198
67
197
192
86
132
156
170
54
122
84
120
53
20
72
44
189
87
136
20
179
110
51
183
64
134
127
21
112
12
172
186
71
69
126
78
99
57
65
60
157
157
175
141
161
92
13
73
197
90
132
49
15
101
115
171
110
16
49
11
146
69
152
171
72
94
189
127
110
143
20
63
13
156
65
154
100
67
17
11
32
86
151
43
105
71
122
179
128
152
139
131
149
70
61
196
45
193
61
175
89
115
17
96
194
26
189
10
128
44
64
176
193
86
101
37
134
185
30
105
114
0
42
25
131
171
47
162
139
171
19
121
153
15
116
162
40
156
112
132
0
107
174
116
172
191
11
61
98
118
0
187
30
185
26
161
138
49
98
88
189
80
66
27
74
65
65
113
52
70
157
23
145
0
143
129
150
52
197
141
153
81
57
157
154
73
38
135
84
67
34
42
191
163
135
190
0
164
172
170
41
131
73
187
126
99
151
86
82
123
158
83
46
24
120
179
0
168
130
191
109
181
123
101
22
17
141
51
149
13
0
16
147
176
95
180
193
133
83
100
116
94
138
113
86
142
124
46
63
176
68
141
35
115
34
77
37
174
145
153
97
157
20
40
150
40
92
20
74
172
189
193
80
73
63
84
125
88
63
143
0
150
173
44
56
177
129
68
173
0
135
30
84
92
129
140
23
176
163
128
77
118
34
129
99
49
158
113
135
40
47
189
58
133
35
146
57
171
125
137
59
171
170
126
197
75
44
171
137
12
129
121
0
182
110
87
96
34
69
18
71
68
159
168
14
139
114
121
42
70
154
53
99
12
118
117
38
72
42
159
168
175
98
124
192
56
126
39
115
160
48
84
99
102
66
50
145
25
21
118
71
36
141
166
178
147
32
111
77
190
173
100
89
0
0
163
112
120
100
21
33
38
98
98
173
108
134
71
96
62
169
182
163
179
24
47
167
165
60
64
164
57
194
38
44
0
50
31
66
59
93
46
29
81
120
50
82
105
126
164
134
140
65
51
67
134
112
109
139
70
85
12
199
45
157
26
38
192
90
91
49
59
62
198
59
196
109
135
77
57
133
20
183
80
34
98
131
185
106
187
92
177
71
102
108
110
11
52
98
130
157
82
34
70
57
96
135
116
139
0
148
89
129
172
136
173
152
199
199
120
38
0
149
155
119
60
77
160
78
119
0
88
102
98
138
143
76
80
198
173
39
63
153
75
197
135
60
72
37
174
59
16
128
169
106
112
25
40
31
24
35
71
67
173
98
117
195
34
17
187
11
106
19
26
49
173
189
169
119
85
152
178
18
155
84
0
80
99
72
32
54
97
111
80
47
118
92
128
97
43
150
108
138
105
78
27
112
71
0
111
61
183
139
113
73
191
10
192
18
89
57
126
94
183
52
95
137
55
193
65
0
46
21
135
87
187
37
108
105
198
65
116
163
139
42
69
52
127
76
196
92
78
103
95
139
78
48
72
12
131
164
142
72
184
124
89
55
31
91
194
114
13
181
165
164
77
154
12
23
39
56
57
186
69
118
0
144
98
173
78
44
135
90
57
192
91
182
38
69
111
182
137
45
115
133
157
100
32
183
184
109
91
91
0
65
107
36
12
0
79
41
45
117
175
62
52
54
173
62
40
101
0
127
77
55
197
157
184
104
105
124
111
115
16
170
75
52
35
27
132
69
194
126
178
156
174
125
195
22
73
106
93
76
173
158
0
172
53
57
11
51
196
37
59
29
40
145
17
79
59
159
145
148
30
50
56
20
193
203
0
19
147
133
145
13
59
41
156
39
81
157
89
33
196
120
57
159
145
161
95
99
0
5
85
173
183
71
155
177
156
42
174
0
130
0
151
154
0
9
198
189
36
69
15
126
62
94
85
27
0
78
186
39
45
137
51
130
121
59
112
160
74
105
134
135
130
167
123
46
49
193
22
58
34
37
24
127
142
93
187
106
67
131
141
139
40
166
105
0
56
115
0
60
80
186
21
118
119
33
0
54
33
180
110
74
71
74
185
95
39
161
183
131
196
118
69
119
122
80
57
186
140
0
110
89
170
113
27
116
0
126
71
120
89
0
148
129
176
142
133
58
14
97
0
36
189
122
52
128
126
140
168
110
197
138
15
123
147
179
165
185
190
80
55
120
95
109
42
178
39
158
88
116
199
198
160
161
35
155
169
17
138
198
123
102
36
62
122
199
176
124
103
53
185
25
53
187
37
171
85
90
66
70
175
178
125
48
189
21
128
18
0
62
111
113
60
55
144
13
0
104
133
55
189
43
30
52
157
179
167
60
121
93
60
115
29
175
77
149
145
54
170
132
126
75
164
137
0
109
157
0
187
114
125
80
153
0
90
175
108
127
43
133
162
135
41
103
38
120
163
108
110
174
84
52
184
197
107
19
123
36
23
181
17
89
101
156
21
196
95
109
141
0
67
161
12
60
69
175
143
87
42
151
41
146
90
137
78
151
25
51
17
15
130
185
138
98
184
151
71
151
19
186
173
148
187
133
123
119
173
0
163
98
39
154
108
0
136
71
122
0
57
84
29
187
51
199
159
152
91
36
60
172
153
27
143
103
0
141
83
13
187
116
15
164
61
130
26
21
99
82
119
124
88
19
109
188
52
75
166
80
178
120
186
47
189
34
119
58
22
12
175
114
30
0
190
194
193
59
103
84
117
198
122
151
66
35
76
30
75
105
178
156
121
193
0
187
179
172
138
93
81
102
157
121
142
0
45
151
151
40
170
191
116
151
185
139
138
145
133
164
19
45
168
170
67
179
92
54
15
189
43
57
100
72
175
153
0
194
63
79
115
125
54
169
19
145
129
74
189
0
125
124
104
123
35
53
189
179
90
186
30
89
199
101
164
182
98
153
77
102
32
198
168
39
177
128
78
73
46
130
31
101
25
152
86
143
136
26
186
152
23
132
10
52
73
170
37
59
140
0
51
147
189
73
171
122
124
0
49
145
138
86
155
52
59
141
41
117
50
83
104
185
96
32
57
43
165
126
138
196
132
188
56
156
177
187
31
49
176
56
153
134
12
194
190
40
86
0
22
154
29
39
0
81
0
41
134
16
0
12
144
60
154
181
161
148
25
49
0
145
52
170
64
116
69
91
156
197
124
97
168
112
30
39
169
57
126
116
61
128
93
120
82
184
17
162
25
137
88
180
37
157
175
128
28
176
99
148
96
176
147
72
90
172
0
64
125
113
194
45
18
23
153
67
0
91
77
61
147
158
10
76
55
34
147
149
184
68
57
153
95
85
17
40
10
74
136
135
129
156
155
176
82
42
122
0
77
18
33
155
134
186
0
11
10
99
37
126
191
37
60
158
53
71
73
29
179
103
25
151
149
0
37
0
55
99
43
138
190
136
147
111
91
135
33
181
138
197
33
55
72
0
159
32
165
170
105
10
50
165
103
101
175
0
160
131
15
24
186
168
147
26
134
103
103
172
86
111
45
83
107
124
148
23
31
42
196
131
76
157
113
49
63
188
170
186
37
35
133
187
32
47
49
51
133
117
31
153
86
164
125
66
135
81
112
176
39
136
150
70
85
104
62
136
164
184
180
159
45
21
149
138
39
69
43
182
0
126
189
66
101
80
127
110
65
57
129
125
27
63
142
126
121
104
156
36
59
53
178
90
117
61
99
111
189
150
198
29
107
110
111
155
144
151
110
90
108
97
18
52
88
178
129
40
189
160
158
114
103
151
72
64
73
174
83
0
14
92
158
77
89
48
120
152
50
86
199
58
174
157
175
111
25
53
171
167
107
182
91
79
84
139
138
28
85
70
82
79
93
75
0
84
116
54
0
53
16
104
22
107
121
169
180
20
139
156
63
48
0
52
140
21
55
28
91
19
141
167
106
90
166
84
187
135
176
158
198
0
30
0
158
185
67
0
181
30
81
92
98
134
176
111
54
82
11
87
183
96
117
30
73
178
0
77
41
34
145
41
134
143
189
66
0
79
110
94
0
120
23
80
135
78
95
187
70
176
181
31
140
104
73
158
138
136
40
85
59
32
51
158
180
116
141
122
156
193
31
195
100
0
78
0
132
187
72
140
38
133
16
23
108
191
12
109
169
181
0
199
182
69
146
131
164
89
96
33
129
180
138
61
193
49
189
85
146
130
33
37
148
52
192
110
115
199
172
141
19
115
163
39
134
160
0
150
0
170
11
151
0
140
91
188
131
199
179
0
120
23
181
51
11
168
50
69
23
31
107
35
186
105
21
162
95
143
134
152
15
11
153
57
65
0
30
122
133
149
93
75
136
149
127
106
119
143
58
178
193
65
143
43
92
105
145
50
156
35
75
185
178
48
174
162
123
97
31
68
179
97
138
128
39
160
101
70
129
0
58
16
64
105
138
56
75
177
19
21
17
87
142
57
63
197
135
22
199
182
154
38
74
198
54
114
105
189
97
186
15
58
144
124
70
188
65
151
61
20
87
119
171
190
97
11
44
95
88
57
37
24
58
188
156
104
16
44
153
64
116
0
19
167
16
48
80
166
80
170
0
184
0
90
166
165
193
20
35
0
195
168
0
58
77
146
87
123
153
50
11
132
22
54
28
198
101
50
130
194
91
139
151
131
128
172
62
112
138
144
130
29
150
46
173
153
77
115
134
131
119
65
85
109
191
156
166
107
35
189
119
107
0
192
16
55
35
184
134
58
128
51
60
75
21
88
143
193
72
140
121
0
166
68
169
73
79
92
45
82
183
30
12
66
93
119
138
22
10
171
187
63
103
144
37
92
59
32
44
197
32
177
160
34
97
143
60
185
178
96
77
151
76
16
189
61
179
155
115
28
70
40
85
0
147
133
50
69
68
60
207
0
106
181
163
25
100
54
20
0
148
22
42
53
46
71
53
76
190
137
134
93
197
123
83
132
144
68
61
187
61
175
185
194
114
166
170
37
188
190
133
179
185
0
41
82
18
176
0
192
193
117
55
53
123
174
0
156
169
194
84
128
49
110
162
67
20
110
154
98
36
66
188
188
44
42
189
73
156
77
124
136
167
10
90
40
34
59
142
40
12
42
42
146
133
164
197
106
140
130
150
108
0
54
65
107
107
74
98
134
54
132
11
46
45
173
67
122
25
57
62
43
155
82
35
11
188
13
190
40
182
126
65
135
197
118
161
60
144
194
60
116
0
8
154
54
128
147
15
176
73
77
35
110
0
140
123
49
66
165
184
131
21
85
25
16
95
119
88
17
64
103
199
91
192
141
13
141
98
134
56
164
72
148
152
48
177
61
190
183
84
49
80
159
151
84
115
0
72
86
0
177
32
21
183
50
103
56
95
102
136
194
44
195
18
136
58
41
23
193
128
64
157
124
129
167
70
31
190
191
160
0
186
112
0
144
17
191
55
124
181
190
174
173
102
97
58
63
165
107
125
0
166
101
0
0
176
16
56
194
19
86
149
59
84
140
67
147
71
62
157
181
115
0
48
193
90
67
68
181
93
191
102
80
147
96
21
175
161
173
159
57
75
187
48
77
94
152
23
27
15
171
76
32
43
194
89
43
92
139
101
108
109
155
143
117
67
69
141
96
23
139
184
135
92
120
163
179
74
86
193
36
28
90
185
172
0
45
23
159
81
118
192
10
58
51
145
171
18
39
68
32
0
37
24
58
153
283612