187
180
119
176
0
258
0
0
194
190
0
159
273
0
0
188
0
149
0
162
258
0
0
193
117
249
0
0
106
193
166
148
218
0
186
0
0
222
0
88
175
0
110
159
0
0
0
345
0
0
130
142
0
249
0
162
0
205
0
0
185
194
225
0
140
147
0
127
303
0
0
0
0
102
153
0
185
155
143
194
0
150
170
168
0
116
90
185
0
156
0
123
123
188
0
155
96
198
149
112
162
222
0
0
227
0
0
100
148
252
0
0
144
0
143
246
0
0
153
96
251
0
244
0
117
183
165
0
114
151
168
108
141
106
177
110
309
0
0
0
0
207
0
128
125
184
190
313
0
0
0
0
184
197
113
192
177
217
0
90
180
0
0
0
159
0
266
0
324
0
0
0
97
97
112
187
0
0
277
0
0
86
257
0
0
260
0
0
238
0
0
0
87
289
0
0
328
0
0
85
89
117
208
0
107
163
89
157
0
135
177
269
0
139
265
0
147
297
0
0
0
247
0
0
274
0
0
86
229
0
284
0
0
231
0
129
344
0
0
0
0
0
237
0
138
0
297
0
0
178
0
104
103
89
196
110
169
182
0
0
182
0
144
166
0
154
187
125
154
137
0
108
295
0
0
0
246
0
0
0
204
0
114
285
0
0
0
265
0
0
0
104
172
0
252
0
0
161
188
282
0
0
0
167
177
137
271
0
209
0
0
0
90
139
159
193
172
0
95
173
88
97
87
95
168
0
105
0
199
178
0
88
188
135
102
94
186
280
0
0
0
0
319
0
0
212
0
195
127
99
243
0
112
150
158
0
145
193
130
121
198
295
0
0
199
196
154
0
0
141
190
135
0
0
0
230
0
164
97
206
0
136
242
0
208
0
0
109
144
0
201
0
0
234
0
197
0
0
303
0
0
0
0
0
0
190
0
0
120
222
0
276
0
234
0
0
295
0
0
134
0
186
229
0
0
167
0
139
91
146
0
140
136
126
140
139
106
195
179
0
251
0
85
246
0
0
186
361
0
0
0
0
240
0
166
0
123
214
0
172
0
96
174
0
0
260
0
0
0
151
117
160
0
144
199
0
154
116
171
100
0
155
0
148
158
194
140
0
123
113
144
95
0
0
131
138
0
188
89
187
139
0
134
102
210
0
0
102
110
116
122
171
152
185
232
0
103
103
173
225
0
135
0
109
178
0
0
323
0
0
0
168
128
178
194
186
0
196
0
110
230
0
186
102
149
293
0
0
0
126
0
92
124
0
156
85
207
0
152
97
86
141
0
174
227
0
0
0
98
129
86
194
0
110
202
0
183
0
158
0
0
158
156
185
264
0
414
0
0
0
0
0
208
0
127
320
0
0
0
0
99
184
0
162
0
276
0
0
285
0
0
0
202
0
171
172
0
142
147
159
0
97
0
176
121
0
233
0
183
118
178
0
0
388
0
0
0
0
0
0
216
0
292
0
0
0
188
104
0
212
0
0
159
85
115
163
130
0
168
153
248
0
0
233
0
141
192
0
199
225
0
174
176
0
111
393
0
0
0
0
0
0
92
198
0
232
0
191
90
173
0
128
181
176
0
178
120
183
212
0
168
204
0
158
0
96
176
120
150
170
111
0
182
229
0
177
151
0
169
0
107
218
0
164
146
117
219
0
0
193
140
144
173
122
130
250
0
181
150
171
222
0
0
0
0
143
0
178
267
0
0
223
0
0
191
121
363
0
0
0
126
178
0
126
112
210
0
236
0
0
178
130
131
158
93
135
0
106
172
0
0
355
0
0
0
191
153
0
0
180
150
145
125
144
0
0
126
247
0
0
0
154
147
229
0
0
0
144
210
0
0
195
126
140
137
129
0
182
0
124
237
0
0
88
157
130
150
233
0
0
161
181
0
0
225
0
199
186
169
0
0
145
190
179
90
216
0
392
0
0
0
0
183
0
205
0
0
85
124
114
148
0
167
0
133
165
304
0
0
0
198
260
0
0
0
0
190
0
0
108
102
224
0
0
175
0
144
0
0
218
0
202
0
194
185
0
125
0
406
0
0
0
277
0
0
0
108
149
133
178
0
248
0
145
142
0
0
152
0
188
218
0
109
0
117
300
0
0
0
0
177
182
0
409
0
0
0
0
0
151
200
0
177
0
338
0
0
0
197
0
247
0
0
177
190
188
116
0
235
0
0
195
243
0
0
111
156
0
147
115
85
109
112
0
0
155
106
126
233
0
0
92
122
192
130
0
167
189
145
198
0
151
173
98
91
117
98
137
0
179
0
242
0
98
176
207
0
139
90
143
118
226
0
0
141
157
0
182
166
0
0
111
164
186
0
269
0
0
0
198
0
133
138
0
0
276
0
0
195
135
122
148
0
232
0
92
0
118
0
127
188
96
231
0
0
0
153
116
154
137
199
0
0
199
100
118
0
219
0
0
176
0
93
216
0
0
0
172
147
0
174
0
0
232
0
0
0
158
0
223
0
256
0
162
0
204
0
153
191
195
0
184
191
259
0
135
116
183
0
0
127
180
240
0
0
0
198
0
111
104
311
0
0
119
103
166
156
0
168
291
0
0
0
0
100
187
226
0
150
121
118
0
99
287
0
0
0
210
0
0
0
176
0
189
130
185
0
0
110
194
0
0
0
192
0
0
128
166
131
155
188
0
0
228
0
0
157
190
208
0
0
0
172
251
0
152
158
127
134
181
0
167
110
328
0
0
123
169
185
0
195
0
0
185
127
416
0
0
0
0
161
0
0
163
0
151
168
162
0
124
133
0
188
0
90
99
132
146
162
201
0
98
99
116
212
0
132
149
0
0
122
175
0
148
0
125
157
194
115
0
0
0
155
195
149
135
0
188
116
148
86
102
248
0
0
0
136
112
0
0
206
0
330
0
0
0
153
184
160
144
173
0
0
103
189
0
137
249
0
0
130
129
110
0
182
0
154
126
0
170
0
210
0
278
0
0
0
144
126
165
0
0
234
0
172
173
121
275
0
0
0
0
0
130
0
188
0
0
192
178
0
0
172
144
101
144
145
0
237
0
0
0
242
0
0
260
0
359
0
0
0
0
0
162
200
0
202
0
0
200
0
134
109
189
192
94
241
0
0
177
198
217
0
133
243
0
126
0
256
0
202
0
313
0
0
0
94
157
183
205
0
178
0
216
0
0
190
187
324
0
0
0
145
94
166
152
0
138
149
0
239
0
156
139
198
0
0
282
0
0
136
121
153
199
127
167
348
0
0
0
230
0
149
371
0
0
0
310
0
0
0
0
121
0
170
152
193
129
116
118
241
0
157
0
240
0
0
146
129
0
181
0
177
146
149
138
148
0
190
185
239
0
113
135
198
110
124
190
142
182
0
126
124
312
0
0
0
0
0
152
0
0
221
0
135
236
0
163
170
102
187
0
0
103
231
0
99
254
0
0
89
173
0
105
186
103
203
0
0
108
239
0
196
174
121
134
152
0
174
0
96
170
0
192
0
229
0
0
159
197
0
142
0
0
193
89
133
0
174
0
166
88
107
239
0
0
124
199
0
0
0
277
0
0
85
187
0
276
0
0
302
0
0
0
0
0
192
199
0
0
252
0
0
109
148
120
221
0
0
151
0
131
0
111
216
0
0
204
0
171
0
141
0
199
156
217
0
0
97
174
192
110
215
0
0
282
0
0
0
157
109
131
174
112
248
0
0
148
134
170
163
0
401
0
0
0
0
0
107
174
155
0
318
0
0
118
375
0
0
0
165
301
0
0
0
242
0
88
162
93
147
118
184
97
245
0
0
0
0
421
0
0
0
0
0
0
0
0
175
0
186
0
234
0
0
126
127
135
0
0
133
0
162
241
0
101
96
185
0
115
97
140
141
173
139
120
155
216
0
177
110
198
181
130
136
329
0
0
0
209
0
0
91
196
138
0
89
195
165
189
0
0
186
124
0
296
0
0
86
91
158
184
103
162
0
251
0
0
93
152
176
249
0
141
205
0
130
152
145
191
122
194
0
0
239
0
127
104
183
104
174
0
0
241
0
0
254
0
0
196
162
233
0
121
194
148
166
153
208
0
0
188
0
0
158
0
0
127
131
0
171
123
192
0
0
184
198
100
369
0
0
0
335
0
0
230
0
124
96
126
390
0
0
0
0
0
125
249
0
193
98
278
0
0
0
0
108
141
0
144
187
147
0
178
0
151
173
139
0
152
100
164
0
112
330
0
0
0
130
178
0
222
0
118
90
172
228
0
0
107
154
169
87
187
222
0
163
253
0
146
0
196
191
104
109
145
119
0
143
123
187
90
104
166
174
155
231
0
0
0
0
199
0
122
135
136
239
0
0
139
164
145
0
304
0
0
177
129
0
172
0
0
112
0
93
185
117
246
0
126
111
222
0
185
186
182
182
256
0
180
179
0
176
170
0
167
0
185
128
91
144
190
194
346
0
0
0
146
122
115
101
183
0
175
170
0
93
139
0
209
0
126
0
153
0
116
122
171
246
0
0
0
323
0
0
0
0
0
114
183
0
157
115
145
90
182
195
173
0
0
181
0
137
306
0
0
195
266
0
0
158
95
167
0
153
160
163
124
91
162
0
190
199
135
176
168
170
257
0
86
117
85
127
130
0
0
152
0
0
127
162
0
209
0
150
181
0
86
252
0
0
131
183
152
191
107
203
0
0
0
205
0
161
90
148
213
0
0
86
141
0
274
0
0
133
116
201
0
283
0
0
112
101
209
0
284
0
0
140
166
165
104
110
210
0
0
200
0
140
129
204
0
164
183
103
201
0
159
186
171
92
97
94
124
127
186
166
0
217
0
0
0
104
189
127
109
159
135
171
0
146
0
171
0
0
109
133
0
87
102
0
263
0
0
0
0
93
157
222
0
139
221
0
199
0
235
0
0
0
0
110
132
0
136
184
162
149
187
192
158
0
0
146
224
0
221
0
140
179
115
204
0
126
0
122
237
0
97
163
0
0
173
184
173
0
0
161
176
0
167
162
95
260
0
184
137
112
136
102
167
124
131
0
200
0
0
185
278
0
193
142
185
118
146
293
0
0
0
183
0
191
207
0
142
0
192
181
153
0
0
0
205
0
194
0
180
122
282
0
0
0
174
0
133
255
0
0
301
0
0
349
0
0
0
89
182
163
119
109
130
172
292
0
0
98
123
196
91
169
191
106
153
0
174
130
112
152
108
155
225
0
149
153
161
90
160
202
0
168
87
234
0
115
193
0
123
142
232
0
0
0
132
164
107
144
200
0
163
0
137
115
186
91
144
194
180
240
0
139
206
0
0
118
127
211
0
194
258
0
137
182
0
209
0
226
0
274
0
0
0
94
198
0
0
219
0
126
102
229
0
86
95
406
0
0
0
0
168
0
162
208
0
197
0
154
214
0
93
190
0
147
89
110
103
454
0
0
0
0
0
167
190
85
121
0
199
251
0
0
0
109
153
153
254
0
0
0
181
0
136
91
187
0
184
0
137
192
0
156
155
137
206
0
0
0
125
174
0
93
186
0
238
0
0
0
91
150
128
168
0
213
0
120
136
264
0
0
313
0
0
0
0
0
141
159
139
0
186
136
179
0
236
0
141
169
0
123
164
310
0
0
0
127
121
0
203
0
96
145
217
0
142
134
170
0
213
0
241
0
0
185
268
0
109
125
156
347
0
0
0
0
133
214
0
0
0
192
147
225
0
0
140
139
0
0
143
283
0
0
151
96
199
0
96
182
193
0
0
190
0
115
192
167
191
0
196
0
0
0
237
0
123
213
0
0
112
168
0
0
139
147
170
178
248
0
132
125
0
129
135
143
94
109
181
122
240
0
395
0
0
0
0
196
203
0
346
0
0
0
0
189
0
129
138
187
0
126
166
165
218
0
188
165
178
0
0
109
133
192
226
0
94
107
166
146
162
182
187
0
144
150
87
187
334
0
0
0
0
0
129
133
175
198
0
0
170
95
318
0
0
0
105
279
0
0
123
166
0
0
186
89
160
312
0
0
138
108
0
105
129
133
242
0
199
0
120
154
0
229
0
0
0
0
199
363
0
0
0
0
132
132
155
374
0
0
0
0
0
159
112
212
0
198
0
161
121
0
184
0
238
0
0
0
102
86
276
0
0
0
153
97
107
167
184
195
112
184
145
181
191
308
0
0
0
0
172
265
0
95
124
93
123
199
0
0
106
143
89
127
198
147
137
624
0
0
0
0
0
0
0
87
119
198
106
196
116
227
0
0
159
0
99
182
240
0
0
0
87
106
235
0
155
0
140
375
0
0
0
0
0
180
136
199
195
141
0
145
104
194
148
0
236
0
0
97
144
182
160
117
171
163
139
0
143
179
181
0
185
132
203
0
149
187
0
220
0
0
0
142
186
0
156
173
149
153
127
137
137
0
183
0
0
130
0
327
0
0
0
101
168
0
87
96
124
0
147
0
235
0
159
151
129
153
114
142
130
249
0
154
161
96
187
0
0
112
111
167
0
275
0
0
148
124
0
106
97
166
165
170
251
0
0
0
166
98
150
0
189
0
163
221
0
130
137
166
0
172
141
0
198
0
198
120
383
0
0
0
0
150
0
146
163
0
143
119
221
0
166
210
0
86
274
0
0
192
118
0
144
0
85
110
170
0
0
0
186
0
177
0
0
160
0
0
131
86
240
0
0
165
133
144
251
0
0
209
0
191
0
0
0
0
102
0
337
0
0
183
184
197
173
132
154
0
0
146
98
113
0
144
150
0
0
124
156
0
85
151
230
0
0
177
104
188
182
137
170
370
0
0
0
0
195
233
0
0
169
108
120
220
0
0
173
98
367
0
0
0
92
175
0
103
144
118
132
153
130
291
0
0
0
197
0
196
197
266
0
190
132
142
0
157
320
0
0
0
0
164
261
0
186
0
208
0
102
0
292
0
0
141
136
163
0
193
104
367
0
0
0
0
110
140
220
0
0
124
142
186
163
0
0
220
0
189
171
159
188
0
0
195
0
0
135
96
0
137
0
167
140
174
94
148
94
173
0
99
189
0
0
0
104
177
241
0
0
0
0
111
89
167
221
0
190
123
0
269
0
85
268
0
217
0
0
199
0
264
0
0
0
173
129
201
0
242
0
492
0
0
0
0
0
0
165
176
182
190
0
130
0
98
98
119
227
0
202
0
0
178
169
0
0
281
0
0
261
0
176
0
139
159
126
204
0
0
0
207
0
226
0
253
0
0
107
86
102
103
287
0
0
0
162
0
197
294
0
0
0
89
174
92
186
0
154
188
106
98
224
0
198
105
95
150
0
0
234
0
132
126
169
234
0
154
97
0
98
159
185
0
140
0
145
0
144
123
183
195
143
115
168
188
203
0
244
0
105
152
185
149
186
169
161
0
106
114
116
140
120
149
301
0
0
86
156
146
0
244
0
160
0
163
0
185
194
171
121
162
0
159
0
170
0
163
270
0
0
0
0
98
178
137
0
146
169
123
88
192
0
202
0
0
117
201
0
0
0
91
0
199
89
234
0
0
202
0
0
356
0
0
0
89
150
178
0
100
213
0
0
111
108
196
0
0
180
0
100
107
241
0
187
0
205
0
192
148
156
93
145
175
0
103
163
0
0
188
263
0
0
0
142
125
229
0
0
0
165
232
0
0
167
196
221
0
0
183
0
177
138
149
121
157
168
183
197
142
0
92
173
177
0
123
201
0
0
0
166
180
0
107
309
0
0
0
307
0
0
0
198
182
180
270
0
0
112
213
0
0
0
0
95
92
125
215
0
0
0
220
0
0
207
0
150
0
142
107
254
0
0
119
173
110
142
251
0
108
0
251
0
0
0
259
0
0
116
195
204
0
151
150
0
0
163
156
0
184
95
195
189
107
225
0
0
174
224
0
85
319
0
0
0
191
92
143
225
0
137
106
0
95
157
0
221
0
100
88
171
192
0
0
177
186
0
105
112
195
0
0
231
0
0
148
0
178
187
0
225
0
270
0
162
171
0
156
0
165
276
0
267
0
0
314
0
0
0
196
0
178
141
126
144
0
144
144
0
154
434
0
0
0
0
0
124
161
0
192
193
0
292
0
0
105
244
0
0
0
0
132
0
174
143
142
184
0
164
0
167
137
136
159
0
88
212
0
0
165
108
0
161
170
0
120
145
0
254
0
0
258
0
125
98
401
0
0
0
0
0
0
0
143
0
0
228
0
0
0
0
164
0
179
0
160
0
88
173
0
273
0
0
345
0
0
0
0
142
0
255
0
0
156
131
216
0
0
164
176
524
0
0
0
0
0
86
200
0
210
0
436
0
0
0
0
0
0
0
0
0
173
181
0
195
0
153
171
0
172
0
0
257
0
279
0
0
0
171
0
0
0
187
172
0
108
180
0
203
0
219
0
260
0
150
171
198
199
0
195
0
101
104
138
163
187
0
279
0
0
0
0
498
0
0
0
0
0
0
195
0
182
346
0
0
260
0
108
158
0
0
205
0
129
153
311
0
0
0
207
0
0
232
0
0
190
0
97
158
0
199
0
0
246
0
199
0
0
0
106
171
197
169
256
0
166
182
133
0
194
240
0
0
0
105
194
213
0
0
0
88
127
0
191
118
238
0
0
0
107
137
206
0
0
217
0
145
152
163
183
0
184
0
119
0
256
0
177
0
166
114
103
179
147
181
0
0
89
163
346
0
0
0
0
252
0
0
92
172
0
0
134
159
152
249
0
229
0
120
0
180
390
0
0
0
0
180
184
0
102
174
163
155
0
256
0
0
181
187
169
118
403
0
0
0
0
146
189
347
0
0
0
0
0
0
0
119
248
0
121
193
144
131
0
144
153
220
0
122
140
122
0
184
111
380
0
0
0
0
123
158
0
97
183
0
160
0
0
151
107
89
171
0
131
215
0
91
95
165
138
123
176
127
0
138
0
195
217
0
169
149
0
182
108
86
92
145
0
141
188
0
200
0
0
190
147
96
173
181
0
164
171
0
111
277
0
0
110
157
113
0
112
0
141
86
215
0
145
0
0
186
0
185
191
176
188
99
188
102
191
187
0
0
0
316
0
0
0
0
165
96
228
0
196
0
0
267
0
0
92
140
192
274
0
0
0
152
170
0
154
349
0
0
0
0
191
138
89
179
141
0
0
191
196
198
0
192
0
209
0
166
0
137
138
97
0
245
0
0
0
0
193
378
0
0
0
222
0
0
165
142
256
0
0
219
0
163
178
171
121
0
167
0
124
145
0
254
0
0
219
0
248
0
175
0
135
193
0
153
183
357
0
0
0
147
179
0
126
129
222
0
202
0
0
158
93
122
188
0
177
0
208
0
0
304
0
0
0
143
156
0
139
193
0
168
199
93
259
0
0
0
183
0
112
147
0
87
177
152
0
101
0
110
220
0
85
212
0
132
199
351
0
0
0
0
0
182
165
111
139
135
195
272
0
0
0
97
137
133
150
283
0
0
0
110
197
169
185
128
141
143
0
185
179
187
0
192
153
128
112
145
0
370
0
0
0
166
207
0
154
138
0
138
290
0
0
187
0
179
182
182
142
0
91
172
184
187
316
0
0
0
0
208
0
172
162
127
183
188
0
128
153
0
247
0
172
130
0
0
183
116
0
200
0
0
0
199
0
282
0
0
274
0
129
189
116
194
86
199
0
232
0
0
0
231
0
225
0
174
216
0
88
159
146
178
122
177
157
238
0
112
225
0
253
0
0
123
127
199
0
147
198
0
117
219
0
106
148
88
173
0
144
170
0
160
0
0
191
0
146
141
195
155
121
158
0
136
258
0
0
85
148
0
133
0
113
102
216
0
131
174
0
163
0
170
149
196
0
190
0
246
0
0
157
195
0
195
184
176
0
196
136
107
221
0
113
195
155
134
239
0
0
193
196
201
0
129
230
0
191
0
0
195
178
103
305
0
0
0
187
181
0
267
0
0
135
100
224
0
0
358
0
0
0
194
219
0
0
218
0
144
181
0
326
0
0
106
0
248
0
0
267
0
200
0
0
180
229
0
128
244
0
0
208
0
218
0
147
127
0
136
0
199
0
313
0
0
0
186
0
193
236
0
0
139
218
0
163
134
304
0
0
0
227
0
177
102
0
110
164
266
0
0
0
0
0
113
251
0
140
164
129
85
90
0
112
92
102
121
204
0
0
165
0
114
186
0
196
0
0
162
267
0
197
98
202
0
0
167
103
142
168
115
332
0
0
0
0
246
0
155
0
217
0
0
0
120
208
0
200
0
181
0
223
0
312
0
0
0
165
125
139
175
185
0
147
174
110
0
192
0
0
0
187
311
0
0
152
174
0
148
392
0
0
0
0
171
0
0
0
266
0
0
137
92
274
0
0
251
0
106
98
207
0
0
158
205
0
132
121
121
198
171
190
0
172
141
153
97
85
174
0
221
0
0
170
0
168
140
0
240
0
135
282
0
0
232
0
133
172
289
0
0
0
140
272
0
0
123
300
0
0
0
89
116
192
179
182
93
160
308
0
0
99
192
0
102
184
0
151
0
112
229
0
0
0
233
0
136
175
0
171
136
196
210
0
0
105
0
236
0
0
184
161
0
144
169
198
105
145
107
266
0
0
209
0
0
254
0
0
179
182
270
0
0
0
0
214
0
0
159
191
220
0
0
97
389
0
0
0
0
0
115
289
0
0
177
0
166
133
0
0
151
0
242
0
111
179
98
212
0
0
158
149
0
108
0
196
194
0
93
108
175
100
164
198
0
98
130
206
0
0
0
0
247
0
0
193
95
414
0
0
0
0
0
0
242
0
0
133
0
168
128
198
246
0
0
0
150
0
0
117
105
194
0
157
106
176
424
0
0
0
0
0
139
0
178
200
0
0
0
219
0
163
214
0
123
289
0
0
0
0
154
0
405
0
0
0
0
0
0
194
0
229
0
199
0
108
184
195
163
149
0
154
134
144
156
148
169
156
221
0
118
0
176
251
0
101
130
117
210
0
165
126
154
131
177
168
275
0
0
0
0
0
167
0
195
0
156
120
135
98
276
0
0
0
165
0
170
97
171
175
177
0
163
0
0
88
298
0
0
0
0
183
178
0
152
0
201
0
268
0
0
0
0
181
0
107
183
0
129
145
0
123
184
180
151
0
166
188
234
0
165
156
227
0
218
0
205
0
0
119
0
167
0
182
0
93
147
243
0
166
269
0
0
124
93
155
0
151
85
194
135
227
0
0
176
0
129
171
186
0
190
196
145
111
95
372
0
0
0
121
170
90
178
0
171
134
195
112
101
111
215
0
0
246
0
157
190
0
0
178
252
0
247
0
0
134
0
259
0
0
182
192
0
181
195
141
164
86
86
136
114
270
0
0
300
0
0
103
195
186
149
140
0
95
189
0
94
0
210
0
155
0
194
90
0
115
182
0
0
167
107
155
117
201
0
144
441
0
0
0
0
0
214
0
179
0
200
0
99
229
0
0
151
0
265
0
0
96
176
394
0
0
0
0
170
151
0
86
187
109
305
0
0
144
116
116
126
193
90
177
0
168
193
88
142
0
234
0
0
261
0
0
172
174
0
400
0
0
0
0
167
0
255
0
209
0
0
168
122
158
253
0
0
139
93
111
196
0
0
293
0
0
374
0
0
0
0
0
202
0
0
0
159
166
244
0
0
130
285
0
0
0
108
128
0
172
93
206
0
238
0
88
168
192
174
181
0
172
0
259
0
0
173
156
0
187
381
0
0
0
0
0
0
160
172
217
0
0
0
0
151
214
0
129
191
0
0
0
190
159
0
125
154
140
208
0
135
121
182
0
141
168
140
0
141
242
0
123
213
0
165
0
192
181
103
168
254
0
0
0
241
0
145
154
120
128
0
171
95
174
240
0
0
189
118
106
0
197
0
200
0
0
187
157
193
192
0
0
174
145
0
130
0
206
0
200
0
110
89
114
275
0
0
0
184
304
0
0
0
162
183
382
0
0
0
0
144
236
0
123
174
0
0
173
0
163
237
0
128
113
196
173
0
124
254
0
186
252
0
203
0
0
163
0
169
0
160
245
0
0
214
0
0
0
171
0
262
0
0
127
146
176
0
95
107
200
0
0
215
0
243
0
0
193
0
0
117
160
0
101
335
0
0
0
0
0
0
176
183
176
191
123
251
0
0
141
239
0
0
0
0
184
0
0
203
0
218
0
0
0
122
0
130
100
191
205
0
188
192
0
298
0
0
0
196
0
0
141
155
0
185
0
119
96
118
145
0
121
183
312
0
0
0
154
154
0
198
0
112
146
0
110
0
187
245
0
0
0
208
0
0
125
0
182
0
158
94
217
0
195
265
0
0
298
0
0
0
192
350
0
0
0
129
91
162
302
0
0
330
0
0
0
0
154
0
141
224
0
168
473
0
0
0
0
140
108
0
136
153
199
304
0
0
0
114
130
0
91
106
243
0
0
165
0
104
257
0
237
0
0
0
105
180
0
127
192
259
0
0
0
0
110
150
153
331
0
0
0
187
180
0
133
0
0
436
0
0
0
0
167
0
116
189
114
96
0
192
0
107
0
159
0
170
105
102
289
0
0
0
0
99
89
161
0
109
212
0
113
191
138
239
0
0
172
0
0
122
126
225
0
0
165
233
0
158
0
219
0
185
258
0
154
93
143
113
234
0
0
348
0
0
0
135
0
192
96
197
184
0
254
0
173
137
0
143
108
150
181
371
0
0
0
0
125
180
125
181
0
143
194
129
218
0
0
136
96
162
168
0
132
0
160
178
183
119
0
133
0
172
86
193
161
134
245
0
0
103
0
198
181
183
156
492
0
0
0
0
0
0
0
128
210
0
146
254
0
249
0
286
0
0
99
322
0
0
0
156
0
198
142
173
0
148
200
0
219
0
288
0
0
286
0
0
128
123
128
266
0
0
0
159
356
0
0
0
0
0
0
128
349
0
0
0
0
0
156
164
262
0
100
169
162
260
0
0
152
0
157
147
259
0
0
271
0
0
138
325
0
0
0
96
139
0
169
0
132
351
0
0
0
0
167
145
120
0
0
216
0
108
271
0
340
0
0
0
94
158
93
185
0
0
0
119
0
122
95
134
196
191
0
100
205
0
85
231
0
213
0
0
0
197
149
97
195
184
183
162
181
0
0
115
375
0
0
0
109
106
105
194
167
105
0
200
0
91
105
0
334
0
0
0
427
0
0
0
0
0
205
0
195
141
98
141
0
136
294
0
0
148
244
0
193
134
194
99
191
121
152
110
153
0
131
140
0
146
298
0
0
180
0
243
0
0
0
410
0
0
0
0
0
0
224
0
237
0
0
105
265
0
0
0
0
191
177
94
128
174
260
0
0
175
135
188
0
115
0
93
199
125
93
221
0
316
0
0
109
107
0
146
113
163
0
118
500
0
0
0
0
0
0
138
227
0
158
126
104
164
123
0
156
219
0
0
332
0
0
0
237
0
0
103
176
0
163
191
130
0
141
154
0
275
0
0
0
124
143
0
119
168
131
161
182
0
180
0
297
0
0
0
160
161
191
167
249
0
0
135
169
161
0
110
107
132
151
143
231
0
0
0
154
193
257
0
140
97
218
0
0
96
113
113
193
0
132
85
190
105
131
137
222
0
132
92
136
137
130
0
191
0
197
188
118
122
0
147
0
138
116
315
0
0
226
0
186
0
117
164
89
181
132
250
0
139
175
140
107
222
0
131
0
167
0
202
0
91
104
99
247
0
0
0
149
0
239
0
97
101
101
131
0
193
215
0
171
0
119
123
178
154
147
241
0
0
140
143
0
0
178
116
121
199
0
0
135
93
244
0
237
0
162
173
0
151
165
208
0
117
167
93
96
151
97
175
193
0
90
180
89
97
142
0
183
0
0
149
253
0
0
262
0
0
0
124
175
117
198
0
105
191
133
198
197
0
122
85
125
153
0
142
0
135
131
0
175
168
0
175
182
191
119
155
119
420
0
0
0
0
0
0
251
0
0
251
0
416
0
0
0
0
0
0
277
0
0
0
186
172
117
0
98
358
0
0
0
197
0
217
0
0
163
0
0
170
191
140
161
0
0
140
151
132
128
186
150
87
135
123
215
0
0
231
0
154
124
150
149
265
0
0
0
119
279
0
0
163
125
0
160
236
0
233
0
123
142
202
0
113
136
249
0
212
0
176
140
232
0
111
199
238
0
269
0
0
464
0
0
0
0
0
125
0
208
0
88
226
0
0
0
156
0
135
0
183
0
0
179
197
150
198
0
120
136
182
204
0
172
165
252
0
122
0
251
0
0
154
85
88
206
0
179
0
210
0
0
0
191
167
0
0
168
155
0
168
317
0
0
0
0
0
274
0
0
0
180
0
185
287
0
0
0
186
159
0
0
192
192
117
104
105
136
0
225
0
123
179
148
196
0
148
0
101
171
154
86
120
162
190
122
165
210
0
0
86
175
105
0
0
230
0
140
112
295
0
0
0
107
188
0
89
190
0
128
271
0
0
131
191
85
147
135
174
191
0
111
117
0
299
0
0
113
171
143
218
0
115
108
197
140
180
0
0
0
250
0
0
171
212
0
113
340
0
0
216
0
159
140
232
0
0
196
0
0
212
0
0
183
192
0
0
136
121
0
112
105
117
189
0
0
0
100
93
0
267
0
0
0
102
107
199
352
0
0
0
0
0
145
90
151
0
156
0
187
170
0
178
0
312
0
0
0
0
199
189
265
0
0
163
208
0
0
111
0
186
154
194
0
129
0
100
408
0
0
0
99
247
0
0
243
0
0
159
98
198
0
221
0
89
0
153
181
0
363
0
0
0
285
0
0
291
0
0
0
210
0
211
0
0
120
0
119
174
0
91
318
0
0
0
108
171
0
0
177
211
0
348
0
0
0
0
0
169
318
0
0
0
224
0
376
0
0
0
0
0
323
0
0
150
168
191
174
155
0
190
217
0
187
88
116
0
199
125
106
250
0
0
156
133
0
122
175
180
0
95
130
0
190
204
0
0
291
0
0
159
109
110
187
309
0
0
0
139
157
0
0
381
0
0
0
125
155
201
0
0
123
189
0
199
154
0
0
0
171
273
0
0
189
168
230
0
270
0
0
273
0
0
190
0
296
0
0
152
100
88
98
106
186
187
243
0
304
0
0
130
115
0
179
0
262
0
131
404
0
0
0
0
0
0
0
209
0
117
158
224
0
175
187
0
157
0
349
0
0
0
0
0
138
219
0
0
190
284
0
0
193
361
0
0
0
0
0
116
0
185
113
132
126
108
162
0
0
126
129
0
144
108
139
106
157
123
0
180
112
404
0
0
0
0
0
149
165
102
171
0
182
193
198
204
0
170
177
326
0
0
0
0
0
129
0
195
192
0
154
0
226
0
168
157
0
0
206
0
0
187
0
0
108
170
135
246
0
197
157
333
0
0
0
0
213
0
0
0
0
0
187
0
190
0
143
207
0
163
172
176
192
0
0
156
303
0
0
113
119
0
117
156
161
0
0
0
157
133
153
179
155
0
107
125
107
207
0
0
212
0
152
169
270
0
0
153
180
111
157
0
360
0
0
0
0
170
253
0
0
124
256
0
170
181
172
138
146
291
0
0
0
198
0
265
0
0
111
196
346
0
0
0
0
86
168
153
88
97
226
0
0
199
0
295
0
0
105
144
125
85
176
178
182
0
151
159
143
0
131
303
0
0
192
0
198
102
239
0
0
252
0
165
0
198
98
212
0
0
133
129
159
129
119
0
162
163
163
163
256
0
0
0
92
151
0
180
0
0
279
0
0
193
88
189
139
185
98
0
214
0
0
0
93
147
0
201
0
150
207
0
345
0
0
0
127
154
100
172
167
110
167
126
167
194
0
104
152
288
0
0
0
0
163
97
194
0
327
0
0
197
120
122
115
279
0
0
150
169
0
109
187
94
235
0
175
0
0
223
0
85
154
0
142
0
101
182
191
0
0
163
0
180
0
110
273
0
0
236
0
268
0
192
117
123
194
240
0
0
190
160
130
102
158
0
183
0
243
0
0
0
370
0
0
0
0
118
225
0
100
0
230
0
276
0
0
0
152
0
0
191
216
0
160
0
250
0
97
179
345
0
0
0
201
0
0
0
98
187
0
249
0
180
0
269
0
0
0
0
153
0
86
162
0
116
122
0
0
213
0
94
140
152
0
245
0
0
222
0
0
110
112
170
0
125
0
171
169
0
130
184
0
99
0
92
99
90
164
191
130
341
0
0
0
180
0
195
136
138
208
0
0
0
107
0
107
262
0
279
0
161
151
0
475
0
0
0
0
0
0
162
185
0
137
0
175
0
143
0
123
165
243
0
239
0
0
169
0
192
244
0
275
0
0
0
0
147
98
97
99
270
0
205
0
95
268
0
145
161
166
347
0
0
0
0
163
0
0
138
93
234
0
181
152
198
161
274
0
0
279
0
0
374
0
0
0
0
103
85
167
0
150
196
0
145
140
182
104
282
0
0
151
164
0
248
0
0
96
168
0
304
0
0
0
139
0
181
0
194
173
106
155
101
178
216
0
240
0
0
0
101
97
215
0
167
0
111
174
0
188
0
0
127
313
0
0
187
0
186
128
191
190
0
189
191
85
141
188
0
0
132
192
118
99
210
0
160
148
0
152
116
209
0
108
223
0
183
124
554
0
0
0
0
0
0
0
0
0
100
300
0
0
0
102
175
133
162
194
134
173
0
162
176
136
179
166
297
0
0
101
113
0
215
0
0
197
0
0
177
0
180
0
131
0
0
182
0
218
0
412
0
0
0
0
0
181
205
0
0
186
0
133
146
158
98
118
187
167
251
0
0
0
0
145
171
219
0
219
0
0
0
93
94
127
0
163
0
235
0
0
0
117
190
0
189
0
214
0
0
90
188
157
103
92
231
0
123
89
254
0
307
0
0
270
0
0
180
0
240
0
0
121
0
267
0
0
136
0
211
0
294
0
0
0
97
153
193
104
240
0
325
0
0
148
300
0
0
126
209
0
178
149
0
267
0
0
103
145
137
209
0
182
178
0
114
87
143
208
0
0
207
0
286
0
0
233
0
224
0
0
148
0
164
88
164
0
145
131
154
154
139
121
153
0
109
88
85
208
0
252
0
0
189
147
92
148
0
164
0
243
0
175
0
203
0
0
210
0
192
218
0
0
143
0
189
0
190
175
99
158
0
187
0
149
151
172
139
117
106
0
194
0
145
92
90
231
0
0
0
262
0
0
0
101
119
0
184
108
95
90
119
259
0
0
277
0
0
128
231
0
0
185
127
183
0
114
107
102
197
293
0
0
102
242
0
0
190
237
0
346
0
0
0
0
168
117
196
0
202
0
93
175
270
0
0
0
147
188
0
90
105
0
164
173
0
0
160
230
0
186
151
257
0
0
109
91
166
130
110
197
211
0
0
123
222
0
171
0
181
0
406
0
0
0
107
172
0
104
132
324
0
0
102
156
198
137
134
187
112
202
0
0
99
232
0
0
242
0
0
0
157
0
116
87
188
269
0
0
0
105
0
282
0
0
0
125
109
152
117
102
176
0
355
0
0
0
0
163
187
140
165
152
159
0
0
151
0
148
192
207
0
0
226
0
148
116
0
195
168
0
0
0
0
180
201
0
168
239
0
0
279
0
0
0
256
0
130
176
138
98
196
0
0
187
114
107
143
178
275
0
0
93
153
94
198
0
181
0
152
0
90
0
90
493
0
0
0
0
0
0
0
0
0
102
99
252
0
156
0
255
0
0
183
91
133
98
146
0
202
0
319
0
0
0
144
0
182
172
0
108
0
174
152
155
0
138
0
0
215
0
194
341
0
0
177
0
122
0
164
157
231
0
0
0
178
172
141
149
0
103
130
176
0
223
0
124
139
187
0
0
184
300
0
0
0
0
148
160
0
0
131
215
0
137
188
0
180
0
216
0
128
166
102
108
335
0
0
0
103
136
108
225
0
0
185
161
150
184
0
0
122
115
89
170
227
0
0
183
0
0
119
0
102
127
182
0
85
352
0
0
0
0
0
293
0
0
0
354
0
0
0
179
197
0
116
129
0
94
236
0
160
167
90
132
179
182
162
0
167
0
132
156
307
0
0
0
163
126
181
189
0
299
0
0
254
0
0
196
177
197
0
97
140
192
0
396
0
0
0
0
0
0
0
0
188
0
0
103
140
187
89
197
0
0
0
160
144
179
133
190
177
198
0
0
92
168
0
166
0
130
197
111
166
0
178
169
0
357
0
0
0
0
242
0
166
0
112
132
120
295
0
0
0
0
136
196
196
265
0
0
118
142
136
145
253
0
0
206
0
92
184
0
93
171
155
0
202
0
211
0
98
120
272
0
174
102
0
133
88
148
153
239
0
193
0
210
0
0
221
0
154
140
0
179
92
198
136
163
191
136
174
0
155
145
161
109
0
171
180
0
137
0
99
214
0
101
124
207
0
194
0
0
134
238
0
170
191
0
0
0
200
0
0
182
127
209
0
169
137
164
109
119
138
92
151
0
0
0
196
243
0
0
208
0
125
85
117
160
100
150
0
113
151
192
0
195
0
0
179
0
231
0
0
226
0
205
0
0
100
167
157
198
92
274
0
141
0
161
0
123
177
0
122
102
241
0
218
0
207
0
0
199
97
156
0
89
145
0
239
0
108
188
171
0
173
0
0
99
189
210
0
192
0
0
147
426
0
0
0
0
207
0
165
209
0
161
182
107
127
175
274
0
0
139
101
171
0
182
208
0
196
0
0
116
241
0
168
211
0
171
269
0
0
0
0
122
127
0
225
0
181
198
107
166
298
0
0
161
245
0
162
0
0
276
0
0
136
275
0
0
0
149
262
0
120
112
138
222
0
134
471
0
0
0
0
0
0
0
0
90
174
0
0
256
0
139
135
243
0
185
138
145
183
161
0
145
200
0
208
0
96
189
177
0
0
160
0
104
95
154
320
0
0
0
196
228
0
186
177
198
157
190
174
0
150
145
172
194
104
257
0
231
0
98
87
149
159
98
115
195
0
140
199
219
0
100
0
193
187
0
0
252
0
0
0
86
147
164
266
0
162
147
175
162
167
299
0
0
0
194
159
0
170
157
123
130
0
342
0
0
0
272
0
0
0
153
136
277
0
109
0
331
0
0
0
138
0
108
166
176
0
0
140
160
100
218
0
120
0
106
135
195
151
0
0
155
215
0
115
188
200
0
125
0
119
226
0
0
124
198
0
0
106
172
89
119
0
195
140
156
171
97
122
181
0
124
164
0
0
93
132
154
254
0
0
152
193
114
125
95
105
197
144
105
0
152
0
162
205
0
278
0
0
0
0
0
0
148
0
165
0
262
0
0
0
159
226
0
0
128
180
112
173
224
0
149
88
160
287
0
0
187
160
0
183
0
199
0
0
0
0
168
102
90
119
0
99
0
235
0
123
177
123
164
165
137
0
174
172
168
119
0
145
0
136
189
163
196
142
168
208
0
0
148
0
141
0
217
0
168
275
0
0
0
118
144
165
0
116
0
192
0
202
0
0
0
153
189
0
183
214
0
137
193
232
0
0
200
0
321
0
0
0
0
252
0
0
140
0
213
0
249
0
120
232
0
222
0
0
0
0
95
175
0
168
0
207
0
163
0
225
0
209
0
404
0
0
0
0
0
199
0
170
124
168
129
143
0
283
0
0
176
119
121
128
237
0
195
0
125
103
149
250
0
87
233
0
0
148
0
112
202
0
244
0
0
0
0
142
146
86
248
0
0
175
0
189
123
210
0
0
170
0
194
0
162
0
181
0
139
97
260
0
144
171
0
95
107
91
370
0
0
0
137
0
0
0
104
159
159
166
0
177
392
0
0
0
182
0
422
0
0
0
0
0
0
128
183
0
187
181
0
215
0
0
0
152
191
0
0
180
185
141
99
176
0
99
232
0
211
0
0
0
131
101
121
190
0
182
190
182
90
201
0
122
0
265
0
0
153
100
262
0
0
175
0
220
0
0
163
188
0
163
0
88
148
0
107
108
0
96
149
176
178
127
126
92
173
245
0
207
0
304
0
0
0
0
178
0
113
186
140
168
0
149
128
150
0
92
283
0
0
185
0
127
0
405
0
0
0
0
0
191
0
0
248
0
0
96
178
117
153
155
175
0
188
0
164
0
184
213
0
0
0
220
0
199
236
0
333
0
0
0
0
229
0
0
0
315
0
0
0
0
393
0
0
0
0
114
260
0
152
220
0
172
138
138
264
0
0
160
0
175
0
0
197
0
106
133
184
245
0
161
176
190
170
0
163
117
0
311
0
0
0
240
0
154
0
169
94
112
164
0
159
0
150
133
0
172
0
140
0
105
0
139
171
0
0
222
0
0
0
0
167
256
0
156
169
0
131
103
102
129
280
0
0
0
0
97
136
130
355
0
0
0
116
165
0
0
162
108
200
0
178
132
195
223
0
243
0
0
0
221
0
253
0
202
0
328
0
0
0
0
153
162
0
394
0
0
0
0
0
191
102
97
192
0
234
0
195
173
198
0
223
0
0
387
0
0
0
0
0
167
101
179
193
202
0
0
151
218
0
0
194
180
0
0
330
0
0
0
0
245
0
300
0
0
295
0
0
187
0
0
181
0
86
119
197
0
195
0
0
264
0
0
0
0
243
0
0
0
161
0
0
0
194
157
94
121
215
0
0
0
132
155
0
287
0
0
0
99
225
0
209
0
198
0
0
0
144
163
211
0
183
147
216
0
177
0
255
0
0
158
156
192
0
135
144
187
127
165
155
154
116
85
91
119
187
0
234
0
167
0
232
0
422
0
0
0
0
0
159
0
135
0
193
109
254
0
141
0
136
180
0
150
160
111
0
243
0
168
129
155
192
0
222
0
190
103
98
180
93
310
0
0
0
175
128
166
0
205
0
136
195
173
0
0
0
174
163
0
283
0
0
195
0
0
136
107
166
191
87
162
100
180
112
152
107
109
173
200
0
0
119
94
0
231
0
179
156
164
0
168
101
147
120
124
201
0
219
0
143
96
170
183
127
107
0
132
190
91
217
0
87
111
98
404
0
0
0
118
116
126
91
174
0
183
188
117
113
187
0
175
0
0
181
0
0
144
157
0
138
165
245
0
198
0
137
180
93
187
0
264
0
0
0
0
156
144
0
179
187
93
173
144
0
119
181
228
0
180
0
165
285
0
0
139
104
0
266
0
0
138
197
0
146
147
0
129
116
198
86
132
206
0
0
0
117
86
119
168
174
0
220
0
145
361
0
0
0
0
0
143
0
0
98
346
0
0
0
140
183
0
0
244
0
0
245
0
0
189
336
0
0
0
0
164
123
503
0
0
0
0
0
0
0
0
136
0
158
112
123
0
0
135
149
0
0
124
0
0
191
0
318
0
0
184
130
229
0
0
0
183
179
160
187
149
188
157
559
0
0
0
0
0
0
91
155
165
0
166
0
98
105
168
373
0
0
0
141
192
143
174
0
101
113
0
241
0
0
219
0
171
182
105
182
140
172
195
0
0
113
161
102
192
377
0
0
0
185
124
168
337
0
0
0
0
0
0
181
0
148
120
181
0
153
285
0
0
167
199
0
125
155
180
114
121
140
194
216
0
0
192
198
193
90
173
185
0
0
96
152
321
0
0
0
0
181
0
121
0
112
0
397
0
0
0
0
0
0
278
0
0
176
136
164
229
0
0
187
103
93
85
147
138
0
170
320
0
0
0
157
224
0
158
118
0
395
0
0
0
0
0
0
0
251
0
0
143
108
212
0
254
0
282
0
0
0
183
179
150
179
164
167
188
272
0
0
0
279
0
0
170
188
0
0
0
0
141
165
196
0
224
0
0
124
345
0
0
0
282
0
0
0
0
156
0
143
94
146
251
0
0
0
92
123
0
102
151
91
161
89
206
0
139
214
0
0
266
0
0
0
240
0
197
0
365
0
0
0
0
108
195
134
143
95
156
169
102
300
0
0
0
0
145
0
377
0
0
0
0
97
173
139
236
0
132
0
169
125
0
207
0
102
127
253
0
0
0
186
0
316
0
0
0
0
0
144
0
156
164
0
0
345
0
0
194
231
0
0
143
230
0
194
0
0
213
0
0
0
238
0
0
172
131
88
174
176
0
123
154
0
160
221
0
151
515
0
0
0
0
0
0
0
0
0
0
0
0
0
196
0
99
196
227
0
162
0
178
289
0
0
0
0
128
108
123
105
147
0
0
138
0
0
272
0
0
154
114
99
218
0
0
198
144
0
145
0
258
0
0
0
183
171
0
152
116
114
0
129
0
214
0
155
197
186
0
102
122
94
148
230
0
229
0
282
0
0
86
178
0
243
0
192
417
0
0
0
0
0
229
0
0
123
197
0
249
0
0
318
0
0
0
187
166
130
0
225
0
194
166
117
201
0
0
257
0
195
159
0
159
187
0
127
155
0
148
112
178
0
193
0
192
125
0
145
0
277
0
160
166
184
181
178
0
0
209
0
0
183
0
227
0
229
0
0
163
108
148
130
0
159
188
191
377
0
0
0
0
0
99
212
0
123
206
0
176
197
0
355
0
0
0
0
0
146
0
185
0
174
0
187
0
246
0
191
0
153
0
139
160
127
232
0
134
110
185
224
0
141
167
0
0
128
186
197
148
179
162
0
118
143
138
0
205
0
166
88
197
211
0
136
116
181
0
200
0
157
0
205
0
0
0
173
158
198
101
176
154
142
136
166
86
242
0
0
138
0
0
118
0
195
0
0
86
125
0
177
198
110
232
0
0
204
0
121
137
128
119
92
185
0
274
0
0
0
141
101
167
0
0
0
172
165
126
94
98
169
162
174
194
0
0
166
146
140
87
185
0
189
126
177
0
0
197
218
0
0
161
152
0
106
157
233
0
166
173
216
0
0
176
0
136
89
141
172
231
0
180
0
88
127
86
175
0
152
139
229
0
86
158
103
178
0
150
0
159
142
174
92
264
0
0
0
188
188
145
147
252
0
140
148
188
205
0
109
229
0
195
0
136
194
145
189
86
348
0
0
0
0
0
193
127
315
0
0
99
191
99
0
242
0
105
207
0
0
183
312
0
0
171
144
0
0
161
0
94
198
429
0
0
0
0
0
0
0
0
176
174
0
119
0
137
105
170
0
202
0
120
229
0
135
242
0
161
0
280
0
0
0
0
93
216
0
0
194
179
111
146
164
143
377
0
0
0
0
114
118
165
0
90
226
0
143
207
0
196
151
309
0
0
0
0
180
258
0
132
0
133
103
159
159
0
196
147
197
0
195
103
193
0
147
216
0
0
210
0
198
0
174
116
193
0
125
212
0
0
88
0
187
125
164
138
184
262
0
191
0
0
114
166
0
100
162
0
134
195
88
207
0
197
263
0
0
190
97
91
113
128
178
302
0
0
287
0
0
0
125
97
316
0
0
0
0
0
233
0
0
0
169
92
295
0
0
203
0
174
354
0
0
0
0
131
0
111
171
86
238
0
0
0
162
0
91
110
100
175
282
0
0
0
0
156
0
150
155
0
0
191
194
240
0
184
190
198
0
0
99
206
0
120
119
174
196
126
172
91
181
0
189
132
0
252
0
0
114
153
257
0
0
148
150
122
169
146
0
141
0
185
0
150
190
0
196
0
0
104
96
88
180
366
0
0
0
0
174
0
205
0
202
0
170
178
199
313
0
0
292
0
0
307
0
0
0
109
0
96
155
180
164
0
98
0
189
0
0
0
92
175
0
168
244
0
0
260
0
0
128
100
0
165
115
244
0
0
112
0
179
206
0
0
180
0
106
166
378
0
0
0
0
0
136
92
145
0
0
169
129
188
138
175
161
260
0
0
162
103
270
0
0
0
0
180
0
185
0
194
207
0
134
93
261
0
0
150
0
181
383
0
0
0
125
128
145
92
123
111
153
155
244
0
152
127
92
169
164
0
149
145
175
163
0
0
0
166
0
284
0
0
0
231
0
0
0
150
169
167
0
87
98
194
148
131
160
156
0
144
184
141
0
183
135
0
144
0
179
126
102
114
249
0
0
120
0
179
167
173
188
92
90
125
186
0
85
214
0
0
119
0
123
191
0
0
0
113
109
261
0
0
158
87
138
248
0
0
155
146
110
183
0
0
114
0
195
0
215
0
154
0
150
244
0
206
0
170
121
188
0
202
0
184
138
124
177
192
0
180
0
134
0
0
180
0
120
280
0
0
0
113
203
0
192
159
187
261
0
190
173
107
96
136
177
226
0
0
138
94
124
152
99
274
0
0
0
121
162
0
133
464
0
0
0
0
0
0
169
0
392
0
0
0
0
0
0
143
88
302
0
0
0
162
216
0
148
0
161
0
167
159
93
133
171
184
0
0
0
185
0
171
160
150
0
88
107
170
0
130
178
139
0
357
0
0
0
0
0
0
128
127
90
189
0
194
104
242
0
0
0
0
0
0
123
248
0
174
148
186
0
138
120
85
127
135
165
0
215
0
112
149
133
167
0
90
257
0
0
124
231
0
0
0
104
150
178
176
211
0
102
142
172
250
0
0
173
0
308
0
0
0
0
158
130
95
147
266
0
0
0
119
269
0
194
95
145
255
0
184
107
0
166
179
159
226
0
0
0
114
181
87
219
0
0
104
213
0
146
425
0
0
0
0
0
198
0
0
117
242
0
172
171
150
251
0
0
125
0
149
0
93
274
0
0
0
91
287
0
0
0
139
121
0
94
199
266
0
204
0
217
0
0
184
183
103
201
0
244
0
0
0
254
0
0
179
0
134
143
141
0
182
103
205
0
243
0
0
0
181
156
128
251
0
174
198
121
0
99
185
0
182
0
86
118
190
191
0
101
0
239
0
0
171
0
164
225
0
99
207
0
175
0
128
330
0
0
0
0
95
131
180
168
0
113
186
236
0
0
0
274
0
0
132
140
0
132
349
0
0
0
0
0
0
150
110
0
143
189
0
139
85
132
237
0
0
0
133
0
149
203
0
243
0
0
192
0
161
0
133
165
0
138
121
157
0
0
162
202
0
159
165
197
152
188
222
0
0
0
245
0
123
258
0
0
235
0
85
146
114
128
112
176
91
89
0
98
247
0
0
164
0
201
0
117
194
0
240
0
192
185
211
0
162
114
147
0
0
204
0
0
0
110
172
254
0
186
125
132
162
146
359
0
0
0
179
0
164
189
299
0
0
0
0
131
151
156
166
102
0
232
0
154
119
0
199
166
202
0
211
0
156
117
193
327
0
0
0
195
0
362
0
0
0
142
159
267
0
141
129
195
185
221
0
0
0
147
0
0
278
0
215
0
0
0
0
118
195
168
0
0
186
126
240
0
0
122
0
175
161
113
162
379
0
0
0
0
151
88
189
134
0
149
176
175
109
282
0
0
273
0
0
141
136
175
146
132
167
203
0
155
87
188
187
96
182
232
0
0
208
0
89
104
117
96
190
91
196
186
0
0
114
149
0
0
156
0
0
170
0
296
0
0
98
154
358
0
0
0
0
133
0
0
214
0
0
112
0
177
142
0
135
265
0
0
0
245
0
0
0
118
125
140
128
147
124
0
175
155
0
183
0
194
305
0
0
0
0
94
224
0
87
137
201
0
130
116
425
0
0
0
0
0
0
89
171
135
191
0
98
280
0
0
0
122
124
149
0
194
194
176
133
190
167
0
196
0
184
169
132
95
188
216
0
120
87
263
0
0
128
0
189
0
297
0
0
145
130
107
122
152
0
338
0
0
0
0
0
0
170
189
129
86
151
0
106
142
85
175
170
0
0
134
311
0
0
0
155
130
0
161
134
0
291
0
0
0
132
128
0
144
208
0
129
99
182
94
195
216
0
0
0
107
198
0
235
0
127
0
289
0
0
114
117
233
0
162
0
130
182
0
157
102
177
213
0
152
0
141
246
0
240
0
243
0
105
0
232
0
0
0
168
0
154
91
118
115
146
192
0
0
118
113
191
0
95
199
201
0
0
106
0
136
143
126
99
187
165
0
103
113
134
0
85
148
193
184
0
191
0
159
225
0
138
194
197
199
169
143
0
250
0
218
0
110
98
137
100
196
0
195
0
184
174
190
176
101
96
115
0
101
180
0
109
0
313
0
0
0
163
135
257
0
175
156
170
0
201
0
153
171
0
0
104
93
276
0
0
159
336
0
0
0
0
197
0
124
380
0
0
0
0
0
0
139
0
130
161
0
150
100
172
0
105
386
0
0
0
133
163
132
312
0
0
0
0
161
284
0
0
107
112
0
141
0
0
156
216
0
0
0
88
148
143
138
0
176
171
225
0
194
170
136
178
188
0
215
0
113
262
0
189
103
245
0
90
195
152
88
316
0
0
288
0
0
190
0
182
161
181
0
153
193
187
0
130
111
161
267
0
0
0
158
103
113
156
112
106
0
163
193
308
0
0
0
156
0
167
240
0
0
163
115
168
149
113
0
189
183
196
0
0
176
123
88
159
0
94
194
0
161
258
0
260
0
0
107
246
0
0
0
177
163
167
270
0
0
104
108
254
0
0
257
0
254
0
130
121
315
0
0
0
0
284
0
0
102
195
166
202
0
315
0
0
316
0
0
0
182
164
170
0
172
176
276
0
0
220
0
158
0
0
139
158
0
0
243
0
0
0
177
0
111
107
129
172
0
212
0
171
187
128
0
141
190
0
169
107
160
192
0
161
156
0
176
181
149
102
138
0
232
0
0
378
0
0
0
0
196
93
0
107
157
141
135
0
182
0
211
0
0
169
94
242
0
185
247
0
141
117
164
0
98
0
105
242
0
202
0
147
146
186
178
185
144
105
191
242
0
0
117
233
0
154
0
183
118
0
123
162
0
136
125
0
184
156
125
179
195
0
105
303
0
0
0
170
0
171
169
172
171
261
0
0
87
138
153
0
0
264
0
0
199
0
0
133
0
146
276
0
0
123
0
94
0
192
165
0
0
164
0
145
103
113
99
139
0
0
88
180
103
0
137
0
138
125
0
0
188
160
85
183
0
194
131
92
157
188
0
167
130
105
0
167
0
0
311
0
0
0
0
149
187
0
0
189
111
198
0
232
0
289
0
0
217
0
0
155
0
122
0
133
285
0
0
0
306
0
0
120
119
106
143
182
118
223
0
123
96
178
137
145
144
138
110
244
0
88
152
87
119
260
0
0
98
314
0
0
0
228
0
0
0
110
156
115
241
0
0
152
0
0
97
133
0
135
191
0
151
0
0
86
120
0
215
0
303
0
0
146
0
182
0
143
132
0
112
0
122
281
0
0
181
217
0
140
0
132
0
204
0
0
0
229
0
299
0
0
0
162
197
118
168
0
0
141
172
149
0
218
0
0
204
0
168
145
0
188
257
0
0
142
0
160
205
0
0
189
115
319
0
0
101
274
0
0
118
122
160
379
0
0
0
0
0
173
234
0
0
137
87
93
210
0
183
207
0
151
148
0
0
0
185
85
140
89
133
0
135
274
0
183
125
136
173
160
0
128
141
197
137
90
428
0
0
0
0
0
0
125
228
0
0
159
166
218
0
0
161
162
134
154
155
0
228
0
0
175
151
155
183
132
372
0
0
0
0
0
190
159
226
0
0
0
195
111
221
0
137
109
96
144
87
223
0
175
0
166
0
150
89
245
0
0
0
122
98
0
154
133
216
0
132
137
125
204
0
174
253
0
143
183
240
0
0
150
0
86
195
0
132
209
0
124
0
108
182
145
160
0
184
99
240
0
85
96
117
151
129
142
199
0
173
91
194
120
247
0
0
0
144
204
0
0
0
99
144
292
0
0
169
167
98
177
0
97
225
0
175
155
0
100
141
0
125
0
197
0
0
236
0
246
0
0
150
146
0
237
0
191
0
152
241
0
140
99
254
0
0
0
153
210
0
348
0
0
0
0
139
199
177
257
0
0
138
114
99
115
164
0
142
197
162
195
0
97
178
182
0
209
0
125
158
176
0
250
0
0
196
241
0
105
152
137
127
135
169
182
247
0
177
267
0
0
0
265
0
232
0
308
0
0
173
0
0
0
181
123
141
0
0
199
0
0
100
0
113
229
0
188
119
174
97
223
0
170
0
190
148
237
0
0
0
355
0
0
0
0
206
0
100
152
141
0
101
283
0
0
0
188
0
351
0
0
0
0
185
0
189
0
118
0
110
152
0
150
123
183
146
0
0
194
247
0
0
148
92
257
0
0
0
0
125
109
150
156
282
0
0
104
0
199
141
119
0
312
0
0
0
0
0
147
259
0
0
0
180
196
0
152
0
166
0
0
0
190
171
136
94
119
186
0
165
146
198
0
0
392
0
0
0
0
345
0
0
0
0
166
111
99
99
182
0
162
104
182
182
294
0
0
0
114
268
0
184
145
166
208
0
214
0
0
122
193
0
0
87
191
140
178
192
0
204
0
121
150
154
153
158
168
140
207
0
144
0
170
192
145
123
144
0
0
0
133
134
0
125
0
137
168
136
220
0
0
179
320
0
0
0
317
0
0
250
0
180
172
157
230
0
0
0
159
162
356
0
0
0
207
0
222
0
0
0
127
158
172
89
209
0
0
144
166
0
120
218
0
169
0
179
0
124
0
188
156
244
0
0
190
144
150
180
0
0
87
152
159
127
0
146
92
88
139
173
113
156
0
276
0
192
86
95
145
129
192
0
0
94
96
172
104
164
0
183
0
250
0
0
0
0
161
194
0
0
172
0
197
112
0
97
264
0
98
252
0
112
103
201
0
202
0
166
128
170
140
119
157
114
174
148
0
90
230
0
142
189
203
0
190
0
0
176
197
130
200
0
0
0
142
150
171
0
186
0
111
244
0
178
0
138
172
0
183
175
0
0
125
0
161
0
215
0
161
141
175
177
176
152
0
158
157
208
0
231
0
236
0
0
237
0
197
0
0
104
232
0
148
150
0
215
0
113
136
121
0
162
123
139
0
124
227
0
0
186
0
254
0
0
172
0
0
118
104
0
230
0
139
143
145
0
179
0
236
0
0
107
191
0
0
0
121
0
223
0
133
186
164
91
126
209
0
128
0
221
0
0
173
303
0
0
0
126
224
0
119
101
159
0
152
111
148
106
289
0
0
114
110
93
183
164
0
161
0
137
241
0
0
175
0
104
93
97
92
0
102
144
0
147
128
199
124
119
135
0
101
95
254
0
0
153
632
0
0
0
0
0
0
0
0
0
0
0
0
176
181
0
180
0
0
163
140
166
219
0
0
178
0
199
162
117
168
0
97
189
0
0
113
100
175
0
0
198
177
0
222
0
191
0
0
163
126
138
153
0
130
229
0
88
108
170
0
189
0
135
192
211
0
235
0
0
221
0
0
0
223
0
164
261
0
0
116
176
0
99
168
284
0
0
0
248
0
211
0
173
0
116
0
97
257
0
116
157
0
197
0
0
234
0
0
195
244
0
0
0
0
0
95
151
95
120
112
110
171
91
134
114
98
174
148
130
242
0
138
178
168
0
189
0
197
115
150
145
95
408
0
0
0
0
0
0
124
223
0
150
277
0
0
158
256
0
0
0
0
175
217
0
137
0
107
139
140
223
0
525
0
0
0
0
0
129
0
115
158
0
0
0
0
228
0
0
131
503
0
0
0
0
0
0
192
0
0
164
0
306
0
0
170
168
0
152
116
202
0
180
0
129
0
179
263
0
0
221
0
157
169
125
0
315
0
0
173
0
164
168
0
101
227
0
130
134
177
0
0
212
0
0
170
267
0
0
169
94
200
0
198
0
301
0
0
293
0
0
0
263
0
297
0
0
169
201
0
170
0
0
160
0
0
291
0
0
262
0
125
143
0
162
184
90
153
0
176
185
0
161
115
128
169
166
0
200
0
231
0
0
0
86
168
0
163
219
0
149
125
284
0
0
182
108
175
0
189
256
0
238
0
166
131
187
190
168
0
0
122
138
166
0
180
155
0
244
0
100
259
0
183
0
104
150
149
190
248
0
0
0
144
179
180
105
137
442
0
0
0
0
0
142
181
0
200
0
121
180
186
0
238
0
0
181
247
0
120
159
145
170
235
0
199
160
140
151
161
299
0
0
182
176
209
0
101
189
118
126
182
89
164
117
253
0
0
186
0
112
203
0
102
265
0
0
149
0
176
0
235
0
115
248
0
0
92
87
267
0
0
0
115
109
221
0
0
0
107
90
259
0
135
89
179
167
0
0
101
0
329
0
0
188
132
145
87
102
165
156
0
175
0
114
194
155
126
128
102
132
93
189
95
0
164
90
180
103
86
322
0
0
0
129
145
317
0
0
126
154
0
244
0
100
114
86
177
159
137
133
162
162
95
219
0
236
0
0
166
0
0
0
200
0
0
174
0
0
159
131
95
609
0
0
0
0
0
0
0
0
0
0
156
0
181
0
99
133
276
0
0
0
170
0
135
93
242
0
187
0
194
199
159
92
0
239
0
122
146
131
243
0
0
152
0
0
112
0
335
0
0
0
0
0
0
187
0
0
234
0
161
0
307
0
0
0
0
194
184
0
166
264
0
0
0
0
191
0
355
0
0
0
0
136
221
0
123
133
305
0
0
0
112
0
202
0
0
128
0
180
0
0
177
87
145
273
0
0
220
0
172
0
0
354
0
0
0
160
315
0
0
0
143
111
104
0
164
0
161
96
166
114
148
175
260
0
222
0
116
91
165
192
199
107
0
153
176
189
107
169
193
0
0
153
0
177
222
0
0
198
244
0
91
142
92
330
0
0
242
0
0
0
239
0
0
141
119
184
88
351
0
0
0
193
193
100
105
109
177
0
148
132
138
107
86
192
0
105
130
165
155
252
0
0
172
190
0
362
0
0
0
0
0
107
250
0
250
0
0
193
97
146
0
254
0
167
0
0
145
188
148
252
0
152
128
91
184
0
0
98
119
97
174
0
144
119
0
146
0
204
0
158
147
191
0
0
155
109
115
95
167
0
151
142
0
162
179
154
192
213
0
0
195
283
0
0
0
0
0
155
103
0
329
0
0
0
531
0
0
0
0
0
0
177
222
0
0
155
0
133
0
235
0
0
0
184
150
0
102
180
0
188
186
0
0
0
99
197
0
170
173
234
0
115
282
0
0
178
0
101
85
197
144
0
208
0
147
0
91
172
118
137
0
203
0
0
232
0
161
138
102
243
0
92
159
144
0
133
228
0
201
0
179
353
0
0
0
0
92
0
154
135
237
0
0
0
171
0
0
168
347
0
0
0
0
254
0
429
0
0
0
0
193
140
0
0
361
0
0
0
0
244
0
0
0
112
224
0
197
0
0
195
0
0
221
0
198
167
260
0
98
169
158
328
0
0
0
163
0
112
243
0
0
144
0
304
0
0
0
106
164
174
179
129
86
137
201
0
261
0
0
217
0
171
113
0
165
0
171
132
147
0
167
170
0
189
0
0
239
0
0
192
199
382
0
0
0
0
161
195
144
0
128
219
0
132
0
121
164
205
0
147
229
0
149
154
113
134
258
0
0
0
128
110
188
0
199
0
105
192
139
105
145
91
228
0
310
0
0
0
174
136
303
0
0
0
0
199
0
103
0
95
205
0
0
159
0
0
184
0
266
0
0
194
0
119
0
119
142
137
160
155
151
171
210
0
264
0
0
0
122
171
400
0
0
0
96
170
86
203
0
0
141
0
139
109
139
163
0
143
177
0
129
124
206
0
0
0
190
0
143
0
170
171
129
259
0
0
155
192
279
0
0
126
202
0
112
198
0
124
191
0
111
196
112
156
127
94
187
0
0
217
0
0
0
110
255
0
0
200
0
0
101
131
192
0
185
121
232
0
0
164
158
132
242
0
176
188
0
101
172
133
150
191
0
290
0
0
143
0
166
0
85
244
0
94
180
0
187
142
0
193
85
298
0
0
0
199
87
135
132
0
221
0
0
154
181
230
0
127
155
0
174
139
172
149
209
0
0
167
118
123
187
442
0
0
0
0
0
184
348
0
0
0
257
0
0
114
196
0
172
108
90
181
164
152
0
164
109
0
361
0
0
0
116
117
127
102
272
0
0
249
0
0
0
101
0
141
127
182
87
293
0
0
377
0
0
0
129
163
152
195
0
0
169
112
152
0
173
0
126
292
0
0
161
0
147
120
85
182
206
0
149
149
97
133
199
170
0
152
253
0
145
115
0
140
121
129
270
0
257
0
0
0
315
0
0
130
0
0
278
0
0
93
234
0
0
0
323
0
0
105
298
0
0
316
0
0
131
153
97
154
100
112
157
0
216
0
267
0
0
160
191
158
271
0
0
0
183
219
0
114
233
0
191
177
195
0
197
198
198
0
225
0
0
126
135
92
96
125
118
158
0
325
0
0
0
0
114
172
174
0
0
152
186
127
209
0
227
0
0
121
192
0
0
253
0
0
0
194
0
185
165
93
131
90
219
0
130
0
124
114
164
0
87
135
176
181
218
0
136
235
0
0
195
0
176
138
174
188
0
175
114
0
0
159
0
90
134
142
99
94
133
228
0
113
165
148
266
0
187
0
231
0
282
0
0
0
190
0
90
0
159
93
0
142
179
0
118
0
263
0
0
173
0
142
0
137
107
296
0
0
0
239
0
0
91
127
0
173
144
113
0
125
187
0
196
0
0
100
297
0
0
0
0
243
0
111
245
0
0
0
0
91
189
0
95
222
0
317
0
0
0
168
163
174
131
0
0
173
0
168
155
146
93
143
0
189
130
0
104
137
100
167
0
0
184
118
168
212
0
0
144
99
189
0
157
0
115
121
177
143
145
0
241
0
0
118
176
182
123
141
0
152
208
0
0
128
0
0
139
121
154
0
223
0
176
338
0
0
0
133
0
122
0
249
0
0
155
98
251
0
0
0
93
368
0
0
0
0
156
124
146
325
0
0
145
196
228
0
0
0
113
105
194
0
110
89
164
164
316
0
0
0
135
314
0
0
0
103
225
0
163
101
161
0
0
177
194
0
188
159
0
169
221
0
283
0
0
483
0
0
0
0
0
0
143
180
123
176
85
139
125
91
258
0
0
126
141
168
148
0
0
101
138
260
0
0
236
0
0
146
0
454
0
0
0
0
0
111
153
179
0
149
227
0
0
167
0
158
0
0
250
0
0
180
0
111
0
0
131
95
197
0
0
0
124
182
0
226
0
146
0
193
126
89
174
160
0
177
122
0
110
138
197
225
0
218
0
279
0
0
93
301
0
0
97
87
114
221
0
0
150
0
324
0
0
194
93
210
0
0
136
166
98
197
0
171
0
230
0
106
104
150
122
276
0
0
0
0
238
0
0
137
188
185
0
167
305
0
0
0
0
0
192
0
0
0
213
0
0
202
0
241
0
0
181
182
206
0
197
153
0
151
155
183
0
160
125
234
0
198
149
106
93
103
202
0
192
154
194
173
122
497
0
0
0
0
0
0
248
0
0
196
0
144
381
0
0
0
0
0
0
221
0
143
195
219
0
0
238
0
106
231
0
255
0
176
102
103
360
0
0
0
86
130
105
153
195
97
158
112
167
103
174
128
213
0
137
115
117
119
242
0
147
142
194
208
0
168
0
167
0
0
148
216
0
0
158
0
198
0
210
0
0
193
0
106
156
126
0
130
187
125
220
0
161
295
0
0
0
0
174
135
180
178
189
208
0
190
0
231
0
156
114
124
237
0
104
221
0
0
100
112
170
262
0
0
240
0
0
0
221
0
0
149
148
89
144
163
246
0
115
161
0
196
0
170
0
191
0
0
86
207
0
169
0
108
146
171
96
0
144
188
147
173
0
158
259
0
0
0
132
228
0
0
117
196
129
85
125
213
0
177
0
108
248
0
0
337
0
0
0
0
0
0
175
0
0
111
148
115
139
94
119
221
0
0
182
244
0
0
0
143
101
169
113
176
199
189
229
0
0
0
123
195
148
129
0
148
0
0
106
0
174
0
273
0
0
169
133
0
186
194
199
192
0
0
0
182
88
156
144
197
190
0
137
137
85
149
137
120
113
182
0
132
270
0
102
122
0
135
180
151
192
0
0
89
116
132
0
174
0
240
0
152
0
160
0
170
107
105
0
152
149
210
0
0
133
314
0
0
0
0
184
164
0
420
0
0
0
0
0
160
164
0
89
148
0
190
203
0
90
143
133
157
135
167
219
0
0
0
97
165
197
0
162
0
140
86
168
88
184
172
0
0
120
239
0
0
166
0
133
218
0
96
102
166
0
230
0
0
134
187
214
0
132
190
237
0
122
0
109
152
0
151
187
0
136
179
166
221
0
0
97
229
0
0
161
226
0
125
198
0
143
194
0
272
0
0
145
187
158
167
119
231
0
173
289
0
0
0
138
180
158
0
237
0
99
101
146
158
135
0
147
140
142
217
0
103
159
184
195
215
0
191
180
0
121
251
0
0
290
0
0
106
0
172
174
173
157
106
118
97
196
0
121
182
175
184
209
0
112
110
113
184
0
260
0
0
296
0
0
0
86
116
194
99
163
184
272
0
0
0
0
0
186
213
0
0
0
158
198
0
0
0
188
0
0
191
221
0
283
0
0
116
133
196
189
86
176
304
0
0
131
124
0
135
220
0
99
182
247
0
0
151
108
271
0
0
0
205
0
97
137
0
169
135
159
0
0
117
172
0
0
173
0
0
171
146
128
0
168
108
112
0
88
91
159
196
0
252
0
91
119
157
152
235
0
197
90
177
0
0
0
239
0
91
0
159
217
0
98
166
0
125
175
0
376
0
0
0
251
0
101
259
0
111
161
0
193
0
0
118
133
152
195
186
385
0
0
0
205
0
103
152
188
0
161
262
0
0
0
87
129
0
147
0
91
134
155
174
104
195
0
0
233
0
145
255
0
137
168
139
0
108
106
194
0
0
163
0
135
112
288
0
0
0
147
122
128
0
228
0
124
104
104
246
0
290
0
0
0
189
192
184
321
0
0
0
127
0
118
186
0
326
0
0
115
111
134
146
118
243
0
0
95
133
186
178
95
118
114
0
223
0
0
102
88
151
0
0
0
91
160
0
139
183
276
0
0
175
0
0
225
0
109
246
0
191
151
248
0
0
87
199
191
0
0
161
0
0
89
249
0
0
169
257
0
142
185
0
175
207
0
125
106
128
177
142
229
0
132
244
0
0
175
224
0
0
170
113
92
88
160
173
99
0
244
0
139
247
0
232
0
158
121
103
156
140
157
136
174
228
0
140
326
0
0
0
0
136
109
178
0
0
249
0
0
0
255
0
0
127
228
0
88
106
103
124
483
0
0
0
0
0
118
251
0
0
0
139
174
174
192
152
97
225
0
113
87
159
239
0
199
187
0
164
0
127
192
160
132
152
122
221
0
0
238
0
179
0
105
183
193
0
152
229
0
0
231
0
0
0
219
0
168
0
184
203
0
177
0
0
138
186
116
96
162
0
0
257
0
0
0
198
150
87
169
170
0
146
147
148
179
0
171
0
192
238
0
0
0
0
192
0
0
0
182
0
138
188
384
0
0
0
0
124
0
192
0
190
112
182
145
279
0
0
198
0
104
237
0
0
268
0
0
0
174
103
105
95
130
357
0
0
0
0
0
187
125
147
93
232
0
87
100
133
0
134
0
165
0
227
0
0
0
221
0
113
196
0
0
143
166
324
0
0
0
125
207
0
174
0
180
0
344
0
0
90
116
211
0
0
92
0
168
140
146
0
212
0
0
202
0
0
156
86
141
121
198
150
184
235
0
139
132
90
137
195
171
201
0
227
0
187
0
0
146
0
0
218
0
165
0
192
121
156
141
152
196
0
127
206
0
106
162
98
93
402
0
0
0
0
0
99
195
0
146
93
223
0
346
0
0
0
0
154
122
113
187
0
187
209
0
218
0
173
108
522
0
0
0
0
0
0
0
0
0
120
289
0
0
164
135
245
0
116
125
246
0
0
174
310
0
0
136
196
136
190
171
376
0
0
0
0
0
0
194
0
222
0
0
119
177
0
0
0
140
331
0
0
0
0
94
161
104
191
0
202
0
98
132
394
0
0
0
0
1037905