185
82
130
105
89
186
182
175
140
21
90
9
99
190
49
57
162
91
105
128
106
51
198
103
186
179
68
88
45
156
177
152
132
59
185
131
164
5
51
4
74
188
169
48
91
58
125
46
49
65
142
125
7
148
130
1
157
126
141
196
79
197
56
53
64
50
61
16
116
128
127
122
74
191
102
143
145
108
176
73
138
143
43
111
122
0
30
152
75
86
48
162
153
38
48
52
95
36
131
196
60
129
172
69
176
90
86
41
0
160
125
151
57
129
131
193
129
107
70
141
25
88
14
198
110
90
125
22
199
197
143
146
169
75
168
146
158
32
181
28
29
43
26
123
74
109
11
113
78
129
190
174
137
72
5
124
76
15
2
25
19
64
180
136
15
106
70
36
58
86
61
178
131
87
74
2
114
101
86
9
174
110
114
111
105
97
161
80
109
193
117
41
55
146
62
32
98
123
17
184
159
23
173
160
144
186
33
127
132
93
185
175
12
31
159
99
12
8
149
149
94
58
9
81
72
14
146
144
21
192
127
25
105
169
119
18
30
95
99
15
28
27
175
85
118
174
7
198
71
136
22
145
26
191
18
165
1
41
84
154
78
15
67
68
181
102
96
76
2
130
67
141
87
97
53
192
94
1
63
141
13
135
64
151
127
61
76
82
30
183
199
131
151
67
97
140
14
162
75
50
104
103
31
165
48
67
134
68
169
115
92
43
10
127
117
50
47
127
19
107
100
163
15
151
132
192
149
21
104
162
60
48
132
75
146
172
139
86
103
101
170
136
160
4
26
180
196
151
23
17
59
116
118
155
57
130
131
170
10
52
128
2
160
170
169
72
112
125
116
86
3
119
31
180
144
141
146
35
103
131
43
87
144
194
24
112
105
64
159
53
86
172
97
54
187
92
165
84
133
37
104
63
15
166
114
131
73
178
165
168
66
160
127
21
6
88
62
9
162
52
131
45
148
41
111
73
152
169
10
186
189
23
34
156
119
118
144
178
77
101
135
55
18
123
78
56
137
27
13
160
33
60
100
183
184
80
174
0
108
47
12
6
93
7
150
2
158
98
45
195
154
4
4
67
83
56
133
90
45
62
136
106
161
59
141
142
174
5
171
95
122
152
41
60
95
146
193
181
136
64
77
180
50
115
105
185
24
27
88
193
158
174
3
98
135
188
116
189
114
26
41
81
159
154
35
104
80
147
22
152
154
114
43
88
195
61
153
164
29
191
75
24
88
22
122
173
46
149
99
35
24
181
196
51
190
39
151
6
28
175
57
120
88
174
188
27
183
46
49
42
31
90
9
99
103
146
82
127
67
152
31
153
156
10
32
168
52
60
81
155
31
129
190
144
21
166
12
49
60
147
107
196
98
159
104
94
56
103
78
3
74
98
36
12
122
76
2
93
101
53
141
58
157
125
162
134
78
39
95
151
60
23
69
121
153
1
82
21
173
120
83
166
6
135
110
137
31
111
165
134
100
22
94
103
59
96
160
123
102
141
9
64
133
39
58
91
97
62
60
149
3
25
195
180
115
75
24
162
45
104
53
190
157
107
34
54
123
93
196
94
130
4
13
111
58
158
151
15
69
56
105
144
15
47
52
24
134
34
152
69
105
26
167
67
101
192
67
139
122
105
35
129
173
16
128
114
159
160
14
32
130
12
79
68
67
190
161
143
107
112
112
181
159
154
134
70
8
168
142
50
13
127
160
97
92
5
46
140
71
10
189
11
91
166
168
180
20
80
135
93
125
121
132
174
3
195
198
198
153
89
126
24
110
12
111
193
162
22
163
169
120
151
192
76
157
170
17
44
71
44
161
189
184
88
34
148
10
105
179
181
20
13
49
128
195
99
12
94
60
121
50
54
133
172
177
39
59
148
78
17
134
179
67
20
145
155
124
76
190
49
50
48
54
106
169
38
22
40
164
12
21
184
112
77
122
76
102
175
58
168
10
157
143
99
169
70
148
172
175
48
140
6
38
114
91
114
115
118
117
48
26
39
18
25
153
76
99
75
162
80
190
18
163
142
140
48
175
198
12
161
159
158
145
141
3
24
94
66
10
92
178
94
162
162
175
54
113
6
68
102
122
136
122
86
107
182
51
28
10
105
118
140
56
121
199
73
30
190
132
30
164
100
11
30
145
138
134
76
140
167
193
136
64
153
26
199
31
19
38
22
149
58
77
18
29
93
188
102
98
95
136
154
99
139
130
197
137
186
22
23
133
171
133
94
2
72
75
179
50
0
139
55
133
63
134
39
124
118
82
41
19
56
119
114
180
195
21
134
16
23
65
43
41
126
174
43
196
192
33
188
90
138
45
181
173
130
12
111
79
177
111
141
157
117
116
90
99
122
47
190
162
197
100
188
164
109
168
171
120
166
159
47
153
115
143
124
49
199
188
126
10
16
173
191
53
193
44
118
164
131
35
160
129
31
186
110
58
50
109
83
164
6
161
48
188
56
167
6
61
107
57
8
115
129
90
146
142
169
170
89
170
154
95
177
3
138
15
189
102
19
82
62
163
115
164
35
87
198
104
10
133
58
184
64
44
159
153
179
116
97
99
41
194
75
182
156
68
194
120
189
70
107
99
193
18
138
164
188
13
128
109
177
166
192
85
20
139
110
93
84
148
116
195
112
72
35
3
61
174
162
185
89
60
166
140
47
43
14
108
63
140
130
44
73
75
96
107
182
41
90
172
76
41
7
93
108
32
164
36
73
71
151
197
191
172
112
145
61
12
37
153
136
198
80
32
142
57
31
30
4
125
39
113
44
87
22
53
95
182
172
116
171
162
61
97
145
164
150
14
190
120
73
174
67
32
118
125
99
18
144
163
40
42
114
79
179
178
156
160
174
37
118
199
127
11
111
144
68
78
186
96
14
44
110
168
52
141
105
183
44
180
32
22
15
131
190
92
66
103
78
66
189
114
6
185
58
103
114
159
68
112
74
97
42
35
26
18
198
195
164
42
54
83
11
58
22
165
70
171
31
145
128
118
0
153
192
78
32
41
82
178
61
20
161
22
37
137
159
17
102
4
10
170
124
17
29
91
15
148
32
192
189
28
197
137
195
14
17
98
100
133
162
195
155
30
99
36
163
154
169
193
185
13
105
147
170
20
33
70
31
35
7
199
49
116
186
30
130
52
163
129
26
87
23
177
162
124
100
109
137
195
197
132
25
146
148
33
165
183
171
79
57
32
104
195
22
38
10
113
89
56
124
135
182
148
69
134
38
56
88
126
2
191
159
17
19
79
8
24
128
126
129
113
91
53
77
186
25
93
155
0
171
190
111
128
93
63
191
38
91
47
180
148
83
74
187
18
171
199
79
132
16
46
117
65
176
95
76
87
13
117
46
196
86
162
160
40
171
116
114
102
180
173
75
65
79
112
164
83
29
159
183
97
104
114
148
66
131
146
95
62
126
27
170
156
68
80
179
131
163
104
113
82
175
70
96
107
51
102
159
89
181
171
34
147
173
158
41
1
82
193
52
195
89
90
1
81
179
171
4
93
113
174
90
5
54
173
41
12
50
183
135
192
47
127
110
22
34
47
89
169
7
170
62
162
65
6
184
122
53
176
183
162
41
154
166
123
63
103
17
138
88
184
129
195
111
7
198
94
115
95
160
119
144
151
57
135
10
172
178
121
87
131
25
103
0
8
172
42
116
112
109
80
58
163
41
151
112
46
118
64
133
189
113
87
159
133
138
79
89
6
197
82
85
160
133
166
2
13
70
163
170
172
159
33
123
182
155
183
40
161
195
94
19
66
9
44
145
127
11
84
130
114
154
10
171
2
143
12
130
124
129
60
157
95
93
171
80
12
162
16
49
84
143
21
41
19
12
66
58
19
138
187
111
156
32
12
37
158
187
110
140
57
49
129
169
180
113
105
76
162
115
45
16
74
160
162
172
21
149
158
142
155
194
96
119
190
81
173
94
168
93
54
45
113
121
53
2
104
17
126
107
66
193
123
114
25
129
127
160
52
25
132
145
188
95
175
83
6
194
33
4
156
137
57
32
63
133
93
20
23
152
160
122
90
41
101
185
195
30
9
47
50
68
159
62
146
189
5
105
159
174
11
170
62
172
196
25
183
195
21
26
173
43
58
100
174
119
64
82
197
107
5
128
77
41
171
195
24
168
140
149
30
170
112
67
33
33
105
117
45
165
39
18
141
188
16
86
104
126
87
113
107
52
109
60
104
149
37
162
44
133
9
25
22
154
27
109
106
115
166
103
158
48
162
199
180
9
13
155
38
44
79
130
120
133
127
81
103
92
41
33
168
134
97
140
107
113
136
74
5
9
181
36
165
15
48
156
190
188
39
183
43
186
147
192
90
51
13
59
15
65
114
18
57
177
54
87
121
196
141
71
166
124
164
79
38
151
5
14
191
83
177
135
132
87
8
41
107
185
109
148
123
121
197
178
26
81
141
160
100
15
147
184
185
169
197
133
37
108
94
9
75
17
191
182
75
85
154
95
16
59
145
51
7
64
45
102
89
66
195
195
169
102
41
97
153
116
22
105
63
34
167
154
189
138
69
161
62
40
172
112
172
21
47
1
39
161
63
176
88
152
146
146
75
164
192
118
99
186
177
15
63
84
115
59
98
178
47
131
25
70
74
142
181
107
2
132
128
137
174
197
44
168
88
188
119
69
127
43
19
182
188
132
2
86
14
153
86
14
17
112
166
89
81
47
77
153
125
160
197
27
135
25
65
180
152
138
135
151
119
28
124
180
42
91
66
126
69
151
21
129
159
181
11
181
61
133
41
28
158
79
146
132
77
7
34
186
101
138
65
100
183
28
28
8
62
16
93
174
52
131
130
22
37
93
51
88
105
21
109
95
184
16
180
112
85
77
165
13
61
64
81
192
113
25
29
126
46
0
142
106
38
104
179
43
0
149
59
4
50
99
108
77
150
52
45
43
75
190
60
57
66
71
1
137
49
93
164
99
157
47
114
104
104
137
194
43
170
16
5
61
107
107
44
140
150
177
132
8
130
197
172
2
178
123
111
17
116
22
133
9
55
71
84
194
157
188
19
163
104
18
199
57
129
153
111
64
11
115
2
52
62
184
89
140
64
33
30
44
14
174
147
190
48
70
184
172
74
59
52
93
38
40
68
18
167
112
106
195
137
13
69
178
116
137
190
20
183
4
163
15
138
90
124
69
51
184
194
20
186
155
199
23
88
158
17
20
146
14
65
138
68
19
112
143
48
29
16
148
157
32
160
126
116
142
162
90
70
40
166
4
162
185
42
51
67
22
25
100
21
141
151
82
40
162
127
55
157
112
155
170
125
50
131
93
1
126
194
161
172
194
185
160
133
55
142
31
121
118
176
94
117
91
113
102
105
37
30
70
95
70
115
97
99
142
183
175
5
150
79
62
97
179
151
22
136
138
178
102
7
138
186
38
45
42
59
146
115
112
98
87
4
3
92
21
187
142
137
105
171
74
135
190
17
78
130
24
30
22
161
28
98
173
36
55
106
71
25
18
146
176
134
191
149
91
73
170
89
8
148
175
32
86
132
100
96
96
64
114
36
118
30
190
188
59
169
30
112
95
87
82
154
32
55
1
96
18
151
53
97
40
180
180
183
77
91
148
90
36
20
17
94
72
38
126
163
121
5
191
98
140
0
102
127
93
183
162
153
51
66
144
159
137
165
13
21
61
112
81
195
14
98
129
63
15
109
34
9
42
52
109
12
99
33
67
85
74
164
38
115
156
54
161
119
191
68
173
45
80
30
114
40
99
199
6
171
30
31
157
44
179
131
77
123
32
94
156
160
76
49
152
139
144
23
27
5
111
196
17
36
179
99
64
115
182
85
171
159
67
175
51
118
183
117
50
131
22
75
69
68
134
131
85
61
2
96
26
45
4
1
77
141
43
185
168
25
60
51
45
127
88
18
128
197
194
183
193
135
187
60
170
93
36
165
9
131
199
174
154
187
115
143
37
189
50
5
119
150
168
194
112
126
98
52
160
131
137
99
118
196
114
148
135
128
75
139
135
68
115
165
96
99
23
27
196
7
69
82
120
78
70
48
127
65
149
33
95
30
55
7
173
69
78
88
152
127
158
73
148
106
178
185
6
105
132
64
63
120
40
70
55
78
83
48
63
27
61
52
18
185
192
190
105
126
36
164
98
119
161
172
100
121
136
125
26
169
127
50
177
60
55
115
96
56
179
22
83
137
174
43
156
55
153
101
87
101
73
172
151
13
129
151
194
14
57
190
182
63
123
30
23
86
93
78
71
177
24
78
168
78
140
168
1
86
118
166
130
11
47
19
181
83
170
30
131
45
73
56
144
176
84
111
109
194
136
3
96
14
8
85
106
95
59
192
181
1
194
79
31
71
107
78
143
46
158
133
91
185
124
143
92
62
23
169
135
13
83
133
152
153
7
174
197
23
175
126
172
28
9
20
74
27
105
169
73
3
132
65
69
86
118
63
60
78
128
16
88
195
161
130
2
40
176
126
172
75
179
16
34
82
143
71
174
19
117
184
48
132
77
5
22
105
2
179
141
156
178
49
124
159
192
148
57
125
135
71
163
166
189
152
180
17
9
158
152
36
83
38
62
111
23
141
194
134
6
40
52
125
25
151
129
6
170
40
155
149
137
199
48
13
111
163
100
92
67
28
124
185
183
177
89
110
38
14
52
152
76
186
116
59
65
94
49
99
180
194
140
133
65
58
45
100
78
197
104
79
136
62
109
199
44
155
187
183
196
131
81
28
113
157
113
180
184
131
17
11
26
85
150
0
179
10
183
14
55
74
51
94
196
30
153
26
184
161
26
188
88
32
109
101
129
148
191
130
127
145
52
1
16
14
46
105
188
149
169
71
180
29
81
197
27
10
129
85
29
31
153
179
27
49
195
48
96
148
98
51
156
84
191
34
138
58
81
158
103
118
184
148
170
131
63
136
146
22
188
76
25
184
148
198
147
139
8
32
50
89
22
1
90
48
150
145
196
106
122
81
185
169
168
145
125
136
175
139
37
60
4
100
62
129
96
43
124
33
167
106
59
71
104
90
54
34
164
147
114
117
13
184
29
147
196
177
24
168
159
170
7
2
157
105
161
118
71
109
0
7
14
169
199
42
155
40
83
149
14
27
159
53
94
158
24
151
137
80
33
190
66
81
108
51
117
86
110
171
175
80
110
50
102
50
106
173
146
145
133
5
184
190
193
136
1
135
5
25
147
44
59
191
195
100
81
76
62
144
105
164
171
191
103
21
22
193
127
165
19
8
41
191
37
87
34
128
179
86
88
182
109
70
49
175
161
55
49
111
188
178
110
28
15
80
105
100
192
193
4
70
50
184
42
86
138
3
192
1
30
113
46
48
196
61
161
162
85
15
152
170
36
113
17
8
47
118
0
27
169
22
83
36
177
39
85
94
90
6
173
57
112
43
58
141
140
106
101
132
60
102
75
72
26
112
62
92
79
21
175
39
196
133
98
50
61
128
69
147
179
27
6
146
28
104
9
121
160
132
3
144
155
57
109
166
10
44
144
196
172
105
2
83
23
2
99
94
91
126
159
130
159
47
183
145
22
60
158
174
13
132
69
51
76
188
163
23
7
16
173
59
80
14
190
179
131
8
3
66
14
191
173
38
154
157
76
74
162
139
109
26
191
113
40
65
93
148
16
87
38
57
39
167
49
32
38
132
167
99
14
163
34
174
126
75
74
81
121
169
76
105
107
184
145
29
160
46
185
35
113
186
195
98
180
114
26
83
54
16
117
145
192
108
163
103
108
29
64
120
170
105
129
66
67
45
16
108
177
134
85
70
33
149
121
72
62
104
175
59
99
70
82
171
5
115
101
70
187
105
131
110
162
71
148
146
1
99
168
155
14
132
75
162
132
91
101
103
114
191
61
84
40
111
105
135
16
194
172
7
63
186
157
150
23
183
144
37
114
56
148
61
85
173
184
169
103
136
186
114
132
97
22
66
10
161
191
137
71
14
133
46
109
173
43
53
116
77
179
159
194
40
105
55
1
109
57
137
29
88
78
77
56
36
80
65
140
151
40
116
13
99
131
63
136
132
177
142
92
101
33
148
44
77
107
165
197
127
25
108
138
120
122
37
58
106
77
61
67
165
15
125
189
116
106
30
53
85
82
54
68
74
12
112
36
101
85
66
143
121
4
104
3
147
45
158
174
87
155
154
170
39
113
160
53
70
166
183
135
195
163
8
25
25
105
111
7
43
188
187
9
109
166
199
108
54
177
115
159
9
5
84
117
82
98
55
183
125
27
198
187
3
7
145
125
46
141
102
88
100
139
107
40
168
83
151
31
83
123
56
91
122
119
144
1
97
109
185
128
141
173
191
20
7
187
45
189
45
131
159
131
66
167
54
176
174
120
83
19
176
126
139
172
143
158
80
25
152
191
176
44
26
57
126
134
141
131
127
21
129
119
111
93
27
84
162
22
34
167
62
129
136
24
165
64
52
164
161
193
172
68
80
63
63
161
39
94
161
131
19
161
128
21
50
41
91
150
152
11
58
94
134
143
80
98
125
97
13
55
95
38
136
199
70
173
162
123
79
15
45
78
46
100
68
169
117
60
180
112
143
46
184
40
14
1
82
163
132
20
45
50
119
100
112
69
126
146
5
66
152
110
191
184
20
84
193
39
42
17
180
95
32
154
121
73
65
81
36
157
193
126
121
81
75
110
129
138
155
194
44
66
47
174
162
119
168
52
149
36
175
52
86
126
146
75
0
133
149
190
74
21
37
161
109
136
169
16
149
121
49
192
45
8
160
91
163
5
110
183
194
115
174
114
103
138
31
28
59
144
53
105
190
166
103
170
149
139
67
54
66
151
30
2
58
134
192
34
45
159
123
194
38
111
60
158
153
71
139
99
116
15
101
0
182
189
33
20
125
158
119
69
108
104
75
162
56
82
161
166
20
96
99
50
107
110
118
13
82
193
67
154
72
157
177
191
53
86
7
109
8
110
63
89
21
55
86
6
91
54
168
60
108
93
193
105
77
108
70
50
173
91
146
135
35
141
189
120
112
148
54
152
155
182
169
140
155
1
195
112
23
96
194
7
145
42
74
172
194
123
34
18
111
1
125
172
96
165
61
194
89
12
49
0
90
50
167
165
25
26
141
61
64
43
193
83
88
74
1
135
4
168
85
80
51
177
8
78
21
73
77
110
70
90
133
3
113
166
199
77
132
13
105
161
193
132
19
85
44
42
107
6
72
32
194
120
85
149
30
177
12
171
41
66
75
9
110
139
107
110
11
186
150
111
114
24
39
165
42
40
186
142
163
189
122
54
151
111
25
162
43
177
146
104
181
18
2
78
183
181
37
30
81
144
85
51
45
182
30
12
60
153
172
145
198
176
198
6
119
128
180
59
4
74
139
85
141
137
145
13
69
54
115
163
164
10
93
55
142
23
73
59
195
75
152
8
47
186
199
44
69
39
81
37
133
111
74
157
5
35
91
185
187
160
137
48
144
52
168
196
55
94
134
80
21
10
194
151
107
113
154
92
119
49
68
116
65
86
60
148
145
164
5
39
125
144
115
56
48
98
92
121
79
73
103
70
53
195
156
121
14
7
3
35
152
106
89
67
157
130
61
78
85
130
161
131
57
50
44
137
106
193
52
152
152
178
121
49
198
10
140
3
35
50
118
195
108
108
173
143
20
86
65
167
13
150
37
120
48
137
113
199
137
141
85
102
30
31
23
70
166
161
189
129
38
132
134
18
134
38
43
188
195
15
76
107
142
182
60
51
49
51
134
28
169
97
105
86
54
42
111
151
64
6
188
94
116
18
25
35
172
193
199
149
69
122
41
63
130
101
131
32
53
115
95
197
102
73
94
174
140
144
187
34
72
5
107
199
81
64
185
154
153
35
182
199
103
1
173
158
94
152
85
154
147
148
151
87
28
74
15
159
179
158
48
65
17
185
192
64
32
18
99
59
113
143
171
126
92
177
76
28
182
74
30
102
141
188
60
69
71
87
169
160
192
6
74
106
89
54
118
76
190
132
186
34
88
186
42
29
137
198
82
157
143
80
82
160
55
117
0
147
179
164
103
83
150
5
53
41
35
33
50
128
134
50
108
68
130
39
136
33
66
28
42
45
147
164
126
19
190
148
72
53
164
70
189
77
65
198
108
104
99
173
151
71
180
55
163
68
19
187
63
157
42
191
74
144
64
21
109
100
101
165
151
111
14
152
175
137
167
183
164
92
149
190
193
167
14
153
156
157
191
1
29
55
29
170
68
131
136
76
131
62
81
173
115
93
13
183
186
68
121
123
153
98
53
1
156
193
133
59
187
173
34
173
54
105
56
147
197
96
8
192
156
62
54
5
62
12
5
78
153
138
86
189
79
12
175
58
29
68
120
64
67
168
0
156
148
71
31
108
40
173
109
138
61
88
7
92
173
183
82
186
112
78
39
59
153
192
127
91
55
114
32
117
114
96
62
17
37
78
37
131
195
45
177
168
129
120
57
125
99
138
168
46
3
141
115
87
53
185
153
11
126
88
100
30
10
50
38
9
196
186
6
146
168
52
50
37
165
137
23
132
158
161
115
30
151
107
108
23
149
84
161
51
22
65
46
48
112
107
61
135
133
87
23
182
108
126
195
102
99
64
117
28
136
112
72
199
95
132
174
117
182
171
171
185
156
27
26
141
96
94
95
96
29
168
20
116
147
152
95
22
33
80
32
195
14
187
121
172
8
107
54
6
51
115
83
168
147
199
37
170
173
71
129
14
175
66
192
22
104
84
148
50
58
142
172
35
52
103
27
1
52
100
7
150
170
145
14
21
167
60
82
18
84
10
45
120
175
160
48
185
193
144
141
109
19
70
60
130
78
22
98
27
81
21
54
1
85
112
30
27
5
92
118
187
17
3
56
183
82
159
55
193
176
127
101
19
150
20
37
2
103
70
83
94
130
112
175
11
129
108
16
119
56
92
109
24
104
38
111
25
11
51
50
153
194
197
194
105
161
155
18
192
92
18
152
61
196
97
181
71
26
57
88
196
84
87
50
12
29
160
68
122
134
176
76
191
82
166
159
162
48
0
56
184
1
6
23
4
10
197
188
11
83
107
91
110
101
10
10
77
187
116
148
29
95
97
90
6
166
79
160
43
29
46
3
38
10
166
194
79
48
160
154
153
26
55
43
90
80
177
96
21
135
181
52
62
19
195
151
137
176
50
41
55
198
2
133
94
3
55
190
115
186
118
24
95
137
15
53
187
72
63
72
178
109
193
94
194
77
121
168
117
173
69
165
130
118
128
29
60
23
132
120
180
196
186
196
191
77
129
150
118
9
10
64
166
65
108
120
108
1
48
97
79
73
75
178
113
42
67
93
131
19
72
171
60
131
9
90
102
9
120
176
102
80
43
57
54
102
32
28
104
12
116
173
177
167
64
59
7
28
128
105
97
131
65
98
26
146
159
21
121
107
64
1
168
120
57
137
142
58
82
24
27
80
0
160
40
141
40
172
145
130
99
94
120
123
34
131
63
174
127
58
138
21
189
83
62
69
86
84
66
23
151
191
105
27
169
135
88
29
7
81
122
32
111
152
158
22
7
24
73
74
126
60
86
172
28
172
47
75
94
182
126
42
2
28
36
33
147
78
141
60
186
54
94
104
145
18
157
89
157
31
108
186
128
8
1
156
135
190
68
39
127
1
173
30
95
117
98
180
82
8
99
77
155
127
58
168
181
193
146
192
86
27
11
114
168
18
86
25
132
119
123
156
91
4
29
25
58
101
167
98
185
114
134
86
80
168
66
155
182
48
185
183
136
39
106
118
27
36
43
78
46
113
80
6
78
1
113
93
111
39
30
95
172
95
81
193
52
190
144
102
89
43
118
10
142
193
173
171
132
189
171
184
41
50
198
2
110
140
100
191
187
177
83
149
129
139
138
171
171
115
98
123
146
192
157
60
100
60
137
180
56
79
169
59
81
189
65
11
165
154
139
179
136
94
27
26
74
156
147
104
57
100
156
80
116
136
130
10
198
12
50
134
187
174
19
75
194
189
22
197
183
135
3
68
148
162
17
105
51
99
106
164
11
53
9
120
52
186
33
136
8
189
3
51
49
31
59
27
121
56
8
44
17
6
38
191
98
137
186
150
114
7
41
26
147
2
37
16
54
39
157
34
15
67
72
9
117
134
46
81
0
129
43
189
135
195
105
1
6
111
65
62
185
18
181
55
167
72
141
75
13
182
132
68
189
154
174
124
28
6
104
23
101
108
180
139
189
35
128
91
180
40
178
140
180
104
82
79
130
161
92
37
14
184
184
105
184
157
0
110
105
124
69
97
187
172
150
42
78
114
119
196
72
32
138
148
80
38
92
46
32
114
142
66
164
92
142
94
19
98
26
45
57
35
57
157
78
39
70
14
175
75
106
103
55
27
4
178
177
119
135
55
101
8
24
119
85
36
99
175
50
12
137
60
160
63
136
117
155
152
191
188
108
139
116
111
20
21
149
75
179
0
183
24
165
125
182
95
19
188
145
135
169
56
129
135
153
38
182
7
84
123
126
191
144
197
131
153
10
138
40
162
73
45
80
99
101
39
154
174
162
81
93
92
93
88
36
171
169
17
14
109
110
52
94
196
32
14
105
185
199
94
129
11
56
9
77
109
63
0
146
96
63
23
163
120
24
41
80
11
124
55
86
147
174
143
163
125
95
105
76
162
15
5
149
35
172
0
52
161
41
70
138
162
134
73
87
168
64
63
137
107
102
129
144
71
7
56
58
8
90
131
110
145
68
3
183
61
16
191
95
149
86
59
93
183
139
163
5
8
96
110
34
16
194
190
98
115
53
43
142
80
109
151
52
163
19
28
20
29
145
50
187
155
74
117
151
196
89
50
168
19
100
50
111
141
180
168
6
92
36
188
51
130
100
2
171
17
97
84
47
119
154
132
133
184
50
22
69
139
117
130
126
126
168
79
117
174
170
75
17
174
105
71
134
40
130
95
85
50
49
128
140
112
169
154
191
24
120
76
42
34
114
102
25
157
81
130
111
55
22
100
143
29
94
33
131
184
164
75
55
105
167
58
160
19
135
103
158
134
26
50
83
28
141
51
15
140
89
157
10
53
44
78
172
92
185
68
29
166
141
50
4
137
175
103
14
52
91
95
158
31
186
75
131
150
42
116
114
55
166
21
88
154
170
110
60
88
157
13
8
44
74
135
186
23
45
148
139
112
127
184
19
184
166
101
54
66
45
86
175
153
43
135
160
181
138
48
139
141
78
184
88
176
23
118
4
175
29
155
18
2
184
59
64
154
81
187
145
62
121
68
122
24
36
101
132
55
72
87
21
183
24
177
42
93
8
196
117
156
68
49
87
190
145
167
51
76
72
57
111
110
10
51
175
46
5
93
32
94
122
192
134
50
63
37
10
80
104
109
51
188
117
67
31
176
191
94
159
193
61
98
45
124
174
38
154
183
42
49
152
117
34
134
113
137
56
46
99
140
155
124
192
113
139
131
198
197
126
36
175
148
85
132
110
102
7
114
167
161
47
22
81
168
84
53
100
73
5
9
169
29
39
102
178
112
36
55
22
112
10
46
89
90
109
98
78
183
18
131
82
30
185
89
39
108
61
170
177
14
148
35
96
111
134
110
147
117
180
89
165
69
46
119
127
135
152
136
162
76
186
100
15
19
27
109
149
4
41
65
125
68
136
30
53
134
197
185
8
115
77
127
55
184
47
12
6
70
170
178
181
183
28
25
89
132
81
61
31
116
12
165
148
158
53
176
44
79
95
66
37
23
4
100
39
22
0
177
18
181
127
20
76
86
36
159
126
21
47
167
57
24
9
91
58
98
23
195
128
181
49
150
126
149
14
107
153
178
94
105
127
30
91
34
162
157
181
2
56
9
113
85
96
133
189
22
11
186
114
157
125
85
167
64
175
49
6
10
98
121
117
128
161
30
107
88
115
142
148
101
52
190
83
157
16
134
156
163
43
74
27
24
96
186
44
101
131
199
128
59
173
181
56
60
116
0
89
106
124
159
61
76
134
70
138
66
20
143
129
134
62
152
21
178
100
191
29
168
72
106
144
172
174
188
60
30
140
146
19
92
104
99
11
76
19
53
25
95
104
101
137
98
120
190
92
109
141
171
166
22
81
119
178
0
98
81
85
84
196
70
172
98
76
127
67
105
93
153
195
114
120
83
23
139
84
177
172
7
120
87
178
50
161
50
115
99
165
97
158
66
106
33
128
56
67
69
41
46
128
4
110
142
98
181
80
6
32
141
137
139
8
153
78
121
117
39
45
193
89
87
100
3
192
167
163
139
178
35
40
144
74
148
142
199
151
103
120
54
46
78
143
13
98
52
198
79
154
58
110
181
125
159
131
148
92
92
2
45
163
156
53
90
70
114
149
41
133
182
51
128
44
168
59
32
129
149
69
63
138
190
129
85
2
53
198
160
48
3
15
179
29
37
4
169
168
101
144
80
199
157
36
112
148
126
183
50
1
94
72
133
90
136
50
60
150
94
106
36
121
153
184
177
97
121
168
144
107
16
92
127
154
56
88
137
83
117
57
38
119
77
114
87
46
84
165
78
5
116
131
99
187
138
104
36
190
196
62
20
93
126
36
132
161
179
18
56
189
49
12
120
103
37
193
158
130
174
142
127
97
182
68
170
194
106
91
150
173
42
1
89
48
140
20
146
88
147
71
80
30
61
164
180
131
99
94
24
98
9
2
83
32
53
10
53
170
148
109
52
84
96
119
194
193
78
80
69
60
59
187
62
146
167
133
117
185
186
8
41
113
82
28
62
150
71
185
55
79
22
67
91
190
73
161
51
68
175
36
185
145
48
25
109
180
73
180
185
133
38
89
132
77
85
87
28
126
87
148
124
77
58
199
69
112
1
46
9
37
29
52
75
9
44
30
153
162
168
3
75
82
35
38
6
88
22
49
121
100
145
48
17
71
92
87
0
69
12
96
184
8
130
37
13
50
29
150
16
167
176
144
127
76
102
19
90
16
185
30
177
5
122
88
18
35
42
173
126
170
191
180
131
153
83
82
108
192
127
109
4
158
20
78
145
152
66
51
69
143
65
0
41
53
12
122
170
59
191
151
181
162
189
126
86
60
116
175
196
118
28
62
161
93
90
145
197
105
19
99
10
146
171
44
19
142
30
31
93
125
182
129
127
185
195
113
6
149
120
56
113
56
82
29
76
182
172
13
199
188
69
62
94
157
195
199
196
70
145
102
48
107
172
69
10
68
11
114
103
143
188
1
55
67
140
144
48
126
111
150
36
196
93
129
109
92
133
148
16
1
51
177
15
90
132
72
97
14
51
116
60
112
85
142
51
18
78
81
186
1
134
17
142
173
126
136
178
107
148
15
195
105
95
93
45
142
116
159
87
116
174
116
74
82
100
116
55
114
181
12
85
67
39
9
138
52
116
119
33
6
198
92
2
45
9
30
191
115
166
165
58
49
17
14
68
114
152
61
128
78
92
127
190
136
164
185
92
116
156
145
135
193
189
31
151
30
53
47
160
173
7
21
29
49
86
93
55
181
68
175
147
18
71
196
65
108
114
47
40
2
137
179
168
72
5
60
71
90
192
68
37
8
11
14
155
145
107
15
14
141
3
133
50
107
186
71
161
67
117
135
171
177
63
160
55
30
124
72
151
85
197
3
129
199
46
161
98
180
148
21
54
143
2
115
170
196
106
22
115
80
184
147
71
133
106
45
184
177
84
86
145
146
185
134
97
152
163
131
125
158
75
70
146
63
148
133
136
185
58
19
90
193
8
56
49
179
71
38
160
83
51
65
155
77
174
66
193
45
56
81
128
12
102
180
111
169
199
40
78
39
118
122
146
40
162
171
102
6
129
94
19
89
194
31
183
147
26
154
132
172
7
13
79
34
168
187
9
32
197
110
42
106
91
169
9
19
184
175
168
19
36
170
196
40
152
180
99
167
17
163
190
199
164
85
110
115
198
145
170
146
195
21
62
165
132
49
40
84
62
112
172
165
165
78
152
194
48
74
185
5
173
169
164
3
101
164
9
171
50
152
113
154
45
8
48
148
69
105
53
40
114
122
7
32
63
5
106
180
61
62
103
186
12
48
65
180
196
94
108
63
154
197
80
131
87
3
155
195
90
99
156
67
198
193
67
33
70
76
55
58
108
61
168
26
177
91
186
134
23
152
91
146
122
171
11
82
164
18
106
103
112
60
17
193
87
81
86
51
134
31
90
160
193
162
7
47
184
30
35
45
175
124
170
40
52
191
192
196
2
90
123
84
90
104
94
142
177
143
66
91
172
1
0
89
96
17
138
87
70
127
191
101
179
16
61
150
166
165
184
131
131
181
9
117
68
130
34
30
79
133
149
188
163
55
124
11
28
78
108
190
38
160
59
26
182
78
8
63
131
88
137
52
148
9
151
86
179
135
151
100
79
73
58
2
175
77
83
72
114
77
8
127
172
189
50
56
75
132
55
176
56
45
31
91
72
153
163
196
66
114
9
38
67
70
148
2
93
22
81
102
110
67
164
110
125
132
41
122
143
197
86
52
191
48
93
76
117
89
160
146
117
120
29
134
32
72
41
7
128
167
105
55
20
130
139
144
51
39
59
134
54
14
49
39
54
76
96
163
133
133
18
132
80
61
30
130
177
20
100
182
12
172
71
161
119
120
161
144
52
138
77
6
115
129
141
22
80
142
195
187
149
41
109
39
160
117
26
108
108
68
32
186
189
32
64
6
181
160
122
19
4
155
106
47
84
188
84
53
18
73
131
106
144
114
29
70
72
123
18
57
179
182
195
80
0
16
152
11
192
182
138
108
125
60
127
141
187
105
75
94
63
67
123
163
12
58
197
142
28
100
28
46
75
37
88
75
24
80
122
76
173
14
53
31
197
17
39
84
29
70
118
95
163
150
88
89
59
175
59
10
169
179
68
13
48
85
83
7
57
43
82
173
159
108
30
57
191
24
39
16
46
78
10
4
74
30
189
41
146
84
90
6
74
125
173
19
174
42
184
145
199
142
22
41
164
133
195
109
8
155
106
69
113
133
185
176
137
184
15
72
5
165
14
111
27
22
116
115
40
88
195
156
71
108
55
70
54
76
72
64
147
142
189
87
59
136
113
31
139
96
42
160
64
70
187
89
24
186
156
115
139
27
64
196
148
19
68
79
74
188
71
125
4
190
92
138
1
89
180
86
124
138
121
166
38
68
21
54
102
52
170
150
83
168
19
22
179
156
190
199
116
187
61
144
55
183
194
81
108
150
56
48
72
89
144
30
172
81
33
4
176
88
73
7
196
170
192
78
150
62
180
84
47
133
198
14
8
69
43
178
3
186
71
26
28
154
148
116
118
99
33
31
66
84
86
20
18
149
187
86
155
51
31
80
25
172
190
58
188
83
68
15
144
25
135
62
91
168
41
147
48
77
2
90
160
50
164
135
120
53
32
36
109
40
142
128
132
165
113
49
46
78
177
22
33
23
26
83
66
1
58
113
101
67
88
25
15
70
184
165
67
54
179
124
1
17
163
184
37
69
179
14
11
2
109
33
8
120
102
195
35
102
60
57
83
89
191
73
10
46
13
51
103
196
72
113
9
121
186
148
127
159
129
29
93
154
77
117
121
65
197
186
164
190
186
158
76
132
140
181
69
188
0
131
160
172
35
167
4
140
40
16
32
47
141
43
50
195
180
142
146
116
45
148
96
75
17
126
29
30
185
162
157
125
77
34
81
0
176
83
35
144
112
24
42
1
132
187
94
176
135
96
157
31
121
62
132
98
44
155
33
141
43
11
133
84
167
172
15
30
35
24
51
39
23
120
138
9
91
130
11
110
81
119
111
173
12
156
34
182
32
130
182
92
55
148
17
142
162
61
134
49
81
163
81
22
41
100
12
139
68
99
31
41
63
15
36
146
76
112
184
60
152
191
86
71
47
82
86
174
51
144
98
125
84
175
176
192
185
175
44
44
116
10
5
29
92
139
168
114
60
129
58
8
9
62
94
34
160
56
118
90
70
35
183
87
137
80
5
10
28
39
29
6
112
12
74
141
117
105
110
89
160
192
138
166
174
67
50
25
119
154
119
180
54
24
120
89
164
11
35
128
77
86
148
103
34
29
104
125
125
92
92
60
44
179
174
105
180
138
77
152
30
133
53
8
55
141
66
41
66
3
118
14
72
9
197
34
128
87
173
11
129
183
20
78
172
62
161
29
62
39
156
164
115
37
42
52
23
140
177
137
5
117
18
31
146
157
156
76
180
64
148
105
101
135
114
42
11
92
8
88
161
181
100
48
128
173
140
146
191
194
169
119
131
92
99
135
159
124
76
103
20
148
82
76
107
176
172
94
15
193
141
108
177
178
94
176
59
113
102
70
134
108
29
198
150
76
182
60
90
99
195
144
34
54
58
175
2
103
4
158
147
121
54
141
73
56
105
72
159
21
197
141
13
76
162
75
20
42
30
120
8
142
67
140
108
98
128
31
196
6
183
84
3
97
15
193
53
141
48
172
7
6
11
51
19
183
148
104
151
121
64
71
149
24
137
134
189
45
24
104
54
161
73
53
99
45
34
194
114
171
150
56
65
136
78
108
193
49
15
106
37
22
23
15
19
95
24
34
112
146
55
157
51
150
150
22
39
8
5
165
140
103
72
89
152
38
138
171
30
85
39
142
24
180
134
18
169
150
190
140
51
5
8
131
183
104
42
122
60
174
179
141
62
141
82
1
7
12
73
141
172
25
55
159
22
136
20
36
161
104
173
56
145
195
71
182
15
139
8
125
100
124
177
55
5
153
47
158
148
23
65
45
39
64
52
57
106
141
2
147
39
195
154
51
134
40
88
41
31
138
109
91
148
37
89
102
20
167
101
67
34
114
165
129
4
157
10
8
55
135
62
121
136
33
0
111
77
151
24
121
82
43
77
40
24
125
105
16
184
99
190
140
149
89
114
82
127
198
85
192
35
26
187
122
24
111
125
58
132
28
138
98
189
40
155
152
172
121
20
15
44
73
31
94
81
129
58
87
59
125
192
14
105
164
118
52
98
138
83
183
158
123
10
151
187
150
197
96
93
44
151
15
21
44
171
11
161
13
107
138
108
191
169
13
36
182
145
48
18
76
79
50
143
65
13
53
73
178
141
187
197
75
53
166
70
154
136
17
75
82
64
40
55
104
154
0
58
182
106
141
85
82
117
143
147
74
86
192
147
30
144
60
137
1
2
141
92
109
104
67
106
107
78
132
144
100
136
13
134
127
68
165
111
176
57
146
14
72
185
43
155
39
66
97
117
75
194
67
2
147
128
165
10
100
0
179
122
127
14
175
44
46
116
133
19
17
62
136
12
82
51
51
136
128
102
54
30
148
82
154
109
38
44
43
87
26
66
193
98
45
194
131
48
22
37
153
14
27
66
12
137
25
110
180
52
127
49
125
110
152
45
151
129
155
160
193
165
9
96
178
163
34
182
83
190
108
3
156
115
33
55
169
41
163
120
25
35
151
191
147
187
28
55
22
33
150
95
99
88
187
191
97
66
17
15
165
138
83
194
43
151
46
145
29
24
172
101
127
122
164
28
157
31
35
60
130
177
83
94
54
165
70
26
114
98
48
152
3
16
15
127
161
141
48
70
155
10
182
103
18
93
57
172
102
168
57
65
56
46
110
89
53
70
94
125
123
8
17
87
171
180
181
173
108
10
89
192
176
27
192
148
101
199
164
98
106
80
155
193
115
4
139
36
171
168
158
141
70
199
58
166
80
170
136
32
29
169
134
156
86
72
123
191
125
100
95
100
29
165
149
177
160
142
165
114
191
175
138
196
88
60
181
114
63
174
188
140
139
159
91
198
75
83
101
77
37
50
7
139
99
193
9
91
195
137
2
177
26
199
71
64
124
98
63
71
194
196
86
198
160
7
148
186
106
97
186
56
178
170
80
190
17
74
70
69
0
168
85
123
81
165
152
133
15
38
52
57
110
56
194
9
113
70
141
100
199
14
173
150
112
34
142
136
89
171
197
50
138
175
1
37
97
27
74
61
21
68
88
107
160
94
130
9
33
120
122
159
150
143
186
122
43
94
53
20
105
55
92
111
70
44
19
178
60
102
120
86
89
119
79
11
139
83
21
51
53
16
87
0
195
102
13
145
126
49
33
71
12
92
94
190
95
16
39
144
32
155
94
3
0
83
149
147
83
113
180
122
33
34
16
67
42
64
116
134
46
88
86
109
94
37
168
37
42
34
26
89
168
148
17
161
166
21
6
103
140
101
173
130
9
115
40
83
16
2
72
77
110
95
136
130
67
126
29
96
115
123
118
10
168
182
140
163
134
89
94
5
130
187
20
7
184
39
133
38
23
6
127
106
99
32
10
129
48
34
122
185
109
82
40
143
108
126
195
157
37
18
48
167
146
120
139
150
42
153
9
14
61
42
92
2
33
58
74
7
159
63
82
102
37
33
75
171
17
166
163
107
134
85
138
58
6
198
185
154
93
70
153
120
13
48
68
168
148
47
154
88
14
152
89
58
199
164
85
100
65
100
0
121
71
93
22
2
76
18
191
7
147
1
18
127
44
30
178
176
79
3
135
0
8
113
20
66
79
48
89
140
162
58
109
60
10
166
137
171
103
49
11
122
25
127
78
97
4
110
90
175
70
187
94
3
65
14
31
32
56
145
114
8
175
62
118
128
99
62
175
72
19
13
25
14
146
67
178
8
154
158
185
71
79
171
177
132
149
51
188
26
142
66
142
131
76
3
199
79
199
86
148
39
4
188
36
79
99
34
178
1
19
80
3
199
156
110
5
96
192
188
49
36
23
55
47
75
85
76
181
39
42
173
148
50
71
112
88
121
136
191
25
0
98
42
66
160
170
0
94
19
127
141
66
152
37
53
34
26
39
79
164
187
64
69
123
101
102
15
169
177
108
39
109
153
115
199
61
151
124
94
159
113
12
154
138
148
148
136
188
149
44
199
39
111
164
194
133
126
79
3
188
178
172
109
113
55
130
155
125
161
95
156
150
125
77
7
173
179
114
91
55
32
170
31
146
23
83
97
46
199
85
26
181
168
84
38
152
199
171
145
48
50
175
125
190
133
45
136
111
42
145
171
128
126
172
45
130
48
113
37
113
142
164
79
151
120
119
37
128
85
35
31
185
4
135
70
170
147
184
90
166
179
5
75
91
173
190
52
98
61
73
3
148
69
120
149
134
197
82
111
147
125
68
16
29
173
92
146
104
164
42
159
179
60
68
112
3
7
148
88
134
67
168
79
185
24
189
106
47
155
177
56
14
67
20
136
135
88
98
94
154
195
144
188
108
168
88
141
126
161
18
13
83
69
113
84
78
173
176
65
53
198
87
163
198
178
150
75
20
193
68
109
190
78
140
53
108
188
101
199
15
159
93
46
68
174
97
150
133
78
51
14
28
83
153
108
5
79
174
188
63
125
159
20
30
111
148
31
192
59
40
145
97
180
159
185
78
5
44
50
187
16
124
4
185
117
66
137
40
134
176
57
12
159
71
158
95
83
67
180
163
193
13
48
154
173
134
105
20
171
29
36
124
7
174
1
88
48
56
131
170
131
192
157
168
131
135
0
149
69
165
9
145
42
48
199
196
166
173
98
106
118
154
191
124
159
37
112
187
16
45
184
73
65
11
4
158
53
148
61
108
179
110
19
103
35
116
99
60
43
112
40
53
41
188
40
103
35
29
53
56
138
149
12
136
173
100
10
35
186
193
98
175
63
154
116
161
159
70
136
7
128
139
31
17
0
58
178
96
96
19
12
19
193
141
146
99
75
54
123
178
109
84
3
68
110
62
113
145
74
194
176
71
40
19
147
80
80
38
106
21
42
161
153
95
162
17
143
45
103
111
180
111
154
7
91
142
188
20
199
94
64
123
114
185
0
162
144
40
124
173
67
89
5
117
192
48
151
165
54
179
189
194
71
175
30
6
102
16
93
106
136
129
110
38
16
88
20
134
107
189
176
90
66
143
68
66
189
123
174
196
68
106
48
20
193
13
116
38
81
16
100
155
186
104
167
78
119
66
176
42
142
194
161
2
178
53
101
44
148
0