147
155
180
77
179
179
85
133
178
179
0
28
166
140
91
68
130
123
150
167
43
71
30
177
190
192
75
183
193
147
34
133
131
42
32
61
160
64
76
140
60
178
190
78
51
99
0
186
123
196
84
152
162
0
93
0
90
102
62
186
152
0
117
130
99
103
149
135
48
174
0
176
61
112
115
171
177
110
84
0
150
0
37
100
57
191
169
195
189
149
81
169
33
110
183
175
176
86
111
174
147
0
99
0
120
179
0
158
171
183
171
152
0
43
94
28
0
120
73
163
116
129
89
73
77
78
51
129
154
0
83
179
0
127
175
98
41
185
135
43
94
143
52
147
186
177
50
45
54
42
179
91
36
71
0
53
180
95
199
164
43
146
165
188
134
0
126
192
100
141
54
0
134
130
79
164
152
74
200
0
169
154
0
0
183
70
0
113
153
62
190
51
47
151
95
147
199
100
76
147
181
79
38
149
198
109
38
163
193
92
36
108
185
134
93
123
115
180
98
34
127
0
171
29
0
126
151
149
0
156
166
104
197
0
150
161
187
164
94
197
129
89
99
76
100
106
148
138
67
36
180
138
40
116
83
86
0
131
105
141
161
99
113
67
58
141
0
207
0
130
44
110
44
172
0
128
179
29
174
146
81
0
93
151
193
91
34
87
53
82
32
159
167
0
15
152
30
191
75
0
194
62
0
122
158
113
94
176
0
149
165
69
96
75
51
62
0
128
180
113
102
143
136
180
0
68
167
0
160
182
102
187
141
61
197
109
52
186
58
97
52
182
87
48
44
35
58
158
124
39
181
181
29
142
158
157
134
157
0
174
196
127
57
64
133
75
0
138
161
184
174
39
101
169
0
142
29
135
149
56
69
139
174
0
165
201
0
87
183
72
0
144
70
79
57
32
181
198
193
0
0
70
61
0
164
0
143
211
0
52
88
31
185
128
36
174
138
195
82
167
168
75
150
119
0
59
148
69
66
78
115
29
160
135
76
167
83
107
78
95
122
0
0
117
76
139
50
44
160
64
56
184
52
101
107
182
202
0
102
78
39
93
194
115
34
193
71
115
73
62
151
161
72
170
40
0
17
144
183
98
91
146
0
87
112
154
109
105
146
99
194
141
0
80
194
190
0
47
0
117
161
46
142
151
113
51
133
128
0
122
140
0
56
141
104
118
176
85
120
0
189
175
92
93
148
82
54
42
40
173
141
161
0
85
31
140
199
0
108
0
172
37
95
0
33
92
62
0
104
215
0
53
122
191
0
175
0
184
156
172
171
47
58
112
116
50
46
166
80
107
157
0
33
87
185
0
108
153
158
74
43
119
185
182
61
185
0
109
172
182
118
109
162
162
0
169
121
199
135
143
182
98
85
101
89
203
0
0
84
169
167
141
29
62
90
0
66
79
89
164
104
103
89
33
56
103
81
96
119
0
181
140
128
143
107
170
162
0
193
171
77
182
89
98
140
59
100
0
198
191
77
198
62
135
97
140
0
133
43
59
139
34
142
106
0
172
66
130
161
115
99
194
147
111
0
174
0
59
80
35
178
0
0
190
72
91
122
66
0
135
149
62
153
0
116
185
79
0
192
0
100
0
80
185
0
107
202
0
188
0
200
0
119
189
0
96
147
135
176
180
70
0
187
38
0
72
156
153
47
131
176
219
0
171
132
179
79
195
153
120
197
50
101
180
29
139
71
179
0
86
122
0
128
135
120
96
0
149
0
173
137
91
168
125
29
114
179
172
71
0
0
18
106
129
118
172
177
0
133
116
194
148
147
160
126
125
120
192
210
0
179
33
172
173
112
151
32
146
153
95
0
168
191
178
38
67
59
85
220
0
0
85
183
174
151
184
98
63
128
69
0
112
145
0
131
92
141
192
59
192
0
54
52
78
109
90
183
36
147
0
124
65
0
185
204
0
97
167
171
105
131
42
48
105
72
72
194
188
65
0
32
166
97
38
125
29
162
136
79
151
135
181
162
56
140
162
166
53
59
65
138
31
45
148
155
143
134
43
173
112
92
105
0
158
0
147
199
147
143
55
186
0
147
0
63
169
83
183
65
61
0
146
124
225
0
97
140
189
54
166
168
182
197
120
130
81
197
64
55
59
154
107
54
196
140
163
78
93
125
129
168
82
59
101
30
32
0
190
222
0
164
165
104
45
0
83
64
156
65
170
31
177
200
0
53
55
0
157
0
152
157
117
64
122
176
143
98
146
137
158
183
196
51
35
103
151
0
113
0
49
76
133
61
96
185
172
143
0
201
0
50
126
151
0
75
0
126
92
150
192
121
37
49
51
161
61
145
0
165
73
182
60
98
117
154
0
156
192
28
0
167
0
219
0
88
69
186
120
89
176
77
167
69
95
144
124
64
119
183
80
46
0
87
112
143
110
80
62
125
66
47
37
116
151
151
59
188
0
20
71
157
79
148
0
97
0
105
113
125
77
175
159
121
105
217
0
87
131
134
172
39
45
173
170
47
145
0
170
29
151
70
57478