89
167
114
238
0
96
153
129
180
156
0
0
113
118
88
261
0
152
107
411
0
0
0
0
167
120
94
183
190
231
0
328
0
0
0
154
257
0
144
95
185
0
162
99
162
188
253
0
0
0
107
115
201
0
186
98
0
149
158
109
243
0
192
189
192
0
175
0
198
0
341
0
0
0
0
188
143
326
0
0
0
167
168
0
181
0
130
143
0
253
0
232
0
151
180
204
0
133
280
0
0
268
0
93
90
161
170
209
0
180
172
163
0
121
132
87
277
0
125
205
0
0
174
167
0
248
0
0
0
214
0
0
244
0
0
94
144
278
0
0
0
271
0
0
131
0
215
0
204
0
135
0
0
155
239
0
0
170
182
168
168
207
0
0
181
117
188
205
0
122
180
122
158
126
225
0
134
101
270
0
0
232
0
116
107
153
144
185
107
121
179
159
0
181
129
198
158
151
104
144
0
0
93
121
134
132
195
157
198
150
181
257
0
0
0
0
87
186
249
0
92
183
279
0
0
185
195
0
114
186
116
103
122
165
0
152
0
397
0
0
0
0
0
0
0
0
0
250
0
234
0
0
158
309
0
0
0
124
155
212
0
0
91
124
129
228
0
225
0
258
0
0
272
0
134
163
184
166
0
166
186
216
0
152
0
167
0
243
0
129
0
385
0
0
0
0
0
0
0
137
136
203
0
0
136
228
0
0
128
147
114
106
185
89
164
195
0
219
0
217
0
0
131
0
120
176
111
133
204
0
157
183
145
0
145
177
102
192
0
355
0
0
0
0
194
0
106
332
0
0
0
110
195
169
143
96
123
158
0
302
0
0
107
313
0
0
0
0
0
166
103
145
91
322
0
0
258
0
201
0
0
179
0
0
181
89
238
0
0
191
174
0
194
243
0
0
290
0
0
174
122
0
124
99
111
104
153
176
141
125
185
183
0
0
138
218
0
0
115
0
151
177
0
156
179
177
160
224
0
0
164
170
113
189
0
0
121
0
101
0
126
126
154
123
205
0
114
0
150
151
178
136
0
289
0
0
112
115
174
181
121
295
0
0
141
178
224
0
0
147
119
0
133
137
452
0
0
0
0
160
450
0
0
0
0
0
94
131
126
152
151
122
143
203
0
0
0
123
120
161
0
141
188
209
0
114
169
253
0
256
0
308
0
0
137
0
139
193
0
128
207
0
151
101
104
170
145
163
0
249
0
276
0
0
146
0
244
0
112
90
197
114
117
0
251
0
127
164
141
0
128
218
0
250
0
0
113
207
0
119
109
0
350
0
0
0
0
0
0
127
203
0
141
175
0
172
289
0
0
0
142
229
0
189
0
243
0
0
0
92
125
241
0
0
173
0
130
86
94
133
0
147
141
0
145
198
0
0
128
160
0
143
113
135
139
198
193
0
0
119
142
157
177
0
0
148
263
0
0
99
0
206
0
149
87
160
182
180
157
0
101
205
0
97
280
0
0
269
0
0
0
104
165
0
157
0
0
114
0
336
0
0
0
0
151
194
192
192
0
142
193
0
205
0
91
92
123
158
143
188
0
171
133
122
174
168
378
0
0
0
0
0
134
160
100
302
0
0
228
0
146
161
169
159
209
0
100
107
302
0
0
0
217
0
169
194
101
165
0
142
165
95
142
521
0
0
0
0
0
0
0
165
0
180
298
0
0
199
0
195
117
100
181
0
188
213
0
188
147
198
102
114
154
179
163
220
0
251
0
130
0
125
136
170
170
244
0
0
0
91
154
0
197
237
0
0
0
158
215
0
99
171
0
116
142
0
123
165
256
0
0
160
0
99
213
0
128
86
160
0
0
203
0
0
199
193
183
273
0
0
196
123
139
160
155
0
0
0
188
176
149
0
157
0
91
175
92
189
278
0
0
0
272
0
0
94
199
206
0
0
106
291
0
0
101
335
0
0
0
0
192
121
285
0
0
0
336
0
0
0
178
290
0
0
0
0
191
177
0
126
173
198
280
0
0
275
0
0
281
0
0
0
233
0
168
114
154
144
102
185
209
0
0
0
156
0
112
185
0
86
0
111
152
111
149
0
171
295
0
0
0
246
0
0
195
161
0
151
150
217
0
273
0
139
180
0
0
119
91
179
225
0
0
172
0
122
224
0
0
181
174
108
156
229
0
152
0
92
184
102
260
0
114
173
124
173
0
260
0
0
0
292
0
0
0
0
90
161
172
0
625
0
0
0
0
0
0
0
0
0
102
155
89
86
232
0
0
0
104
182
176
379
0
0
0
283
0
0
89
462
0
0
0
0
0
201
0
134
139
0
196
0
0
194
193
0
88
98
152
144
169
0
195
168
275
0
0
219
0
0
181
0
133
125
0
304
0
0
185
176
137
208
0
194
154
294
0
0
0
170
129
145
0
196
180
0
0
0
142
168
0
0
0
206
0
167
184
96
159
424
0
0
0
0
0
184
0
0
0
152
176
0
111
326
0
0
0
222
0
136
143
0
138
170
210
0
172
94
180
106
202
0
106
127
167
228
0
0
0
138
0
107
87
161
109
191
0
295
0
0
0
0
157
130
114
304
0
0
0
219
0
225
0
0
0
232
0
0
235
0
190
395
0
0
0
167
128
116
168
124
193
288
0
0
0
142
0
141
0
0
224
0
0
0
156
88
167
199
139
154
0
0
143
289
0
0
89
104
132
110
177
231
0
99
0
105
115
234
0
135
177
254
0
0
0
99
213
0
0
0
282
0
0
169
0
135
87
121
91
127
0
0
260
0
87
168
0
153
0
217
0
195
0
108
219
0
157
279
0
185
216
0
108
160
190
125
169
191
0
185
156
129
213
0
129
0
267
0
91
151
0
0
193
176
0
189
134
0
186
0
0
145
0
187
143
101
0
119
186
253
0
92
176
97
195
0
95
271
0
0
135
0
301
0
0
0
167
243
0
0
125
197
159
214
0
258
0
245
0
0
0
153
211
0
0
236
0
0
107
158
0
109
177
138
231
0
200
0
0
248
0
316
0
0
0
0
340
0
0
0
166
0
0
142
152
0
150
148
223
0
0
0
0
176
0
145
110
189
110
170
0
0
255
0
213
0
240
0
0
246
0
151
154
241
0
0
131
119
168
103
184
118
162
194
171
0
0
115
139
0
0
232
0
331
0
0
0
173
190
162
259
0
0
172
0
436
0
0
0
0
141
112
265
0
0
151
141
293
0
0
157
0
172
152
147
212
0
114
224
0
193
0
140
385
0
0
0
0
110
174
223
0
132
0
193
135
0
276
0
0
0
105
256
0
0
126
153
96
197
196
148
0
177
0
0
91
170
243
0
0
178
197
0
149
158
372
0
0
0
145
181
170
110
132
276
0
0
96
155
230
0
0
101
103
198
160
160
198
323
0
0
0
135
275
0
0
115
218
0
0
255
0
0
0
182
0
344
0
0
0
149
97
158
0
248
0
146
263
0
0
0
0
232
0
0
198
245
0
197
0
0
0
88
201
0
149
103
146
126
247
0
87
138
0
194
179
0
137
0
185
153
333
0
0
0
0
0
103
108
130
234
0
0
0
0
210
0
169
183
147
205
0
119
101
207
0
231
0
0
312
0
0
0
185
0
138
150
135
187
224
0
184
0
0
233
0
0
269
0
0
0
0
188
159
131
0
155
123
253
0
0
113
133
134
103
134
180
198
0
348
0
0
0
400
0
0
0
0
169
112
120
192
185
96
177
190
156
237
0
128
170
239
0
209
0
0
148
171
139
0
150
116
0
199
0
0
264
0
0
171
0
107
308
0
0
0
0
277
0
0
148
186
241
0
0
0
166
93
305
0
0
0
422
0
0
0
0
0
294
0
0
0
0
149
128
96
128
131
250
0
0
0
107
203
0
157
199
131
248
0
0
148
0
132
0
225
0
0
0
250
0
0
171
0
121
267
0
0
0
137
98
93
222
0
188
0
90
138
124
0
139
0
153
195
0
97
150
156
0
174
187
99
194
0
0
271
0
0
0
135
173
170
94
174
109
112
137
192
128
209
0
0
0
199
0
196
125
195
0
0
0
127
282
0
0
86
182
218
0
116
109
224
0
270
0
0
0
0
199
0
190
0
108
0
147
123
0
195
0
0
322
0
0
0
0
193
240
0
0
230
0
0
0
261
0
0
207
0
177
119
125
0
102
113
195
0
227
0
0
165
0
357
0
0
0
0
258
0
0
0
183
0
293
0
0
293
0
0
0
200
0
181
0
0
117
179
0
128
483
0
0
0
0
0
0
217
0
0
182
0
145
113
115
281
0
0
158
183
136
168
227
0
164
141
0
176
165
131
0
197
0
154
0
190
238
0
0
0
270
0
0
139
181
94
197
144
0
146
90
160
0
191
0
198
372
0
0
0
0
154
0
87
217
0
114
193
238
0
0
0
0
0
311
0
0
0
0
139
187
0
215
0
133
0
105
0
202
0
187
0
0
176
0
86
110
160
182
191
95
180
0
166
0
0
148
158
0
261
0
181
88
102
189
0
158
437
0
0
0
0
0
0
312
0
0
0
215
0
0
144
0
152
151
0
231
0
0
105
0
92
98
199
243
0
233
0
0
243
0
0
0
248
0
0
208
0
0
187
230
0
0
171
0
259
0
0
182
122
307
0
0
218
0
241
0
0
270
0
0
0
267
0
0
0
239
0
236
0
189
167
0
339
0
0
0
87
189
0
132
184
139
186
175
0
0
120
195
192
173
175
206
0
178
396
0
0
0
198
157
197
143
169
0
165
398
0
0
0
0
236
0
0
168
184
127
0
120
190
0
166
192
120
0
0
92
218
0
153
265
0
143
109
191
128
122
175
0
157
368
0
0
0
0
182
0
189
0
231
0
144
109
327
0
0
0
0
0
0
94
199
163
185
170
155
0
227
0
0
0
0
131
134
94
141
112
179
430
0
0
0
0
0
200
0
175
0
293
0
0
0
230
0
0
100
104
0
188
104
184
127
0
134
255
0
0
0
142
200
0
223
0
182
132
126
212
0
148
119
142
93
132
177
0
0
125
146
0
211
0
0
111
94
154
116
0
190
0
0
152
157
142
141
164
216
0
165
193
187
196
104
192
0
197
146
155
282
0
0
86
151
354
0
0
0
128
88
91
160
0
0
0
194
145
158
210
0
0
182
0
91
94
200
0
168
0
212
0
194
170
0
207
0
273
0
91
0
180
0
0
122
179
146
192
87
219
0
0
186
106
92
166
0
140
0
176
0
179
193
196
122
211
0
148
328
0
0
0
190
161
193
200
0
167
0
185
0
240
0
0
186
0
117
169
120
157
169
194
0
0
264
0
239
0
0
278
0
0
163
106
100
163
167
402
0
0
0
0
0
0
284
0
0
241
0
0
196
194
0
152
260
0
0
181
110
184
0
357
0
0
0
0
0
0
195
182
0
0
284
0
0
0
88
146
207
0
119
0
302
0
0
0
266
0
0
0
171
0
321
0
0
283
0
0
187
0
233
0
195
122
176
104
0
153
184
132
175
0
246
0
315
0
0
136
202
0
243
0
196
0
0
124
155
173
0
423
0
0
0
0
0
188
0
233
0
557
0
0
0
0
0
0
0
153
130
191
261
0
118
138
88
226
0
193
0
0
131
195
119
111
123
179
111
201
0
241
0
0
105
333
0
0
194
0
178
229
0
207
0
189
115
240
0
208
0
0
105
180
338
0
0
143
206
0
0
0
103
153
0
0
99
104
174
0
0
252
0
0
195
0
162
0
105
551
0
0
0
0
0
0
0
132
216
0
173
116
192
238
0
0
127
198
235
0
207
0
0
108
0
97
217
0
185
190
191
0
211
0
217
0
152
238
0
0
268
0
0
169
116
177
305
0
0
0
186
126
137
103
131
100
0
199
157
210
0
0
102
213
0
0
118
184
210
0
187
191
0
165
240
0
0
182
156
115
335
0
0
0
124
156
206
0
92
188
183
0
231
0
0
168
0
97
173
0
239
0
0
0
0
90
145
0
255
0
312
0
0
0
0
101
172
0
157
0
142
173
86
146
278
0
0
152
103
292
0
0
145
171
0
115
169
229
0
135
333
0
0
325
0
0
0
170
135
219
0
0
127
0
219
0
0
270
0
0
100
257
0
0
189
0
176
115
0
140
0
193
107
195
141
242
0
0
0
0
0
355
0
0
0
0
159
114
0
227
0
256
0
144
154
143
249
0
212
0
175
0
100
129
194
183
202
0
0
98
119
124
350
0
0
0
0
202
0
157
198
0
103
187
0
273
0
0
0
261
0
169
109
168
0
180
0
126
235
0
0
0
122
0
249
0
114
0
184
159
97
130
192
214
0
0
100
274
0
0
103
307
0
0
0
0
238
0
136
109
111
0
227
0
0
0
179
0
214
0
296
0
0
251
0
0
119
223
0
237
0
0
234
0
0
200
0
133
273
0
0
160
214
0
152
117
145
381
0
0
0
0
110
115
146
127
142
179
341
0
0
0
157
179
0
168
170
0
0
303
0
0
0
0
0
0
106
125
203
0
100
141
184
261
0
0
163
86
138
189
185
162
0
196
0
96
142
270
0
192
160
0
86
188
120
223
0
96
122
211
0
0
172
196
0
227
0
0
371
0
0
0
149
133
0
187
0
189
115
0
96
382
0
0
0
0
0
182
100
135
0
155
380
0
0
0
0
0
0
0
89
179
252
0
0
203
0
95
165
158
180
236
0
194
143
143
165
0
166
120
120
217
0
0
0
278
0
88
119
0
98
104
134
121
190
0
0
137
0
158
0
163
0
121
196
0
0
128
119
192
192
0
183
163
0
267
0
251
0
0
103
143
126
108
125
0
168
0
255
0
0
109
107
102
179
108
150
143
176
178
107
172
153
117
92
168
154
193
105
111
0
163
169
192
305
0
0
0
152
180
0
173
0
156
0
204
0
114
148
0
148
138
249
0
0
282
0
0
107
138
227
0
140
237
0
201
0
88
141
126
148
257
0
0
95
260
0
0
0
102
195
0
100
91
184
0
122
188
0
200
0
296
0
0
0
0
173
137
180
97
342
0
0
167
0
173
124
0
153
0
161
0
194
144
251
0
0
122
144
169
91
143
149
0
120
189
0
0
0
128
123
192
192
0
114
328
0
0
0
0
222
0
208
0
0
0
293
0
0
163
120
184
0
287
0
0
232
0
0
97
164
0
186
0
0
178
107
292
0
0
252
0
229
0
188
0
322
0
0
0
0
342
0
0
0
0
99
0
103
344
0
0
0
219
0
0
266
0
165
0
165
98
113
116
111
191
0
0
160
196
158
169
224
0
302
0
0
109
133
138
0
275
0
0
0
0
243
0
0
160
97
175
0
149
189
0
156
132
337
0
0
0
163
207
0
352
0
0
0
0
201
0
106
124
181
110
198
184
172
0
0
192
0
0
246
0
0
0
134
157
99
187
119
111
147
0
145
124
0
233
0
0
0
0
92
175
207
0
0
112
198
0
0
229
0
0
110
134
0
238
0
0
153
110
206
0
0
96
227
0
0
120
140
0
184
0
137
117
115
0
159
97
89
190
199
345
0
0
0
0
378
0
0
0
159
188
0
236
0
282
0
0
302
0
0
0
109
104
141
0
0
176
137
119
100
164
0
134
90
102
124
131
168
181
185
91
162
171
104
118
265
0
0
176
128
287
0
0
179
238
0
282
0
0
0
0
105
162
174
92
91
242
0
176
0
314
0
0
0
94
170
0
97
217
0
175
0
219
0
0
296
0
0
0
0
0
141
0
227
0
127
181
330
0
0
0
0
0
191
0
125
142
0
223
0
0
191
268
0
0
0
0
458
0
0
0
0
0
0
155
0
193
251
0
129
0
203
0
156
0
346
0
0
0
0
0
0
305
0
0
0
0
0
180
0
0
227
0
242
0
0
367
0
0
0
0
0
0
307
0
0
0
0
0
0
324
0
0
0
0
0
156
0
154
187
179
0
0
174
170
0
323
0
0
269
0
0
166
129
0
248
0
0
0
122
94
188
172
197
0
139
198
0
192
281
0
0
96
146
139
104
110
176
0
125
0
194
191
202
0
143
240
0
161
146
106
157
139
157
172
147
95
99
199
0
176
166
0
0
0
151
178
0
0
108
142
0
91
164
0
155
187
0
94
184
0
146
154
249
0
86
219
0
87
195
0
245
0
0
131
160
175
0
176
176
0
0
358
0
0
0
162
160
192
0
150
122
147
0
98
164
0
191
0
0
191
166
238
0
0
136
0
260
0
0
173
0
167
143
118
0
354
0
0
0
0
0
180
0
0
124
127
0
0
144
193
0
222
0
0
112
177
218
0
155
0
161
141
0
151
166
183
249
0
0
0
116
131
92
284
0
0
143
107
132
264
0
0
0
0
215
0
0
405
0
0
0
0
128
0
185
0
131
158
0
133
128
0
193
201
0
111
145
186
225
0
0
173
132
0
152
166
284
0
0
142
187
97
277
0
0
0
179
0
234
0
233
0
189
103
95
182
163
166
182
100
216
0
191
0
158
0
125
157
0
112
222
0
252
0
190
0
0
291
0
0
0
498
0
0
0
0
0
0
0
154
0
0
134
145
0
208
0
198
0
174
179
215
0
0
188
87
131
136
189
115
86
207
0
177
154
190
154
152
194
135
241
0
183
0
112
182
123
97
135
0
93
271
0
0
0
99
269
0
0
0
156
0
0
237
0
0
125
150
147
0
136
203
0
0
107
208
0
0
201
0
94
326
0
0
0
126
182
242
0
162
154
109
0
171
96
196
214
0
145
0
143
0
158
187
0
128
288
0
0
0
0
175
0
113
0
274
0
152
271
0
0
146
120
324
0
0
0
121
183
358
0
0
0
194
0
114
193
0
0
130
132
0
124
124
216
0
116
98
114
123
0
0
93
109
124
197
173
195
126
108
128
118
181
0
188
0
194
158
0
123
108
171
261
0
0
230
0
146
0
221
0
332
0
0
0
0
155
126
104
112
106
0
168
155
289
0
0
412
0
0
0
0
118
169
233
0
288
0
0
0
0
0
221
0
144
167
0
205
0
0
160
188
104
198
237
0
0
167
0
128
158
272
0
0
0
146
176
152
0
0
141
131
121
193
0
282
0
0
140
0
176
196
231
0
0
0
0
0
104
158
0
160
174
0
177
90
86
112
96
158
192
214
0
0
168
235
0
0
200
0
115
134
199
0
98
148
0
237
0
137
0
167
0
131
317
0
0
0
0
161
112
109
164
164
0
127
0
242
0
194
0
236
0
0
167
90
231
0
236
0
0
0
310
0
0
0
0
192
155
90
137
175
108
172
0
0
144
95
258
0
0
131
155
0
150
178
0
170
155
191
193
133
103
190
0
183
155
0
174
168
179
256
0
0
395
0
0
0
0
107
135
149
142
166
145
191
270
0
0
191
250
0
113
431
0
0
0
0
0
0
211
0
0
198
0
101
160
214
0
201
0
173
172
102
302
0
0
126
117
113
265
0
0
0
269
0
0
0
173
132
0
333
0
0
0
0
172
0
180
0
0
162
244
0
0
0
197
170
0
90
332
0
0
0
196
177
145
188
166
144
204
0
0
0
129
141
304
0
0
107
203
0
0
0
222
0
0
95
154
134
164
0
194
165
241
0
193
0
0
131
154
114
0
95
129
122
186
0
460
0
0
0
0
0
0
0
0
189
159
0
87
185
0
91
143
160
129
211
0
251
0
0
0
194
135
0
125
108
339
0
0
231
0
196
0
142
138
156
198
106
169
165
146
166
194
111
147
0
249
0
0
185
239
0
0
122
95
212
0
0
221
0
0
129
105
111
167
0
288
0
0
0
158
0
176
0
211
0
220
0
173
0
186
0
150
0
139
0
131
223
0
128
0
0
168
99
89
165
219
0
0
0
149
112
153
102
140
202
0
108
164
0
239
0
0
134
116
145
0
180
148
0
219
0
0
93
196
0
436
0
0
0
0
0
0
0
133
207
0
0
259
0
0
0
187
0
102
149
151
0
180
186
0
169
102
178
114
96
156
172
231
0
140
117
168
174
0
325
0
0
0
193
0
111
286
0
0
139
246
0
226
0
0
163
0
98
150
0
149
150
161
186
204
0
224
0
233
0
109
163
194
170
137
94
284
0
0
251
0
189
0
171
94
0
102
204
0
92
163
151
0
92
216
0
256
0
0
0
157
161
0
0
230
0
124
146
180
0
0
153
0
171
103
137
134
303
0
0
128
0
194
175
90
251
0
0
112
178
0
102
108
125
0
104
157
116
135
221
0
150
192
195
0
219
0
161
202
0
276
0
0
0
0
230
0
158
172
0
167
161
122
227
0
0
0
224
0
259
0
0
137
150
0
254
0
0
238
0
0
99
192
146
149
203
0
168
205
0
0
206
0
152
94
184
115
159
193
184
176
0
333
0
0
248
0
171
0
438
0
0
0
0
0
0
165
116
119
279
0
0
229
0
187
173
124
0
116
192
0
160
0
167
199
188
135
173
0
306
0
0
180
174
214
0
198
0
0
158
298
0
0
202
0
0
119
108
175
138
190
157
0
122
134
147
198
0
0
149
199
100
103
244
0
280
0
115
154
196
0
129
174
93
169
0
87
121
120
168
187
196
166
248
0
0
0
212
0
371
0
0
0
0
0
248
0
0
0
0
0
0
268
0
0
369
0
0
0
157
248
0
199
125
104
0
106
198
139
168
182
135
0
0
120
0
91
165
178
258
0
274
0
0
313
0
0
0
144
185
0
163
192
162
0
234
0
0
0
0
104
153
175
136
174
0
154
120
117
107
267
0
185
0
276
0
0
387
0
0
0
0
213
0
87
97
207
0
170
103
0
134
86
194
0
170
140
158
0
190
122
176
0
160
244
0
0
121
196
172
0
106
89
108
168
379
0
0
0
0
0
0
200
0
190
0
168
109
171
210
0
0
126
0
173
95
100
100
177
200
0
179
180
153
188
176
0
86
126
207
0
141
121
348
0
0
0
125
189
0
195
244
0
0
139
143
130
0
199
0
0
162
293
0
0
133
0
0
175
115
175
138
0
198
0
202
0
0
115
230
0
0
0
395
0
0
0
0
0
0
104
164
130
110
0
241
0
0
0
100
102
212
0
109
98
177
157
96
192
0
222
0
0
181
178
227
0
161
165
88
135
155
238
0
0
0
139
163
176
143
0
190
218
0
0
326
0
0
0
191
203
0
158
0
192
0
136
0
143
0
0
178
164
0
0
202
0
115
221
0
0
142
96
121
0
146
105
0
291
0
0
0
0
0
142
113
264
0
0
197
0
137
138
0
164
189
222
0
0
139
0
0
167
193
198
0
143
210
0
222
0
249
0
190
0
0
151
129
172
0
0
335
0
0
161
132
0
94
284
0
0
160
141
120
106
159
220
0
171
190
112
193
0
175
0
265
0
0
328
0
0
91
337
0
0
0
177
0
105
237
0
0
127
0
160
0
176
148
137
93
182
0
179
0
179
0
432
0
0
0
0
0
195
0
85530