73
194
170
227
0
183
92
163
0
0
119
112
0
81
194
239
0
105
106
155
0
0
172
192
130
0
86
390
0
0
0
0
0
0
161
177
156
102
109
184
0
0
92
0
174
172
180
135
164
0
181
321
0
0
0
0
0
97
115
166
0
95
173
0
147
82
178
89
178
104
160
119
82
128
106
112
0
143
0
191
167
95
148
96
0
157
202
0
112
186
0
0
259
0
80
174
0
187
87
85
137
104
136
350
0
0
0
0
294
0
0
0
135
157
153
87
144
196
0
0
160
232
0
0
121
144
234
0
123
108
116
0
0
213
0
145
0
144
245
0
137
82
90
179
117
0
194
0
166
0
87
213
0
0
0
0
0
145
116
199
0
113
105
99
212
0
174
0
0
188
0
0
189
233
0
0
0
228
0
0
213
0
0
166
92
86
129
0
106
192
165
107
105
0
195
0
191
0
82
162
228
0
294
0
0
109
293
0
0
108
188
144
198
85
185
90
128
122
176
135
163
120
179
175
0
151
0
123
210
0
152
178
81
160
92
125
153
211
0
95
112
163
190
184
183
155
196
166
0
128
105
199
88
102
81
88
98
168
122
97
147
0
192
81
303
0
0
230
0
0
90
123
0
347
0
0
0
0
0
0
128
134
221
0
277
0
0
158
0
174
138
106
0
198
85
114
150
176
242
0
0
215
0
94
151
99
198
91
217
0
199
231
0
0
109
0
230
0
126
124
111
187
218
0
155
0
231
0
135
150
134
183
0
0
97
210
0
0
227
0
0
80
121
143
0
134
188
307
0
0
0
0
174
197
0
0
0
178
89
151
109
101
90
406
0
0
0
0
0
0
0
103
197
0
145
0
114
150
0
206
0
127
270
0
278
0
0
0
0
185
0
89
257
0
0
0
0
0
147
223
0
0
0
83
156
155
0
117
151
0
98
0
188
117
228
0
102
173
99
124
106
105
209
0
88
159
118
134
0
178
147
238
0
197
0
0
127
147
89
104
235
0
0
177
0
161
212
0
168
84
262
0
0
0
0
131
92
167
0
0
158
0
174
512
0
0
0
0
0
0
0
0
0
142
211
0
187
119
186
124
86
158
170
154
185
0
188
0
102
101
129
194
124
0
146
0
199
191
120
216
0
144
119
201
0
215
0
181
154
178
123
0
197
0
197
115
140
219
0
96
144
201
0
0
0
197
0
0
307
0
0
200
0
202
0
188
285
0
0
0
88
258
0
108
0
88
149
220
0
143
208
0
158
168
165
277
0
0
193
0
0
219
0
127
0
188
0
191
0
126
156
0
114
113
155
122
141
0
134
192
198
187
187
167
0
211
0
169
176
174
84
111
177
180
120
215
0
0
0
115
0
266
0
0
0
0
119
239
0
0
100
163
151
0
187
156
225
0
137
134
162
224
0
0
0
173
174
152
235
0
0
149
258
0
0
110
174
0
139
108
119
101
115
150
131
0
117
198
176
243
0
0
198
0
0
0
123
223
0
103
101
363
0
0
0
116
0
211
0
0
216
0
152
156
189
0
184
199
109
133
0
183
0
156
89
99
98
162
0
145
164
0
170
80
221
0
0
112
0
187
0
145
0
198
160
238
0
0
0
0
0
150
123
0
195
110
125
0
243
0
0
0
90
188
109
128
154
170
0
216
0
261
0
183
164
376
0
0
0
194
163
0
157
189
116
108
353
0
0
0
0
0
0
157
116
182
0
237
0
145
0
154
0
158
161
0
0
216
0
187
121
127
80
147
134
114
332
0
0
0
0
156
210
0
102
0
82
186
0
133
84
193
0
0
123
180
103
106
117
119
167
155
179
0
99
0
155
220
0
0
101
138
113
0
0
0
192
136
0
348
0
0
0
162
0
152
135
0
115
179
0
231
0
164
322
0
0
0
0
138
120
0
116
185
291
0
0
114
172
211
0
174
0
108
187
81
190
0
0
0
198
220
0
0
129
192
121
89
167
0
0
92
207
0
0
0
110
191
0
160
266
0
0
156
193
199
101
188
197
0
213
0
0
0
152
0
0
133
152
226
0
0
86
171
0
0
192
175
183
92
83
154
220
0
0
86
159
135
185
0
178
117
234
0
0
123
95
281
0
0
135
0
207
0
162
89
419
0
0
0
0
197
132
171
125
247
0
0
0
0
133
160
0
125
246
0
186
206
0
162
199
0
178
141
133
124
243
0
371
0
0
0
162
86
183
146
0
99
144
110
0
92
264
0
173
116
89
235
0
0
0
0
132
107
124
173
138
0
256
0
0
140
114
212
0
171
0
167
114
101
275
0
0
0
158
0
113
0
115
80
173
95
162
83
134
120
96
214
0
0
103
166
99
240
0
92
238
0
0
80
94
114
144
162
0
471
0
0
0
0
0
121
199
0
113
261
0
0
0
194
113
200
0
101
264
0
0
130
0
110
286
0
0
0
125
196
0
141
0
0
123
188
181
0
182
205
0
170
177
187
233
0
159
0
161
0
194
252
0
119
0
0
150
95
90
194
178
0
162
102
235
0
165
128
195
0
115
131
165
171
0
248
0
208
0
171
94
184
0
136
155
231
0
0
0
220
0
0
107
170
0
0
154
0
118
144
0
99
196
0
0
178
233
0
0
198
0
188
0
178
0
184
123
104
212
0
0
188
0
0
188
153
0
176
0
168
173
0
160
125
0
197
244
0
176
88
196
0
242
0
268
0
0
137
0
130
183
0
221
0
259
0
85
130
108
0
0
120
217
0
110
211
0
0
150
193
189
132
0
160
0
115
166
0
292
0
0
0
191
246
0
91
191
163
112
396
0
0
0
0
97
164
0
0
158
0
116
172
0
160
141
163
0
147
194
189
0
0
185
0
116
0
181
0
174
0
83
85
204
0
118
175
174
0
228
0
0
205
0
191
306
0
0
0
102
86
276
0
0
0
85
146
107
225
0
81
121
181
153
181
180
0
370
0
0
0
96
217
0
0
0
134
98
243
0
0
0
0
0
104
0
0
194
159
0
80
165
137
169
0
181
162
267
0
0
82
145
194
166
89
219
0
155
158
233
0
128
0
109
155
153
0
111
148
98
120
208
0
0
150
138
189
0
98
100
185
181
0
152
0
106
0
82
148
213
0
0
195
185
170
119
124
0
112
126
0
142
0
339
0
0
0
188
0
84
192
389
0
0
0
0
114
0
177
0
118
109
100
238
0
287
0
0
0
284
0
0
177
119
142
0
149
162
83
161
139
118
90
0
152
125
107
138
253
0
0
87
212
0
81
160
125
110
197
0
150
194
106
174
0
86
0
186
176
151
0
334
0
0
0
165
91
295
0
0
155
0
0
190
0
105
314
0
0
0
0
187
0
112
132
89
171
231
0
0
116
184
239
0
126
131
122
135
90
114
114
150
106
214
0
0
0
235
0
145
120
241
0
0
146
124
136
215
0
122
160
247
0
90
83
232
0
0
0
116
196
0
95
176
103
84
186
176
477
0
0
0
0
0
0
0
0
113
139
182
105
90
146
167
200
0
131
126
145
0
0
135
212
0
101
93
82
162
162
253
0
0
233
0
0
191
0
168
80
172
0
214
0
80
149
282
0
0
279
0
0
233
0
0
132
160
112
97
209
0
134
224
0
191
131
164
87
220
0
149
0
136
150
200
0
0
0
84
197
161
135
338
0
0
0
104
261
0
124
119
80
179
153
195
87
108
120
286
0
0
0
0
0
0
134
116
98
288
0
0
0
118
186
168
172
0
146
174
0
172
181
203
0
0
159
176
94
194
143
135
199
139
0
203
0
132
141
118
0
158
159
0
0
109
98
132
0
247
0
193
0
150
309
0
0
84
165
124
183
152
0
173
0
242
0
0
0
109
174
234
0
0
0
177
161
172
0
180
147
83
144
192
96
191
157
172
157
154
134
180
109
203
0
0
144
176
144
150
0
94
0
169
112
124
243
0
0
0
93
115
186
0
237
0
0
176
0
101
181
0
193
0
93
189
256
0
0
157
0
147
99
127
146
81
248
0
0
0
0
154
240
0
0
138
301
0
0
0
0
275
0
0
201
0
0
125
187
0
178
183
147
109
0
182
0
147
195
0
216
0
170
115
148
0
122
142
0
91
0
231
0
0
91
198
190
256
0
161
116
147
0
120
136
0
140
0
0
161
89
128
361
0
0
0
0
0
80
93
178
222
0
182
156
0
195
156
180
123
198
118
103
0
124
139
153
188
130
251
0
0
0
0
0
183
271
0
0
95
153
181
112
133
101
213
0
0
162
0
170
0
141
199
151
288
0
0
140
202
0
198
112
0
173
174
240
0
344
0
0
0
0
300
0
0
0
91
92
234
0
0
180
174
146
0
109
147
0
178
127
101
118
157
163
0
185
182
213
0
0
0
107
169
0
131
0
171
154
0
133
137
239
0
157
179
0
242
0
0
0
0
151
80
173
138
213
0
262
0
0
0
266
0
0
163
194
0
0
124
95
174
131
126
188
175
0
0
194
102
196
0
0
0
207
0
166
81
143
0
101
0
140
243
0
0
141
248
0
0
0
290
0
0
168
0
0
130
101
166
0
197
0
187
0
121
148
87
141
188
0
152
0
0
103
143
0
178
0
123
0
289
0
0
0
0
0
0
87
189
109
189
0
143
0
275
0
0
0
0
203
0
0
0
198
0
0
184
0
137
198
240
0
0
137
195
106
237
0
338
0
0
0
199
252
0
175
0
124
0
187
182
0
0
141
293
0
0
137
197
89
101
173
0
231
0
161
117
184
0
140
191
159
178
219
0
439
0
0
0
0
0
220
0
132
106
88
171
123
178
161
123
109
240
0
0
101
223
0
181
281
0
0
154
104
172
0
172
167
0
172920