143
0
227
0
147
146
0
86
125
159
149
0
35
48
148
131
46
57
47
133
115
233
0
46
174
154
85
54
92
0
120
0
122
56
89
168
174
0
96
0
136
0
164
164
130
90
157
197
0
93
0
157
144
185
80
119
161
172
76
110
121
216
0
117
0
128
0
160
144
0
116
116
140
118
0
179
148
192
191
87
206
0
116
73
160
157
176
134
184
167
0
62
0
40
0
109
113
126
173
134
188
183
62
78
130
62
168
145
0
61
96
184
62
97
88
205
0
165
127
120
0
187
147
138
0
160
73
165
68
131
159
47
125
188
0
142
44
0
0
189
0
71
186
51
199
190
146
0
91
191
0
75
106
0
99
168
69
99
130
185
131
174
0
0
205
0
0
71
65
44
50
132
192
0
126
0
190
121
71
130
157
198
184
109
0
104
199
143
47
72
50
93
172
119
177
49
76
84
115
103
0
134
121
133
0
190
108
0
144
0
194
81
64
0
43
164
173
199
186
47
89
0
63
93
146
53
49
130
49
187
72
141
81
144
97
137
159
51
173
0
94
0
175
97
113
113
168
0
94
0
112
186
0
72
135
0
149
0
156
45
72
233
0
89
58
80
183
0
60
92
131
0
168
130
50
165
115
175
49
178
63
149
227
0
0
131
106
86
0
0
184
159
104
0
169
0
88
79
0
37
143
181
84
160
52
199
0
98
92
0
132
206
0
74
62
143
0
95
152
0
162
147
73
143
0
51
190
97
129
169
177
145
126
194
82
0
0
0
156
140
0
76
151
0
74
143
174
81
100
0
0
23
44
123
169
79
150
94
100
0
112
103
0
218
0
135
89
0
81
78
0
54
44
203
0
25
113
66
0
101
159
126
152
56
47
155
204
0
148
112
121
119
0
40
0
104
0
152
68
147
114
140
126
173
139
189
134
96
0
32
224
0
69
176
191
53
127
184
155
138
150
173
200
0
214
0
85
129
0
99
0
63
0
51
125
68
130
147
180
75
147
0
194
0
100
68
69
58
64
78
148
114
90
177
102
97
0
154
134
76
148
0
82
50
45
100
66
89
156
185
165
160
183
213
0
69
182
78
76
0
166
175
54
0
76
129
0
73
112
144
58
0
64
0
152
181
47
107
145
166
110
133
206
0
227
0
96
160
84
0
111
0
45
149
0
113
156
0
159
119
0
124
0
119
185
0
191
90
116
45
111
95
100
106
104
161
66
114
120
85
154
132
0
43
129
138
0
88
160
134
0
109
0
152
0
160
90
0
173
78
88
45
79
177
165
0
0
83
46
59
123
0
131
110
0
177
110
191
45
109
0
53
83
121
89
59
95
153
177
191
135
0
167
0
165
64
82
125
54
211
0
67
65
0
170
0
127
205
0
0
135
179
155
0
0
191
112
54
182
142
154
212
0
181
0
89
101
72
114
54
0
75
100
0
41
0
133
53
161
189
180
166
174
118
84
120
203
0
25
143
163
154
134
83
107
0
143
196
140
60
61
53
158
79
193
114
64
0
112
168
0
0
58
0
198
0
75
188
62
188
0
137
113
178
120
115
188
48
95
62
61
74
0
114
171
87
108
176
144
82
180
0
154
82
188
0
169
144
0
111
124
85
129
177
213
0
148
103
138
118
162
158
0
98
119
0
130
62
188
77
0
133
153
83
179
156
0
0
101
0
150
0
174
191
0
50
129
124
122
0
198
115
141
125
102
61
153
0
160
0
108
90
0
86
81
135
132
111
123
105
198
46
139
0
65
54
66
153
178
0
189
146
52
145
180
0
165
163
127
142
105
136
0
73
140
0
102
112
136
126
127
195
193
0
118
74
185
118
73
161
102
198
195
0
192
118
115
0
144
108
0
53
0
0
179
85
200
0
82
179
100
149
221
0
0
178
164
176
92
0
162
116
0
36
87
109
153
0
177
0
167
0
141
156
0
80
155
136
198
145
52
188
53
0
218
0
168
96
88
170
95
154
151
0
144
69
140
121
184
57
172
0
27
100
194
183
108
47
59
127
174
56
94
119
91
78
0
162
137
185
184
0
157
160
0
129
127
155
0
120
133
96
140
0
84
101
170
166
104
108
183
78
109
137
203
0
86
196
187
134
179
0
49
94
48
90
130
126
0
172
90
151
64
61
158
171
86
0
177
115
171
181
59
168
191
55
195
74
90
0
0
138
49
122
158
56
83
180
156
154
181
145
77
0
132
125
162
147
152
78
156
192
54
0
131
98
0
53
0
26
114
0
0
57
0
178
80
153
0
31
195
98
0
57
146
85
159
66
101
117
0
84
0
223
0
184
192
0
35
0
191
0
119
179
77
0
185
142
92
57
164
0
53
112
209
0
200
0
43
170
194
145
56
0
117
45
100
99
47
99
0
156
136
0
126
0
86
0
188
160
157
0
67
173
0
75
101
193
0
199
0
88
47
192
115
174
111
0
50
88
67
129
91
0
100
124
0
172
117
181
131
172
118
0
186
213
0
188
128
0
111
126
120
0
71
137
109
136
67
110
171
45
51
56
64
184
170
0
170
121
0
87
177
0
120
95
190
47
197
78
180
119
0
24
193
134
141
65
50
98
116
164
94
0
155
90
127
0
168
170
120
117
164
0
174
77
169
0
118
0
23
134
139
0
60
98
0
0
167
82
69
184
160
162
117
146
0
68
132
154
50
146
89
70
148
88
121
130
122
73
133
0
39
127
127
0
0
61
118
92
136
139
59
104
156
182
70
181
212
0
137
180
0
108
51
111
126
191
66
169
134
0
93
157
0
173
119
138
156
48
160
65
0
118
138
0
131
186
154
47
88
0
53
171
77
156
168
100
69
44
0
135
160
0
197
0
128
180
113
128
159
98
89
172
94
68
0
150
0
0
100
94
0
117
98
0
86
69
157
95
0
190
143
183
193
106
99
159
0
0
63
66
0
120
59
85
196
170
105
134
0
174
90
111
128
132
117
0
111
0
101
237
0
142
140
142
143
65
112
127
0
152
159
216
0
30
59
101
0
188
191
108
102
139
0
169
0
135
100
189
70
0
75
0
88
71
61
176
172
0
181
149
123
0
0
62
185
168
181
45
194
0
92
69
0
109
152
0
180
129
93
137
74
160
0
146
82
148
175
0
50
142
118
118
51
123
0
75
126
55
0
116
152
115
67
178
114
0
74
108
101
217
0
170
124
175
150
112
103
0
148
68
169
69
73
140
93
116
85
110
71
0
142
198
115
0
145
125
169
107
0
44
89
140
165
46
187
70
136
0
135
187
135
0
115
0
115
0
157
168
122
158
189
126
166
53
139
172
155
0
0
189
0
144
97
0
36
200
0
168
158
53
152
0
117
66
66
71
169
152
183
154
52
148
0
150
0
119
79
58
175
171
115
0
60
58
58
0
170
105
46
143
57
59
57
180
135
93
100
145
0
69
95
196
0
0
166
153
212
0
42
126
0
165
127
87
189
112
126
135
44
73
99
0
156
114
177
201
0
164
0
54
115
176
86
0
120
44
0
70
182
97
168
69
218
0
37
170
0
104
0
153
141
55
0
135
123
182
0
0
0
49
0
75
218
0
33
191
203
0
121
59
148
106
190
113
0
163
148
175
171
181
175
200
0
43
149
55
57
0
160
0
0
54
86
71
113
160
0
126
145
103
94
0
0
100
118
82
182
47
133
174
128
172
112
157
188
76
44
158
140
118
130
0
153
0
30
191
81
170
0
174
122
160
191
142
162
125
189
72
159
195
86
87
0
142
73
184
0
85
0
134
0
144
0
137
0
36
89
111
0
191
85
108
104
0
179
67
186
199
143
121
204
0
171
64
75
192
69
54
113
91
101
125
46
0
109
158
0
98
0
0
108
0
0
140
198
198
102
176
135
96
144
0
57
69
0
138
113
156
130
161
82
185
185
45
123
132
79
127
66
77
50
137
0
0
95
144
198
0
107
65
159
115
125
65
105
69
111
61
145
0
187
148
66
57
153
164
84
180
86
129
95
150
0
153
113
132
128
191
0
187
200
0
52
101
176
0
91
76
174
205
0
79
171
193
0
70
114
60
134
44
87
219
0
64
138
104
0
72
95
0
0
122
70
193
0
160
191
139
124
0
185
53
178
45
0
104
185
76
0
74
67
172
0
106
65
146
0
143
158
159
0
23
112
0
0
99
103
178
156
195
191
127
0
67
110
0
0
192
0
34
95
0
196
0
100
0
47
174
119
91
0
127
126
0
153
97
147
107
78
61
154
0
153
102
121
130
174
166
62
82
69
49
160
0
205
0
30
140
93
145
45
74
166
50
189
141
188
0
97
142
0
119
68
211
0
117
0
141
0
186
55
142
118
183
0
56
129
103
0
104
191
175
171
151
189
122
0
111
172
126
193
80
136
83
158
131
70
149
0
207
0
101
147
82
54
106
138
142
54
81
116
121
50
122
0
144
0
157
48
49
141
48
0
76
200
0
72
93
99
229
0
147
81
138
192
209
0
158
58
143
0
150
174
178
97
82
141
183
134
86
0
212
0
172
0
197
0
175
0
0
182
0
156
85
0
79
0
0
108
75
190
115
194
135
110
207
0
176
168
105
63
44
74
171
107
63
98
148
92
124
0
116
122
149
87
180
197
56
58
160
58
161
0
34
65
167
0
103
0
0
141
108
0
169
141
122
128
52
173
176
137
169
222
0
0
62
186
0
61
55
96
0
127
82
205
0
66
0
83
0
79
151
47
174
137
124
0
154
103
133
210
0
92
132
188
165
90
144
146
0
0
125
0
78
128
44
159
63
187
0
155
49
135
179
0
140
0
0
0
71
207
0
178
61
0
65
101
170
0
102
150
0
190
195
141
170
0
205
0
164
135
68
183
0
191
144
157
135
101
72
127
0
191
65
181
110
0
140
133
184
60
198
0
50
190
184
126
113
99
89
93
115
142
174
147
87
164
210
0
75
186
186
131
139
82
93
130
127
80
0
159
159
136
185
158
165
82
68
52
159
189
92
136
96
132
0
208
0
65
197
176
0
0
53
60
161
149
121
0
171
0
156
73
172
102
125
170
158
148
187
121
106
115
129
0
39
165
0
40
55
66
193
195
0
191
173
127
170
0
35
179
170
69
114
118
148
65
0
51
159
0
65
122
115
48
55
149
52
73
68
0
199
59
188
81
139
71
86
159
177
128
102
160
0
23
160
0
162
186
72
170
54
44
114
163
184
0
55
94
186
0
190
57
0
41
179
0
27
88
124
122
154
0
56
103
156
98
148
0
107
48
118
46
61
154
67
176
172
103
228
0
55
69
0
84
0
151
85
129
166
181
156
195
110
0
194
0
226
0
40
121
0
151
101
168
153
96
95
102
68
186
88
131
110
82
107
128
0
145
52
65
104
131
161
102
217
0
0
100
78
198
94
144
176
0
57
189
0
112
193
159
59
164
129
117
106
79
46
54
0
164
122
63
125
54
143
134
194
106
0
64
0
199
66
96
77
0
0
93
120
62
199
128
207
0
151
154
0
76
81
46
143
138
90
142
185
145
98
49
185
154
190
76
176
90
0
43
161
0
38
142
187
101
0
174
175
142
79
129
173
141
80
96
72
0
107
0
170
0
62
170
130
72
82
60
162
126
0
45
54
108
0
71
163
181
0
131
211
0
93
113
51
221
0
209
0
135
0
135
0
163
144
166
0
155
87
158
113
195
100
114
57
139
138
0
180
59
189
181
153
125
93
182
65
0
171
180
137
99
0
148
79
75
0
86
185
109
0
31
176
212
0
22
58
181
53
80
134
0
167
96
0
64
190
0
93
166
131
0
142
120
109
58
134
162
0
161
119
0
176
0
146
69
56
155
0
140
152
63
48
98
137
141
0
194
73
119
0
102
198
161
0
169
158
76
121
110
0
162
101
91
129
224
0
108
198
131
160
102
115
0
187
93
86
169
68
55
181
0
183
166
150
162
196
0
186
161
162
0
41
189
177
52
116
0
179
77
189
76
197
166
175
0
0
83
82
171
86
67
155
0
26
89
194
102
52
154
94
0
0
129
176
110
167
101
187
83
145
132
115
60
0
144
0
123
97
184
113
148
103
0
143
159
0
189
94
147
138
123
0
0
53
0
45
0
154
124
169
0
155
85
106
128
125
118
0
168
163
144
152
114
51
0
180
0
0
164
54
94
100
84
78
111
0
41
98
98
174
164
118
0
45
99
48
59
0
44
202
0
162
135
97
112
194
148
184
57
0
163
87
97
63
170
85
62
0
70
0
134
160
105
124
59
187
171
215
0
191
86
230
0
154
0
90
57
82
165
181
89
84
165
140
0
22
192
147
0
170
0
152
79
91
120
185
0
64
129
127
108
165
0
28
183
127
48
174
192
0
92
0
0
121
160
0
115
181
194
98
126
0
122
115
0
80
0
205
0
122
153
183
139
155
147
167
0
117
123
153
57
168
174
51
89
53
143
0
89
153
156
81
87
0
100
59
163
102
177
70
189
148
197
0
121
121
101
0
198
55
93
159
151
118
197
101
152
150
0
26
48
141
131
66
170
150
46
59
151
165
187
118
134
153
54
129
0
104
177
68
149
131
105
69
176
124
188
137
107
133
126
112
173
78
196
0
81
97
70
187
192
110
151
178
181
94
139
85
171
63
174
115
110
0
164
151
0
211
0
154
103
177
167
111
0
159
155
0
136
210
0
145
179
172
72
157
0
48
96
0
127
128
0
195
0
141
178
157
128
124
0
132
145
0
0
143
160
0
0
0
109
164
0
96
189
100
178
133
0
0
143
109
113
199
182
192
0
67
111
174
0
81
56
0
50
0
34
80
128
50
105
154
172
189
0
195
185
0
50
155
169
94
94
159
87
0
66
59
187
113
0
170
168
76
127
111
126
59
161
0
185
100
105
197
0
44
195
121
186
159
97
0
155
197
0
198
83
0
152
45
198
0
164
0
50
131
134
198
180
0
143
0
171
141
0
64
0
169
0
208
0
179
57
120
71
100
128
152
123
78
0
195
176
123
62
131
113
0
76
120
175
146
184
167
199
0
82
86
57
138
0
181
0
120
128
142
0
157
108
104
173
0
162
105
79
69
46
91
144
0
86
111
232
0
189
0
22
0
187
178
0
51
135
199
122
195
93
187
46
114
90
0
41
0
87
61
162
64
98
0
176
51
199
120
0
121
124
120
158
129
109
74
81
130
0
144
116
111
139
165
0
94
53
162
148
72
46
153
45
64
122
69
0
0
171
70
105
119
0
0
195
69
130
121
84
144
123
55
143
54
0
140
71
159
110
0
176
76
91
189
0
97
86
148
136
75
182
190
134
111
87
73
190
150
104
120
86
90
0
95
89
171
171
236
0
55
161
0
91
104
0
163
151
0
98
104
141
0
0
59
62
0
43
102
0
49
0
153
49
88
114
60
56
0
29
117
198
0
217
0
168
140
0
0
194
157
191
83
153
215
0
0
89
0
178
171
171
92
92
185
119
0
155
137
0
201
0
0
144
72
92
0
29
70
0
128
91
80
92
133
0
107
52
103
0
40
113
139
69
77
0
158
0
100
124
86
146
204
0
132
0
72
161
66
93
51
110
123
63
180
195
120
0
180
154
0
118
82
141
0
0
44
194
117
179
116
157
0
105
0
146
166
94
99
0
60
132
47
55
63
91
181
74
0
200
0
48
224
0
109
96
0
67
132
0
168
68
132
0
101
0
67
89
145
143
68
198
191
54
142
102
175
98
169
0
160
114
149
179
145
0
67
0
57
192
126
113
118
0
34
0
82
0
98
49
135
135
168
112
168
55
138
167
153
169
150
98
179
196
196
162
188
110
122
122
89
54
102
81
0
195
198
130
48
165
151
142
174
0
192
76
68
99
192
0
127
188
134
69
117
125
0
39
89
175
84
0
0
177
49
137
68
144
74
59
128
0
149
101
143
90
79
101
149
150
55
96
45
62
115
142
178
57
198
196
0
176
78
184
0
117
198
191
0
144
234
0
103
107
160
182
0
0
99
0
129
196
47
96
129
147
123
0
151
106
0
144
89
182
88
171
58
118
86
66
55
148
178
52
127
165
197
211
0
71
199
228
0
73
120
0
172
72
195
133
166
134
128
0
43
180
226
0
139
169
112
75
170
0
143
0
0
97
63
97
169
67
174
74
0
33
78
75
125
169
199
88
0
92
81
95
95
104
115
152
0
184
101
84
189
204
0
97
130
107
155
157
138
166
173
92
74
112
76
0
62
185
127
158
0
76
0
176
0
0
126
110
0
160
82
0
0
132
133
70
101
199
58
0
97
139
168
198
142
179
55
103
140
60
73
198
0
77
144
130
187
130
0
236
0
133
133
55
149
0
54
128
193
184
0
86
0
159
122
0
113
92
185
0
91
143
87
209
0
184
139
55
0
92
188
0
110
195
168
81
0
129
0
195
146
110
159
168
0
97
0
63
85
104
194
124
158
166
142
101
0
199
141
195
143
177
50
99
180
175
167
132
145
157
57
147
213
0
169
0
100
0
0
66
0
0
187
0
162
190
0
124
175
77
81
0
175
135
68
163
185
163
79
138
181
54
0
0
156
132
111
0
149
66
156
45
0
58
88
0
98
174
103
183
156
176
0
152
57
86
0
23
59
60
148
0
79
185
88
0
77
62
159
126
0
96
190
0
129
143
128
114
0
151
49
184
101
67
96
182
104
172
63
130
141
79
79
68
196
188
116
190
85
0
141
60
66
0
22
80
62
183
188
66
169
124
52
100
86
0
104
107
81
179
127
153
233
0
168
176
88
132
155
65
63
0
60
66
95
152
164
150
162
175
70
87
0
32
179
150
0
27
0
171
168
188
0
192
81
46
169
119
134
166
168
45
142
89
112
174
133
0
38
0
79
105
59
90
99
176
132
87
0
59
110
51
80
151
105
115
151
0
111
171
0
117
105
173
84
75
62
155
124
49
94
0
139
179
150
0
87
168
98
136
206
0
114
0
22
164
59
149
64
0
101
180
176
0
0
198
120
0
0
61
77
212
0
157
56
0
44
116
87
98
88
55
165
181
129
0
142
69
75
156
124
110
47
128
137
178
0
0
170
80
0
0
105
69
118
51
56
0
80
82
0
181
51
53
109
172
167
0
28
111
164
82
83
116
0
129
138
67
138
0
0
150
120
136
70
0
0
106
180
169
124
0
0
67
199
150
44
135
130
138
99
118
188
116
158
53
0
108
0
104
48
54
77
180
0
82
175
0
42
191
63
0
171
101
116
0
185
117
190
50
134
170
175
101
106
0
81
80
0
56
180
178
0
34
98
0
132
140
0
0
120
166
159
67
0
82
119
44
0
119
168
0
169
159
0
64
125
59
0
147
0
147
0
107
100
0
45
192
54
192
0
179
158
147
187
0
128
170
115
132
0
144
124
192
111
60
98
116
150
176
167
199
137
56
0
193
70
77
170
60
62
63
144
65
161
0
188
0
49
143
59
102
57
99
0
91
179
0
175
45
133
65
192
0
154
194
51
141
66
0
129
159
205
0
198
93
129
198
0
27
0
155
0
74
150
172
0
86
142
171
147
126
128
0
87
179
155
184
169
0
165
171
181
130
0
103
0
148
127
189
183
128
126
0
74
57
172
67
132
117
87
191
168
116
69
159
143
103
137
79
171
122
0
81
0
198
93
56
125
66
124
89
52
123
0
94
88
184
77
0
77
68
66
0
76
0
134
51
183
100
63
58
89
56
167
76
79
0
78
0
112
0
45
102
231
0
137
200
0
162
168
0
173
190
0
190
95
117
101
126
0
78
161
142
86
65
170
221
0
191
0
162
0
64
191
186
138
193
105
110
127
156
114
197
0
83
125
80
113
176
102
146
0
89
60
93
197
116
188
184
176
178
141
119
0
105
163
0
41
58
121
0
199
108
0
76
195
66
84
153
108
88
140
55
79
0
27
109
132
189
66
168
122
197
171
114
0
145
89
58
121
0
93
95
136
184
0
188
0
41
99
0
181
64
53
50
88
105
133
0
36
125
0
112
0
162
62
65
0
195
217
0
136
116
72
103
46
174
65
101
90
0
73
0
88
117
67
153
148
0
55
174
188
143
101
53
0
47
0
116
90
163
195
90
86
190
50
85
0
78
69
166
86
64
51
170
137
85
0
97
74
82
0
181
0
168
133
0
85
206
0
195
45
175
48
165
0
171
54
73
64
0
188
0
101
150
0
184
215
0
122
163
179
106
92
96
167
87
60
57
0
68
0
166
0
152
164
0
228
0
153
92
163
124
163
76
111
111
158
114
179
159
74
106
0
183
54
151
0
183
83
64
127
144
0
161
0
116
181
100
150
135
142
152
0
51
174
145
161
66
128
0
69
78
0
132
66
169
131
131
108
140
190
0
96
0
161
134
51
111
117
142
197
189
97
168
124
121
59
0
198
108
0
104
92
69
144
139
60
0
146
61
161
84
56
57
150
0
105
154
69
188
106
138
70
198
185
0
34
136
0
91
70
0
193
76
94
0
134
86
0
125
188
95
180
169
76
142
80
197
0
0
146
112
57
0
165
137
0
89
0
0
132
73
128
140
198
115
163
174
228
0
83
174
61
0
161
0
95
76
176
234
0
73
151
79
94
134
128
0
218
0
147
152
139
0
182
176
170
129
202
0
131
60
89
68
218
0
119
195
214
0
0
148
0
172
139
0
79
198
0
82
0
52
122
0
125
128
120
124
162
99
105
156
0
89
162
0
174
120
95
112
115
51
184
74
164
117
175
107
53
0
152
89
78
143
70
132
131
0
0
132
0
180
104
0
176
114
131
0
0
59
141
147
123
180
183
61
123
119
91
112
0
162
128
157
192
0
172
0
0
82
172
167
0
152
166
78
83
0
76
93
79
90
174
0
0
53
94
0
70
198
55
79
0
93
162
72
0
103
45
194
0
86
143
199
173
139
44
113
101
90
0
39
96
96
0
0
116
150
0
53
52
175
102
0
198
101
197
0
171
216
0
24
195
64
140
45
0
107
0
156
140
221
0
163
88
0
63
93
173
179
133
82
166
181
127
0
178
179
0
132
140
152
60
0
72
0
33
66
120
168
183
117
145
0
0
107
151
178
0
62
0
22
113
166
74
84
153
0
173
142
117
164
44
160
0
171
96
0
154
138
0
204
0
182
176
84
163
0
69
180
147
0
99
85
0
222
0
88
193
60
45
111
184
0
70
195
161
172
53
167
71
0
65
0
64
115
149
136
202
0
141
0
188
185
129
156
125
150
92
0
183
98
0
135
73
128
0
114
134
0
172
0
116
172
0
81
0
41
140
82
0
170
171
194
57
122
61
86
124
164
78
137
140
89
0
48
148
96
48
207
0
88
139
100
69
65
157
73
0
116
0
139
209
0
34
56
148
114
81
0
61
87
104
165
101
163
139
78
201
0
90
174
209
0
83
61
0
25
75
103
130
102
186
0
197
126
0
146
50
106
179
157
107
53
110
0
134
130
0
39
153
116
141
147
192
178
125
140
158
141
88
101
190
174
188
45
61
167
102
188
63
128
133
0
138
176
168
90
98
171
113
189
204
0
63
151
0
153
184
0
77
161
79
0
96
126
163
144
133
198
0
194
134
192
148
165
0
166
101
146
78
169
68
69
142
47
0
81
164
125
0
152
132
129
81
150
52
129
0
174
117
0
124
85
0
22
127
145
148
65
149
86
0
0
175
75
47
165
134
170
66
0
142
178
77
65
132
119
0
236
0
52
118
109
93
188
177
0
177
148
190
79
193
178
57
0
133
150
0
152
99
138
0
98
147
70
54
85
119
156
0
73
73
180
0
92
163
191
76
145
94
125
0
106
95
106
64
78
0
120
62
187
183
81
56
174
172
90
91
0
93
75
48
179
128
120
107
0
0
199
150
199
177
196
83
88
131
191
75
186
95
63
146
193
109
56
195
173
0
72
156
82
123
152
113
114
156
102
132
136
52
124
0
66
176
105
136
0
32
46
185
56
169
92
84
166
91
0
100
0
187
0
132
0
133
0
57
97
129
67
177
78
63
139
153
55
133
67
0
115
0
154
47
153
226
0
129
141
114
0
46
161
55
101
120
102
61
0
103
0
137
0
154
177
61
0
115
106
95
0
193
0
86
127
57
128
46
131
0
124
89
0
203
0
100
132
56
162
88
148
73
204
0
77
160
0
190
184
192
64
0
0
162
123
88
0
146
186
62
0
72
46
176
0
116
90
123
197
0
78
0
182
130
194
103
90
70
0
146
49
139
63
135
117
56
183
0
29
183
133
0
138
155
121
0
112
0
152
166
45
178
179
170
159
0
0
170
0
191
71
87
62
81
66
112
94
92
101
0
174
84
102
0
104
145
67
75
175
173
122
146
128
52
111
144
169
72
169
0
79
136
174
67
0
37
75
148
60
161
64
134
0
0
72
158
187
92
118
82
59
154
0
165
0
177
155
116
0
118
167
140
0
34
168
0
65
0
69
143
75
129
0
33
147
0
132
176
143
0
0
115
60
136
135
45
62
121
0
131
65
45
50
168
58
211
0
152
119
154
77
141
126
190
170
121
128
79
127
129
156
198
0
82
152
80
107
131
143
0
67
0
100
50
78
77
165
0
81
172
0
114
46
194
97
0
127
0
126
175
0
88
0
75
57
102
0
56
0
123
0
195
169
105
0
64
166
176
127
0
44
45
0
105
125
186
139
184
84
51
0
50
180
0
172
119
189
0
190
124
57
144
82
0
39
0
172
115
0
226
0
52
104
124
159
91
149
112
85
71
178
194
74
152
142
158
191
0
0
0
177
134
68
149
122
0
143
0
129
58
163
64
50
0
122
91
182
0
43
90
83
103
198
0
0
157
0
95
163
65
75
49
133
129
182
152
139
50
70
75
0
158
73
197
90
105
135
0
50
95
82
170
139
124
196
126
0
196
66
132
167
0
128
189
0
156
0
55
0
176
0
124
184
171
195
89
0
52
107
167
106
79
0
61
103
178
0
48
88
82
65
0
49
64
0
118
70
179
0
51
84
98
0
137
73
0
61
132
47
159
147
140
102
141
53
128
124
94
126
73
177
71
0
75
125
187
169
149
0
40
0
92
71
144
192
149
135
0
61
103
49
111
165
0
58
0
142
0
93
82
58
85
188
64
106
0
38
198
0
174
168
174
0
75
105
0
109
0
146
77
71
0
176
0
0
79
88
0
47
185
56
52
128
118
157
160
169
152
120
0
191
63
0
191
53
185
53
65
45
99
46
120
81
109
145
148
0
77
44
130
178
72
175
179
0
82
0
0
81
125
146
69
190
79
146
107
93
0
112
182
0
94
168
0
135
0
158
86
166
107
161
127
0
101
135
71
74
0
157
155
0
174
61
188
56
189
119
106
159
186
190
62
187
87
53
141
91
0
79
182
110
0
78
46
136
190
52
88
55
184
173
95
164
62
143
0
195
0
118
107
101
68
106
83
108
101
199
190
112
104
0
198
75
0
48
135
124
86
97
158
101
72
0
0
163
0
104
105
54
188
0
192
63
134
49
0
120
161
193
0
145
0
93
162
50
121
168
0
189
0
116
197
90
199
154
121
74
87
64
47
130
69
123
70
89
94
0
127
157
121
118
192
150
174
170
209
0
169
48
135
145
0
127
178
120
52
62
156
94
0
186
199
0
117
177
0
46
103
0
133
63
0
58
106
105
55
169
0
176
53
151
47
118
0
107
0
0
138
99
74
178
152
74
69
166
99
98
117
0
68
193
175
151
51
105
198
0
147
154
128
118
164
0
114
81
121
143
51
131
102
125
55
47
148
57
0
22
180
171
0
66
90
107
72
108
120
0
0
22
61
174
103
0
51
109
44
85
0
0
143
71
76
121
81
60
160
163
74
0
123
137
76
0
117
117
84
188
0
178
81
87
168
178
122
103
0
0
160
54
0
195
158
0
111
66
196
0
192
81
0
112
132
0
94
0
57
97
104
66
0
92
0
60
185
169
99
176
171
119
0
192
147
0
148
0
59
165
158
88
171
0
155
162
84
177
174
119
170
122
0
155
96
0
0
178
149
56
196
108
0
96
49
55
189
0
42
113
69
124
139
48
126
0
92
143
190
161
185
101
132
177
44
168
153
108
183
165
185
0
82
146
164
129
0
165
173
139
171
61
128
0
0
118
135
70
0
106
150
155
119
0
154
174
53
61
119
0
164
112
193
102
0
154
0
61
44
116
86
212
0
108
144
84
74
71
104
0
173
162
0
91
123
156
194
117
211
0
175
84
0
202
0
165
49
169
127
142
121
144
59
0
47
105
181
0
124
0
126
56
139
0
83
46
180
76
0
139
112
127
45
107
80
64
133
59
171
80
119
172
0
70
132
193
172
175
177
72
129
88
121
144
142
168
68
0
73
113
124
100
74
157
194
124
118
140
54
45
162
60
131
0
194
0
49
109
125
0
138
110
103
161
141
125
70
81
0
0
158
125
74
0
143
114
91
48
66
186
168
55
128
120
88
66
74
183
62
161
67
91
80
137
70
84
132
155
0
139
200
0
49
148
112
0
36
187
198
0
112
92
153
127
0
82
145
172
58
73
191
0
39
110
0
0
40
160
0
42
151
172
112
126
180
67
154
199
196
60
119
53
0
94
60
90
154
0
147
74
189
117
91
53
126
0
156
192
73
73
86
88
195
0
77
88
88
0
51
107
154
170
194
112
0
77
132
76
92
53
73
113
166
199
148
99
149
0
163
179
174
237
0
95
0
69
105
172
123
0
97
162
0
72
0
122
163
108
150
144
0
62
176
101
0
162
148
68
0
74
142
60
212
0
119
104
0
188
103
159
145
60
187
0
167
0
209
0
151
112
111
106
190
124
75
167
69
74
0
136
0
167
172
174
108
157
102
0
119
0
92
147
94
65
196
104
122
186
56
150
177
156
137
158
57
123
198
190
154
174
0
61
63
174
190
217
0
91
145
54
0
195
163
46
146
0
24
151
141
159
185
161
124
45
216
0
55
0
148
0
70
117
93
127
101
85
0
45
176
64
123
74
137
60
192
188
165
0
58
85
209
0
197
0
69
151
67
111
104
76
96
0
109
70
177
57
129
194
83
75
67
103
154
183
44
103
168
175
99
81
0
141
0
0
120
62
104
77
107
115
100
137
0
182
91
61
55
105
85
0
208
0
43
189
128
127
0
73
118
93
147
144
137
0
163
0
191
119
101
0
180
95
168
162
71
182
0
0
45
89
0
94
102
54
145
189
178
104
73
62
63
177
144
103
110
0
0
173
126
127
179
199
196
158
96
58
176
127
89
83
85
70
115
107
168
147
188
0
0
42
155
82
166
168
141
69
121
176
158
114
0
126
0
82
126
133
136
131
66
156
171
58
60
140
139
50
103
150
150
104
0
71
126
185
151
52
0
71
56
124
190
0
33
62
126
0
157
104
132
65
192
49
147
143
78
132
0
62
0
42
52
53
88
82
56
215
0
83
139
56
155
118
68
0
37
172
150
0
95
147
153
121
55
83
165
86
79
85
0
62
69
83
193
122
0
102
52
65
114
193
114
189
119
118
0
69
0
105
172
192
78
130
102
0
170
85
119
101
0
66
91
60
116
62
50
65
68
120
143
137
90
192
211
0
0
168
75
50
0
82
179
190
151
176
122
183
0
107
155
135
137
0
56
51
113
177
0
132
50
223
0
189
109
190
159
121
137
112
0
36
153
0
59
0
38
107
63
45
151
0
133
166
0
193
62
0
191
143
119
0
79
138
0
31
85
0
188
128
176
60
148
101
169
133
185
75
183
109
140
168
65
0
139
103
88
88
90
191
146
189
88
0
0
73
98
77
163
92
135
123
0
93
45
123
203
0
203
0
190
137
0
0
90
55
184
0
51
0
110
133
183
183
0
0
58
119
0
185
141
61
97
101
196
102
0
105
64
142
157
66
127
168
167
194
63
183
173
53
142
55
156
0
161
106
131
52
119
93
146
129
194
100
73
236
0
46
126
59
84
171
132
87
118
185
141
105
184
182
177
0
80
128
162
82
189
120
62
64
189
46
61
180
0
134
0
53
0
87
114
0
215
0
120
172
96
0
42
128
114
194
170
96
162
0
82
89
78
116
89
127
62
96
187
81
130
562006