74
190
173
96
182
253
0
0
125
0
151
0
0
171
92
168
180
0
0
140
196
174
189
0
86
126
164
129
164
0
0
211
0
83
166
168
0
155
198
0
115
98
174
84
160
0
109
175
216
0
0
159
0
176
0
0
152
156
178
95
0
0
179
129
0
193
144
129
152
153
93
194
0
169
225
0
0
105
0
149
0
167
0
154
181
0
0
135
0
142
151
179
0
149
283
0
0
0
227
0
178
0
114
172
0
0
166
158
147
0
0
0
75
122
192
143
142
131
0
0
166
0
0
187
169
237
0
0
0
160
133
130
0
0
242
0
185
167
144
129
109
80
85
191
0
0
172
0
88
0
95
189
0
0
140
0
0
72
149
212
0
0
128
207
0
244
0
0
0
136
0
102
159
132
125
146
0
104
0
87
161
0
170
0
193
157
108
174
0
101
0
114
0
106
180
111
125
0
157
0
108
165
124
135
243
0
160
178
183
93
118
235
0
0
94
166
119
104
270
0
0
0
0
105
87
232
0
0
111
0
0
99
131
0
102
225
0
243
0
127
105
0
175
140
0
228
0
171
171
0
202
0
0
179
185
85
0
170
172
90
0
219
0
87
0
0
173
78
0
122
0
174
133
161
0
164
132
172
0
0
0
73
0
0
131
197
222
0
188
143
145
156
222
0
160
100
207
0
150
155
157
163
150
0
107
119
86
162
179
0
167
106
165
135
100
119
129
95
149
161
0
149
126
213
0
144
0
0
104
80
125
98
153
0
81
0
155
270
0
119
96
188
135
164
136
145
188
157
81
110
90
151
0
167
0
124
0
236
0
0
216
0
188
116
0
109
0
86
169
199
94
150
101
152
207
0
198
124
88
166
0
159
0
186
162
229
0
90
0
111
0
129
103
0
122
135
125
108
129
84
153
137
0
107
119
104
144
107
0
130
260
0
85
114
182
195
164
0
168
232
0
128
171
0
126
0
136
78
157
140
80
128
96
194
96
130
114
98
0
82
132
0
137
0
0
74
0
191
0
119
117
0
93
167
0
0
124
0
156
173
0
110
91
134
177
122
142
88
161
88
0
78
194
230
0
0
0
49
0
83
0
0
182
0
154
175
169
0
208
0
177
189
0
213
0
210
0
0
195
144
97
188
198
263
0
112
0
113
173
0
0
123
95
95
141
104
136
0
165
102
124
0
165
0
113
123
157
317
0
0
0
150
85
129
0
0
159
197
115
234
0
104
110
0
84
209
0
83
120
99
94
206
0
137
128
148
208
0
0
238
0
0
176
127
98
143
125
117
100
171
0
113
94
142
164
0
141
0
197
162
81
98
224
0
0
131
0
114
0
97
135
166
137
105
0
102
164
192
140
117
88
188
0
0
165
0
107
0
140
94
261
0
0
254
0
243
0
144
133
111
131
0
114
0
169
133
158
158
0
159
0
148
159
123
0
201
0
0
148
112
166
178
191
155
0
0
106
0
115
144
116
0
162
0
221
0
155
242
0
172
0
0
0
186
0
96
113
204
0
222
0
111
149
142
0
0
76
161
0
0
124
94
103
199
116
94
78
183
83
177
94
168
245
0
89
0
0
119
87
0
0
63
133
239
0
0
107
162
80
222
0
0
123
181
0
133
126
0
104
0
0
105
104
0
120
0
145
0
0
0
92
95
128
196
113
134
0
174
177
154
178
197
147
0
179
244
0
0
0
0
216
0
133
187
0
0
127
140
151
146
115
85
147
0
0
122
87
226
0
198
104
87
183
89
126
134
88
266
0
81
193
169
89
181
0
0
0
179
0
110
159
159
142
156
125
185
89
0
138
152
187
0
218
0
0
146
158
147
0
217
0
143
132
144
87
98
117
0
108
173
233
0
0
0
172
131
141
129
0
0
0
110
177
0
86
0
0
165
141
167
0
108
137
146
199
185
0
133
82
121
0
78
145
0
0
0
114
146
0
160
103
0
226
0
106
174
111
87
182
181
95
171
197
155
160
245
0
146
0
113
0
117
145
138
98
90
125
165
130
161
165
0
176
159
193
169
176
0
156
0
124
0
136
0
0
227
0
0
0
234
0
96
86
145
0
179
150
131
0
141
170
0
144
116
105
108
154
0
84
173
180
100
116
170
0
101
0
133
0
0
0
0
70
121
79
186
119
175
222
0
0
144
0
229
0
173
98
0
163
0
155
0
183
0
148
151
182
223
0
139
87
0
136
173
167
85
0
199
0
0
180
0
0
77
137
0
106
86
148
0
151
0
0
111
195
221
0
198
116
233
0
133
0
0
155
0
185
271
0
122
104
150
183
159
114
197
155
0
0
82
206
0
0
163
92
160
211
0
0
142
0
0
73
162
164
0
162
256
0
228
0
173
181
231
0
109
241
0
96
92
194
173
0
83
100
171
0
94
242
0
0
211
0
221
0
160
0
0
139
173
191
0
161
113
0
108
0
121
0
153
191
81
0
83
110
187
192
123
196
199
0
149
0
114
182
144
0
253
0
0
131
151
0
178
0
180
136
171
0
127
0
142
117
0
245
0
0
198
147
139
216
0
0
151
132
0
199
89
0
120
108
176
87
197
158
109
87
104
85
119
103
197
125
185
226
0
142
0
230
0
280
0
0
222
0
183
177
109
175
160
0
177
155
180
154
155
0
0
131
87
156
131
0
114
112
143
184
236
0
0
114
148
162
118
133
0
153
120
173
162
0
188
217
0
107
129
90
204
0
0
158
125
130
132
0
237
0
83
156
193
146
148
170
0
0
193
233
0
183
0
107
81
0
158
276
0
0
181
0
199
165
0
263
0
0
0
82
209
0
0
112
100
222
0
0
107
188
0
0
98
143
162
96
144
121
156
164
0
0
130
0
101
177
200
0
175
0
270
0
180
191
113
164
0
0
198
0
161
189
104
0
99
103
0
119
164
196
0
0
86
0
152
93
206
0
0
146
107
0
143
0
158
158
186
82
0
88
106
135
99
0
97
147
170
102
93
115
0
84
103
289
0
0
0
0
0
130
137
136
0
105
112
155
0
89
214
0
133
0
189
0
227
0
209
0
0
155
0
158
81
253
0
122
145
142
187
0
88
0
138
0
168
217
0
93
174
166
165
156
82
230
0
199
0
124
89
103
0
207
0
133
132
0
109
161
0
208
0
0
197
131
154
0
191
0
224
0
0
159
142
143
78
165
86
169
0
143
0
192
122
176
0
0
245
0
168
166
0
181
154
139
159
174
0
0
169
0
124
86
147
148
0
177
218
0
136
173
218
0
0
0
140
191
0
244
0
195
79
178
0
153
0
175
144
195
114
207
0
175
116
173
197
0
149
118
230
0
101
143
131
78
97
172
175
265
0
126
0
0
111
156
218
0
110
135
0
147
80
207
0
174
0
153
184
0
163
171
0
174
0
176
0
167
145
0
0
137
0
126
141
129
139
0
0
116
95
0
101
195
0
0
0
200
0
118
266
0
0
0
132
158
0
100
0
178
171
105
129
151
0
0
165
165
0
88
173
0
210
0
122
90
0
142
86
172
0
229
0
0
184
0
207
0
0
126
135
96
0
171
0
174
0
102
91
133
0
130
0
193
0
131
0
106
0
82
260
0
151
0
199
196
0
0
0
0
109
191
114
0
0
159
143
191
132
263
0
197
0
0
146
159
0
0
0
0
93
126
0
221
0
0
188
0
166
196
103
91
235
0
0
96
177
190
115
81
237
0
112
198
174
250
0
172
0
183
166
82
197
0
82
148
174
120
131
0
0
147
0
103
108
137
0
115
109
157
0
195
169
0
182
181
198
81
0
169
113
93
189
190
182
116
98
130
143
264
0
0
136
175
0
171
115
0
150
0
164
157
0
0
191
199
0
110
84
181
106
136
106
0
146
129
89
105
144
136
0
0
231
0
177
205
0
162
252
0
0
199
248
0
103
0
80
190
0
138
0
0
115
124
146
176
186
126
0
0
119
0
117
0
95
0
109
231
0
136
210
0
154
207
0
123
119
84
127
0
91
167
0
125
146
105
255
0
0
93
0
0
154
160
0
87
0
0
88
97
132
0
218
0
91
0
146
91
96
104
143
167
80
180
96
183
156
230
0
0
145
160
0
170
0
193
127
171
178
0
153
0
0
127
0
88
119
0
160
0
231
0
94
144
188
0
270
0
0
176
0
90
190
0
113
0
0
143
174
0
113
160
0
132
114
96
145
166
104
96
0
0
135
185
0
131
132
0
114
107
168
0
147
82
114
193
0
0
150
184
189
143
112
0
119
0
150
137
0
149
263
0
154
179
171
198
83
117
164
0
88
180
202
0
118
0
133
0
247
0
0
134
149
0
140
107
0
0
74
0
0
106
122
133
0
180
0
123
170
137
98
194
183
201
0
119
99
180
0
0
208
0
122
167
177
0
175
0
128
189
0
0
195
121
0
0
147
184
188
149
121
151
0
131
132
0
125
184
0
168
167
0
87
0
113
160
0
175
150
160
79
192
143
0
122
0
176
0
80
189
142
0
227
0
0
107
191
175
167
0
152
111
201
0
131
0
156
0
146
0
138
160
0
0
87
168
0
0
162
0
82
181
0
174
192
151
188
174
144
85
112
0
172
0
259
0
223
0
0
177
194
189
166
162
91
180
0
195
180
103
227
0
0
86
207
0
206
0
149
111
82
192
0
180
0
0
147
0
0
188
123
0
85
185
258
0
0
170
203
0
87
108
187
148
145
269
0
0
121
119
0
212
0
181
0
266
0
193
127
0
125
0
186
125
89
0
92
192
239
0
177
0
0
159
179
86
126
0
161
194
0
85
106
0
280
0
0
172
170
134
139
185
0
0
129
0
125
0
0
64
0
222
0
0
0
148
109
0
152
0
101
132
0
0
0
217
0
169
107
0
89
135
152
183
191
0
133
105
0
81
308
0
0
149
0
113
111
156
0
111
211
0
131
185
0
133
152
163
0
210
0
0
205
0
0
239
0
172
149
151
139
112
239
0
82
151
84
84
0
194
125
0
91
112
0
154
149
142
84
130
107
152
0
0
229
0
0
130
86
156
134
0
121
0
137
0
135
149
0
177
108
166
0
167
0
168
246
0
0
0
59
0
126
0
125
158
112
0
132
112
167
179
0
199
99
0
134
0
176
185
0
150
0
79
145
134
0
90
213
0
97
139
166
123
133
151
87
0
93
87
129
0
190
159
0
0
136
89
0
110
0
83
194
0
0
184
136
234
0
0
181
180
132
162
0
108
182
99
191
196
134
0
196
150
0
0
220
0
190
103
0
163
137
118
118
134
93
130
211
0
224
0
0
177
0
162
142
95
99
129
191
143
115
0
141
0
110
190
129
0
0
236
0
182
0
113
0
216
0
100
0
197
0
185
141
207
0
0
186
82
124
0
145
135
115
146
0
190
0
0
0
0
84
161
124
0
182
96
171
108
0
110
0
195
0
139
0
0
172
172
84
218
0
151
105
166
0
154
99
0
175
0
0
166
0
208
0
0
215
0
0
154
203
0
0
219
0
255
0
121
252
0
128
100
182
0
179
88
156
0
147
90
0
147
106
121
100
211
0
187
173
103
192
227
0
0
97
171
0
118
147
102
0
153
160
195
97
0
148
0
149
162
218
0
216
0
0
175
198
121
88
151
202
0
0
0
181
196
207
0
152
173
97
0
172
178
91
89
159
214
0
0
98
108
0
78
0
167
195
95
174
130
181
156
96
91
109
115
0
132
179
227
0
0
169
103
85
0
205
0
208
0
93
182
157
0
0
0
120
244
0
85
0
172
95
0
78
79
194
217
0
163
87
118
231
0
163
198
0
90
206
0
155
0
216
0
0
181
0
137
132
0
0
111
96
106
153
81
86
99
0
0
133
90
219
0
173
155
214
0
0
75
179
107
0
259
0
0
0
203
0
0
169
0
172
105
0
146
0
126
0
114
233
0
0
0
104
140
143
91
195
145
175
106
0
135
213
0
207
0
126
200
0
198
332
0
0
169
0
0
147
138
255
0
0
99
99
0
93
115
148
175
96
0
215
0
169
0
0
316
0
0
225
0
81
115
120
193
169
0
94
90
157
0
96
212
0
0
0
84
175
0
0
91
198
103
98
0
177
92
0
118
0
188
148
122
252
0
102
133
228
0
0
123
147
190
187
162
90
0
106
0
215
0
0
134
0
139
155
0
126
118
153
0
197
176
95
0
191
92
257
0
192
110
192
0
0
82
168
0
0
168
222
0
112
0
178
140
149
0
158
84
240
0
138
117
0
255
0
0
159
0
97
155
82
158
0
83
199
0
98
0
111
0
97
180
158
0
118
169
128
208
0
184
211
0
0
112
203
0
0
204
0
0
140
145
0
195
185
107
0
0
84
0
259
0
84
151
192
78
99
165
114
144
119
0
106
0
186
0
198
0
158
131
149
0
299
0
0
242
0
0
134
145
168
0
81
161
271
0
0
85
0
110
130
228
0
189
98
97
0
135
231
0
191
0
104
157
197
111
0
115
153
155
0
166
0
0
157
0
149
183
177
171
186
175
99
122
0
0
71
108
0
164
93
164
115
161
0
0
146
104
138
168
100
172
0
0
98
162
131
0
224
0
0
144
166
101
192
133
166
172
208
0
0
200
0
126
0
86
144
0
192
0
0
108
145
228
0
207
0
225
0
176
192
0
188
0
115
0
143
155
0
0
223
0
0
70
192
191
0
79
0
84
82
96
177
122
85
188
212
0
121
0
201
0
194
116
0
197
187
0
81
0
134
94
193
0
178
163
0
171
0
179
83
168
0
204
0
252
0
0
179
0
0
147
110
128
0
184
0
0
79
109
151
181
155
82
0
88
119
216
0
173
155
0
206
0
136
235
0
244
0
0
0
0
118
159
195
162
80
149
191
0
196
0
145
153
0
90
122
0
0
80
100
123
112
198
171
91
82
172
0
0
264
0
180
178
185
190
221
0
78
174
118
0
0
101
0
189
215
0
108
182
164
112
245
0
0
190
0
146
185
0
0
212
0
257
0
0
0
108
162
117
147
152
153
0
0
131
196
112
0
132
0
95
181
0
127
107
131
159
78
0
143
164
0
0
105
101
132
90
151
0
179
85
0
128
167
0
173
0
85
158
192
183
155
0
149
82
0
149
162
194
176
0
110
0
141
193
134
164
201
0
135
110
159
0
194
146
82
184
97
92
122
84
142
107
99
141
0
159
91
89
155
79
186
0
132
127
123
128
174
229
0
190
196
90
196
0
109
161
0
132
0
0
0
65
82
0
256
0
0
241
0
90
97
165
216
0
180
0
99
138
130
0
145
167
0
116
0
116
0
122
134
0
176
141
165
99
115
151
202
0
131
90
106
0
192
111
0
133
87
196
0
229
0
178
0
85
83
179
128
0
188
137
229
0
0
0
82
167
0
95
150
0
142
93
197
0
93
241
0
80
106
250
0
0
198
0
176
0
109
176
190
162
178
0
249
0
0
0
132
259
0
0
156
164
0
140
0
141
98
188
188
0
90
161
0
0
99
101
161
111
93
104
131
87
194
0
0
0
119
87
127
172
131
0
98
138
179
0
112
0
193
0
0
113
165
0
0
79
162
195
189
0
160
0
148
228
0
118
116
186
0
161
0
80
174
0
161
0
110
174
105
0
146
144
156
116
0
202
0
125
0
90
97
190
178
91
261
0
0
123
270
0
0
86
185
172
252
0
0
91
157
189
109
0
0
223
0
162
189
0
189
0
107
174
161
243
0
188
228
0
0
122
196
145
167
204
0
132
152
303
0
0
88
166
170
216
0
0
122
202
0
93
151
151
181
178
168
144
154
114
0
174
194
159
157
0
119
117
143
0
0
155
0
118
264
0
0
0
191
165
158
91
158
84
120
107
192
0
139
124
160
157
155
153
158
173
125
147
155
0
157
0
247
0
0
107
137
0
175
0
180
0
161
190
0
106
246
0
0
108
242
0
109
193
0
167
141
137
195
0
0
157
127
128
242
0
78
0
87
144
108
0
0
112
0
192
0
178
116
116
0
197
0
159
141
155
94
0
186
0
250
0
0
102
245
0
91
253
0
199
0
0
106
0
117
0
0
169
0
262
0
175
212
0
0
174
195
93
99
0
192
0
323
0
0
158
202
0
171
0
228
0
174
176
134
130
116
174
0
99
172
0
105
0
188
173
246
0
133
165
81
84
120
142
135
85
182
171
153
0
274
0
0
177
134
0
183
189
147
128
0
169
255
0
0
83
0
0
89
99
101
185
83
88
95
0
0
186
241
0
143
115
145
0
204
0
0
149
90
110
171
0
0
76
0
174
192
0
217
0
0
0
133
0
0
138
153
93
236
0
103
206
0
127
147
86
132
177
243
0
0
136
156
160
107
124
80
157
100
0
209
0
0
172
121
153
0
185
206
0
198
119
0
98
161
0
0
68
0
173
0
190
108
0
0
192
156
0
0
181
0
175
208
0
0
85
0
0
94
0
87
138
153
197
103
120
0
261
0
184
138
126
82
167
88
0
168
0
0
135
207
0
0
189
117
0
133
192
105
162
0
247
0
99
93
154
84
0
118
85
92
82
98
0
114
0
0
62
163
151
196
136
187
93
107
158
104
188
216
0
223
0
0
152
114
182
201
0
198
94
113
154
123
0
204
0
159
91
99
0
187
0
150
0
181
0
202
0
117
0
147
0
0
137
0
100
150
86
207
0
223
0
0
168
144
87
144
0
141
159
192
147
201
0
0
70
79
0
0
151
0
137
93
234
0
85
145
0
0
152
220
0
0
70
231
0
245
0
0
0
176
190
0
223
0
192
0
147
144
0
221
0
198
122
101
0
138
178
135
0
211
0
0
176
176
0
198
93
211
0
80
199
195
158
85
117
124
161
164
100
176
0
175
212
0
88
122
192
217
0
168
242
0
129
172
195
153
142
85
100
113
174
0
213
0
0
161
0
202
0
143
117
85
191
168
0
0
111
161
98
171
134
107
0
177
192
0
260
0
0
208
0
162
122
0
260
0
260
0
245
0
114
0
0
138
81
135
124
0
0
81
0
123
0
160
94
153
233
0
0
93
161
0
210
0
181
0
0
0
232
0
284
0
0
119
103
126
193
152
150
178
0
159
164
181
0
138
170
133
142
0
125
101
173
0
83
80
0
102
188
0
139
203
0
0
155
0
183
94
0
148
154
138
79
293
0
0
111
0
95
0
99
0
207
0
0
162
188
236
0
120
196
0
163
230
0
86
154
169
0
102
132
167
196
121
152
147
90
158
129
0
141
152
209
0
0
100
145
0
150
0
78
147
124
151
192
197
158
165
0
136
223
0
86
156
120
0
179
0
0
203
0
128
137
0
159
0
0
0
99
191
83
123
177
0
83
197
0
190
79
154
236
0
164
0
0
177
140
244
0
137
0
110
0
171
172
0
134
0
243
0
186
0
152
138
158
0
160
129
194
106
175
179
125
118
192
105
189
0
0
69
80
261
0
0
0
153
125
0
168
134
0
81
0
98
0
121
183
0
157
0
0
112
0
0
120
199
0
0
243
0
160
0
0
109
178
182
114
0
187
163
92
123
94
79
153
228
0
92
182
182
93
0
253
0
0
107
207
0
227
0
216
0
156
141
261
0
0
167
212
0
0
104
0
183
143
197
169
0
0
264
0
239
0
0
224
0
0
194
0
0
152
0
0
171
121
111
0
0
75
151
182
196
100
0
120
0
98
196
0
186
209
0
0
93
217
0
113
0
0
185
183
175
164
0
90
0
0
87
0
0
245
0
154
0
104
0
131
189
0
0
189
149
96
185
0
88
0
120
124
175
103
168
112
144
174
0
157
0
0
119
139
111
128
139
182
324
0
0
150
260
0
0
81
113
80
0
241
0
198
0
0
139
195
149
0
115
187
129
190
0
0
167
128
0
0
199
122
187
157
0
142
0
152
229
0
159
0
81
147
0
119
177
106
149
96
97
142
85
103
89
163
0
0
113
98
106
128
170
130
142
167
159
156
162
99
161
98
98
0
162
196
93
115
216
0
81
193
0
0
113
110
116
204
0
191
0
162
156
0
0
137
148
149
0
104
233
0
241
0
156
78
0
131
120
139
126
149
155
201
0
0
92
190
164
193
116
237
0
0
99
164
143
0
83
155
226
0
224
0
139
0
0
193
178
0
0
92
0
0
127
175
116
0
193
153
236
0
117
0
223
0
158
0
0
188
109
147
133
150
0
167
168
181
161
250
0
123
113
251
0
0
250
0
242
0
241
0
102
160
160
190
145
0
129
107
89
197
0
0
148
0
156
0
180
142
127
110
150
0
0
0
192
149
141
129
163
121
118
0
120
181
84
190
0
0
0
147
155
0
0
72
141
80
119
174
0
229
0
78
154
196
0
0
151
88
168
111
0
186
0
0
264
0
103
89
183
101
0
159
91
0
85
93
97
104
157
149
205
0
213
0
0
90
138
0
237
0
0
0
107
183
112
125
145
175
0
0
73
128
252
0
172
112
136
170
99
138
183
101
121
0
160
81
144
173
224
0
253
0
166
106
163
0
182
128
0
176
147
126
174
154
0
141
133
81
165
0
121
235
0
106
0
126
0
173
123
138
126
160
219
0
0
86
0
223
0
0
118
0
134
0
0
189
0
249
0
105
185
112
0
195
200
0
254
0
0
174
103
85
150
155
0
0
100
142
85
218
0
0
143
129
155
84
205
0
0
231
0
0
0
228
0
0
193
145
81
106
0
149
0
139
0
101
81
155
0
163
182
0
191
167
0
135
133
89
169
96
106
88
89
217
0
0
277
0
0
223
0
0
0
141
118
189
0
0
122
167
179
120
117
94
271
0
0
121
0
85
124
0
0
163
0
154
0
167
0
192
235
0
0
197
102
99
91
244
0
0
187
213
0
0
127
182
146
192
241
0
0
122
119
0
180
100
148
189
0
190
0
0
195
0
0
134
0
85
134
0
101
0
0
78
114
160
171
101
0
186
0
268
0
244
0
0
175
152
194
144
84
188
258
0
0
194
0
0
126
0
144
133
0
212
0
0
0
125
0
197
0
80
155
253
0
0
157
208
0
196
90
167
175
85
189
124
172
132
117
229
0
151
145
175
90
176
0
160
0
0
203
0
0
138
176
146
0
114
174
0
170
176
0
0
153
192
206
0
123
142
134
168
113
0
208
0
113
0
284
0
0
122
0
242
0
0
111
97
0
169
137
197
194
0
183
0
80
115
129
0
0
121
0
95
213
0
156
223
0
142
136
0
184
145
236
0
177
158
116
123
202
0
97
0
108
110
172
0
96
137
0
165
0
190
243
0
0
205
0
129
0
170
138
110
156
0
90
81
322
0
0
162
190
119
198
145
192
254
0
91
130
0
120
132
0
85
92
0
96
112
153
81
0
0
81
164
105
0
0
98
0
185
167
156
0
0
230
0
0
0
157
0
142
137
86
196
100
167
195
158
192
0
95
144
0
193
128
80
180
112
123
0
177
0
101
160
0
0
188
0
179
0
88
103
174
0
219
0
90
142
167
166
91
127
102
0
158
163
100
189
142
0
129
0
132
0
197
0
131
0
0
198
169
91
161
0
0
101
138
196
0
182
196
198
0
158
0
220
0
0
108
0
0
75
0
263
0
86
183
194
0
0
92
117
0
150
131
129
127
113
201
0
123
117
84
180
0
176
197
187
241
0
83
185
0
156
194
92
117
0
179
145
205
0
125
224
0
0
117
0
162
211
0
82
180
0
186
0
254
0
87
0
86
185
101
189
0
123
0
112
143
172
0
153
203
0
0
157
163
160
105
127
128
0
132
158
203
0
192
111
142
0
124
89
199
134
202
0
157
155
0
168
127
192
0
0
0
153
0
182
127
150
149
0
0
209
0
122
0
0
171
151
125
153
177
259
0
263
0
196
194
96
134
184
153
249
0
0
220
0
0
195
168
109
154
97
84
78
0
229
0
92
138
84
123
130
0
122
0
115
0
0
0
180
0
124
0
131
163
223
0
0
106
0
120
145
123
241
0
101
207
0
220
0
89
177
164
0
126
157
0
134
0
97
138
158
134
178
0
128
135
134
220
0
104
189
185
0
166
177
0
0
107
84
122
186
134
0
200
0
0
100
0
104
90
79
116
113
133
196
86
222
0
133
187
159
91
176
174
120
177
209
0
81
177
0
93
205
0
0
79
0
293
0
0
120
207
0
177
178
155
163
217
0
0
0
122
164
100
113
165
82
106
0
161
0
86
166
108
205
0
118
0
122
130
114
142
178
101
243
0
194
0
0
93
261
0
204
0
175
0
156
0
146
178
145
223
0
139
120
0
152
195
150
120
0
90
0
142
89
0
153
124
0
116
152
0
141
0
152
0
269
0
0
180
171
152
170
0
147
87
190
173
0
253
0
113
210
0
0
74
112
135
0
104
0
164
0
157
0
92
173
162
151
0
109
245
0
94
84
212
0
94
0
0
213
0
194
87
0
237
0
97
84
197
0
203
0
156
184
235
0
0
142
133
136
175
120
152
0
232
0
196
0
209
0
110
0
0
80
205
0
139
189
125
122
188
181
222
0
113
0
0
95
160
78
175
165
221
0
0
87
0
123
100
132
102
153
0
187
0
0
87
180
203
0
0
0
80
188
0
0
0
49
97
155
83
217
0
0
86
116
101
181
0
231
0
209
0
186
198
0
115
81
91
195
0
114
85
199
105
224
0
188
0
0
134
0
147
136
220
0
152
0
204
0
111
135
177
0
115
178
0
0
156
187
137
174
0
244
0
144
0
106
0
0
113
88
323
0
0
130
187
0
168
0
159
185
107
154
175
112
78
141
0
160
0
0
217
0
150
0
0
165
0
0
181
0
0
181
0
151
216
0
79
0
108
80
194
205
0
0
114
226
0
154
111
0
163
0
0
0
89
0
151
160
0
0
194
0
120
238
0
130
163
0
0
123
264
0
0
0
106
149
114
106
123
163
0
167
0
148
148
0
178
173
136
197
155
92
86
164
103
232
0
78
167
159
0
0
141
127
117
84
93
191
0
90
180
172
107
153
157
119
0
158
0
194
0
151
0
102
129
0
91
154
154
197
256
0
124
229
0
0
94
114
148
140
208
0
288
0
0
94
113
174
79
102
145
0
0
150
0
144
255
0
89
0
107
133
87
120
122
0
169
166
0
109
0
151
86
0
253
0
0
97
0
195
0
178
0
102
156
220
0
160
156
145
210
0
175
0
183
0
0
95
133
109
113
0
185
137
161
171
0
97
186
0
140
284
0
0
153
0
164
0
186
104
151
265
0
0
89
239
0
0
128
0
277
0
0
101
0
0
86
0
186
216
0
136
184
0
0
152
104
176
164
151
82
142
200
0
0
167
0
0
144
88
120
163
114
94
196
193
169
113
173
202
0
192
148
101
78
184
0
239
0
182
0
94
0
85
136
146
109
188
210
0
87
0
94
197
106
84
0
199
271
0
0
0
147
0
116
195
189
0
166
129
193
181
0
96
100
162
189
0
125
136
159
164
267
0
0
170
238
0
0
198
285
0
0
195
129
109
0
198
0
161
143
194
0
299
0
0
94
167
121
95
165
0
115
87
132
207
0
204
0
146
110
130
151
161
0
182
251
0
0
0
0
109
228
0
123
162
78
133
0
96
0
140
157
127
186
284
0
0
100
225
0
103
187
87
116
0
110
0
111
113
191
105
0
134
119
161
175
0
213
0
160
281
0
0
95
0
128
101
0
109
188
0
117
0
280
0
0
134
0
80
167
0
233
0
135
0
0
95
94
140
0
134
128
150
85
0
162
164
175
175
80
201
0
0
183
203
0
0
204
0
0
0
107
123
88
172
135
217
0
0
125
163
262
0
0
80
107
138
169
155
150
177
173
156
81
79
188
0
0
69
0
192
0
94
140
131
151
170
236
0
122
165
192
0
181
0
0
0
161
180
116
89
167
144
244
0
137
158
0
142
0
141
0
171
94
191
148
159
0
174
125
194
218
0
222
0
195
138
206
0
101
144
161
130
86
94
155
0
0
91
90
180
174
113
156
0
90
162
0
229
0
0
225
0
107
0
0
69
167
216
0
0
131
0
160
0
160
160
111
152
130
131
171
153
156
143
101
0
106
166
204
0
160
135
179
153
0
89
0
241
0
116
194
124
150
260
0
210
0
130
99
187
217
0
0
185
0
186
170
121
0
173
137
0
193
92
87
182
128
0
99
0
257
0
163
183
180
116
0
81
0
168
193
104
191
129
118
130
163
195
0
255
0
115
84
225
0
0
103
162
0
127
228
0
93
185
213
0
112
184
0
115
0
186
0
85
0
136
150
0
172
119
143
216
0
145
0
108
0
133
202
0
154
0
264
0
0
0
111
198
182
84
138
117
154
160
154
137
0
244
0
118
0
156
0
81
148
109
164
102
164
0
0
87
0
86
134
173
0
186
155
122
130
119
0
137
132
138
93
226
0
198
0
0
149
175
0
128
132
81
226
0
179
94
175
163
0
180
141
160
0
150
159
82
104
178
0
110
0
111
153
0
0
155
196
0
124
128
173
0
0
77
177
85
0
183
0
128
112
103
128
0
0
174
260
0
172
0
192
179
173
106
0
126
140
99
94
0
163
182
0
181
0
156
189
0
180
150
241
0
188
82
174
112
143
85
138
186
291
0
0
237
0
207
0
227
0
253
0
162
0
172
0
0
158
199
0
246
0
0
113
144
0
154
258
0
196
78
112
106
158
201
0
0
120
183
116
88
0
151
188
223
0
148
168
109
158
133
188
142
0
189
171
113
168
202
0
140
202
0
144
219
0
181
174
181
125
0
112
111
78
0
110
0
133
184
0
168
163
174
195
188
191
0
0
0
159
191
0
198
255
0
0
208
0
0
94
0
120
0
182
0
236
0
93
103
170
0
129
181
0
209
0
175
152
0
144
135
186
0
149
178
119
245
0
231
0
216
0
0
166
91
93
195
101
145
145
151
0
185
140
132
168
197
0
0
0
135
104
0
92
141
0
217
0
0
87
0
186
103
143
142
0
84
135
178
0
259
0
154
103
0
0
249
0
0
0
144
0
180
180
142
155
149
82
139
225
0
0
0
120
160
0
111
0
177
177
0
122
184
0
0
0
95
0
153
0
78
187
0
198
118
139
0
94
206
0
154
0
208
0
146
172
170
222
0
86
101
95
0
119
0
163
0
0
154
141
153
0
0
65
104
0
0
127
191
0
82
160
78
112
162
142
0
115
98
104
170
0
118
248
0
0
0
158
88
105
142
243
0
133
0
104
250
0
164
213
0
92
261
0
0
212
0
140
0
159
147
104
81
162
87
175
153
158
120
125
176
191
151
0
97
0
151
194
103
142
0
97
193
0
0
0
148
118
137
0
0
133
185
126
160
129
0
202
0
272
0
0
0
156
0
183
123
0
156
165
0
143
0
142
161
166
0
0
107
159
183
0
0
89
129
199
0
0
88
129
267
0
132
149
0
93
0
149
215
0
164
155
0
133
0
0
134
165
0
175
93
151
0
105
0
118
0
241
0
0
192
155
194
0
155
0
200
0
0
166
105
153
0
141
107
103
187
0
189
0
0
158
85
193
162
172
107
108
134
0
0
136
0
170
0
0
146
144
177
188
152
110
130
0
250
0
147
102
0
147
175
186
112
113
0
131
242
0
158
139
121
168
105
125
240
0
133
90
122
143
172
0
174
128
184
0
192
135
0
147
117
127
258
0
193
181
0
138
92
106
178
125
0
156
194
114
0
183
0
186
129
136
137
212
0
218
0
169
259
0
86
0
0
163
179
0
147
107
78
196
0
0
83
156
0
0
147
80
88
117
200
0
114
237
0
118
157
174
99
186
115
126
253
0
116
0
98
116
245
0
0
0
236
0
142
162
213
0
214
0
104
238
0
0
0
0
180
137
190
195
0
198
0
195
161
152
157
121
147
0
111
127
166
209
0
260
0
183
0
0
180
81
0
144
0
83
172
0
117
0
144
150
159
0
115
257
0
0
190
109
0
102
237
0
138
129
0
125
0
85
122
124
0
171
0
190
0
190
215
0
145
133
199
83
0
115
0
198
180
0
113
183
135
281
0
0
161
225
0
0
132
101
0
0
169
0
202
0
140
109
88
211
0
86
126
82
176
174
141
0
85
93
144
0
113
197
117
109
95
208
0
210
0
193
108
237
0
148
119
0
103
0
141
0
155
0
0
187
0
175
85
0
239
0
117
191
0
92
87
0
191
104
221
0
0
199
84
171
146
0
0
141
0
177
0
101
225
0
136
193
93
181
188
0
104
126
0
0
226
0
0
93
0
179
174
182
0
172
156
185
113
194
0
0
201
0
259
0
0
138
0
184
195
175
0
207
0
112
153
210
0
0
0
193
159
96
104
0
204
0
0
84
103
170
137
0
159
126
267
0
0
148
0
162
0
171
174
256
0
0
265
0
0
110
171
0
178
0
89
119
201
0
156
0
0
163
155
82
143
0
243
0
193
179
0
100
135
173
0
189
200
0
156
115
84
193
113
81
193
0
183
169
123
166
218
0
106
117
0
145
169
165
187
0
80
0
173
0
0
186
157
107
236
0
84
101
171
145
144
0
92
0
216
0
0
0
141
142
219
0
0
239
0
105
103
156
0
209
0
0
168
143
0
0
124
122
125
0
98
130
174
162
0
108
160
168
124
131
0
156
0
143
184
84
304
0
0
0
204
0
172
0
121
201
0
149
0
110
183
0
0
160
153
207
0
176
0
180
124
191
142
128
271
0
0
97
171
0
170
138
187
91
160
189
175
0
171
0
100
0
169
103
184
191
108
133
96
151
101
153
128
0
128
0
263
0
0
191
183
203
0
0
0
84
161
0
145
194
0
188
105
0
81
160
128
199
0
132
180
0
0
179
176
163
172
184
145
126
134
0
136
161
0
0
137
180
134
193
299
0
0
107
143
304
0
0
79
160
188
0
83
0
147
0
108
186
118
135
0
0
114
128
116
160
0
198
231
0
105
194
181
182
222
0
0
270
0
92
115
219
0
245
0
183
188
78
192
0
92
0
180
227
0
0
0
194
0
140
0
146
80
153
198
0
196
0
114
145
84
0
173
0
189
181
0
159
137
119
0
0
89
116
0
123
99
0
192
215
0
168
198
0
93
0
78
85
184
155
0
0
196
135
135
93
0
150
143
102
0
131
110
163
162
102
197
239
0
155
82
174
164
111
178
0
195
0
130
195
200
0
156
136
204
0
110
0
145
179
0
92
105
105
89
0
146
0
130
0
123
182
0
214
0
0
141
181
0
201
0
0
75
0
86
214
0
109
0
93
199
0
168
161
223
0
151
0
219
0
0
155
171
0
80
180
216
0
138
0
183
165
0
150
143
135
181
137
115
0
152
101
143
0
195
131
0
143
167
158
151
126
193
0
195
103
188
85
152
0
121
0
0
0
102
143
0
132
102
124
0
187
81
177
0
196
164
131
112
111
95
132
102
161
124
127
141
0
110
126
0
119
96
171
168
0
208
0
176
0
100
139
0
89
130
86
188
186
113
0
154
0
87
0
155
0
0
0
90
189
239
0
0
201
0
116
0
0
149
107
103
0
100
158
79
163
127
156
0
203
0
124
104
176
0
160
137
98
237
0
94
0
133
123
109
109
122
178
140
105
152
197
204
0
106
193
213
0
120
0
195
123
112
105
223
0
0
155
0
0
198
0
153
188
0
81
0
123
129
0
148
154
0
163
93
252
0
0
111
139
141
165
0
86
231
0
196
150
0
0
129
0
121
0
201
0
0
208
0
164
79
159
88
81
94
0
146
231
0
80
159
137
188
0
165
160
0
86
131
172
199
0
123
101
164
258
0
86
177
135
0
0
227
0
134
100
0
187
79
102
234
0
158
195
0
0
251
0
0
137
0
0
142
169
146
0
253
0
93
227
0
182
0
186
0
98
0
179
140
0
0
134
121
98
154
0
194
180
153
0
192
178
137
0
0
201
0
89
0
101
238
0
0
0
153
124
171
182
0
151
94
139
190
182
136
160
0
0
92
191
0
246
0
0
120
108
0
118
123
205
0
0
0
137
101
85
238
0
0
0
204
0
151
170
0
137
168
0
158
157
78
198
163
0
128
108
154
105
0
166
162
142
136
0
196
83
115
137
144
0
0
0
0
158
0
246
0
100
0
100
137
0
188
129
80
118
184
92
79
244
0
179
229
0
0
105
0
186
0
250
0
0
81
0
186
138
179
237
0
221
0
99
188
85
207
0
155
139
146
156
82
165
97
139
122
106
129
248
0
0
197
192
0
142
0
163
81
169
165
107
154
0
246
0
155
105
117
168
0
0
166
0
153
208
0
0
0
114
0
0
162
100
81
142
151
0
182
0
223
0
0
185
211
0
179
238
0
100
0
187
0
122
183
123
159
105
178
0
128
147
171
262
0
0
230
0
0
0
206
0
0
183
120
171
157
197
186
0
220
0
0
86
144
294
0
0
0
184
142
257
0
0
102
0
147
0
0
196
90
220
0
0
187
142
181
0
128
0
0
213
0
180
93
78
158
0
0
87
135
0
95
109
223
0
0
86
0
0
146
211
0
0
81
122
158
120
159
147
146
130
188
224
0
169
0
0
119
0
171
253
0
109
293
0
0
105
183
229
0
0
0
0
130
182
139
191
197
144
122
97
168
167
204
0
208
0
148
0
189
0
0
194
181
0
144
147
113
0
82
139
0
122
0
147
148
163
0
167
113
0
171
132
78
83
79
147
196
105
181
0
0
182
211
0
116
0
138
0
0
196
0
116
0
0
163
130
0
157
107
87
114
94
88
207
0
0
174
0
258
0
163
167
198
141
102
124
0
112
103
210
0
237
0
131
174
0
146
100
110
136
103
147
81
155
144
0
142
90
193
158
89
154
111
152
78
0
133
165
0
176
102
179
0
236
0
150
100
0
184
0
199
101
173
152
0
175
272
0
0
69
193
151
112
140
171
82
180
231
0
121
149
80
114
78
241
0
175
0
0
0
146
0
0
176
134
132
87
133
254
0
149
0
0
177
0
229
0
237
0
141
165
139
101
190
107
0
80
104
0
81
131
84
263
0
0
0
83
0
202
0
147
175
199
0
0
117
0
143
195
81
116
141
192
174
274
0
0
164
221
0
0
0
131
179
132
170
176
130
176
107
114
146
81
0
97
159
185
99
154
121
103
199
0
182
81
156
0
151
151
0
160
0
158
0
171
160
191
0
0
184
80
165
0
96
0
180
98
215
0
191
0
90
132
108
126
83
197
81
198
155
150
122
151
126
80
158
126
137
0
103
236
0
142
0
211
0
185
127
122
102
120
133
93
175
189
167
192
183
0
89
97
139
88
0
95
158
193
0
220
0
81
212
0
172
154
109
116
163
152
0
206
0
149
92
88
0
110
198
0
105
156
82
88
0
246
0
0
0
142
0
105
129
113
152
176
177
210
0
0
183
173
88
114
177
116
221
0
0
139
133
139
0
184
210
0
122
173
0
154
138
88
86
0
93
88
94
172
104
190
224
0
105
100
0
89
166
182
0
119
116
182
0
0
121
150
137
101
185
0
0
0
228
0
113
171
188
0
150
194
166
94
250
0
0
188
120
0
240
0
267
0
0
0
142
204
0
0
0
100
141
167
0
164
246
0
0
164
0
176
181
127
227
0
0
87
216
0
108
0
137
188
262
0
0
107
100
0
101
0
199
107
0
139
0
0
133
156
117
101
107
81
193
0
0
186
78
0
196
0
0
0
144
0
142
135
108
152
350
0
0
101
0
187
166
0
246
0
0
185
0
195
150
245
0
0
95
0
0
194
0
85
153
215
0
165
93
85
233
0
184
0
92
82
186
123
117
173
195
164
137
164
0
150
131
97
109
105
0
0
172
267
0
0
84
173
0
0
64
185
141
0
0
254
0
154
86
81
0
104
193
199
180
0
248
0
126
185
152
155
133
179
253
0
99
145
127
153
115
0
164
167
138
140
0
168
131
0
243
0
118
0
0
0
91
230
0
243
0
0
155
0
132
280
0
0
177
0
0
183
251
0
124
171
184
140
0
113
195
189
135
259
0
146
0
146
131
119
189
0
206
0
140
99
0
0
227
0
157
89
93
157
0
0
70
0
191
151
94
107
133
0
115
103
100
81
96
137
145
116
167
104
164
0
93
172
193
0
0
0
152
81
178
0
97
0
0
102
0
113
181
205
0
169
0
237
0
0
127
154
0
240
0
186
106
109
297
0
0
108
129
182
0
0
146
159
0
89
0
130
163
148
142
257
0
0
121
139
81
93
199
183
125
99
108
253
0
0
110
0
118
0
83
88
187
0
0
0
161
131
193
0
132
0
172
163
166
132
107
139
170
0
0
175
155
215
0
0
199
120
0
80
264
0
0
134
113
225
0
0
173
132
142
106
0
171
0
0
144
162
311
0
0
0
160
0
0
109
0
160
260
0
133
231
0
177
0
215
0
0
245
0
0
174
110
164
0
0
190
79
0
0
190
148
102
210
0
0
187
0
98
130
83
115
161
132
0
0
221
0
222
0
0
164
0
204
0
116
162
177
235
0
93
0
167
94
0
0
61
126
148
183
139
0
197
182
104
122
0
225
0
222
0
145
0
87
180
194
0
110
0
120
124
140
94
124
183
121
142
119
100
187
183
89
199
0
0
0
254
0
0
126
0
131
107
78
174
0
0
111
127
140
163
159
0
135
0
0
142
0
0
119
193
0
144
138
238
0
112
192
0
242
0
0
110
0
180
0
175
0
0
96
177
231
0
0
159
115
99
163
0
169
130
160
172
0
97
193
0
160
0
218
0
172
140
92
188
179
84
149
172
0
188
0
0
100
84
160
88
173
249
0
175
0
0
174
140
218
0
197
181
197
138
184
0
178
156
0
0
107
185
0
170
152
196
0
138
135
80
192
169
0
162
88
132
125
104
104
0
85
120
148
0
171
130
0
106
94
191
0
159
0
149
0
0
0
139
166
0
140
188
0
180
176
0
123
83
147
199
189
0
178
0
126
248
0
176
0
191
219
0
80
0
193
0
112
156
226
0
0
287
0
0
133
144
182
230
0
151
149
106
128
112
0
140
146
184
207
0
87
187
177
233
0
121
0
120
121
0
190
0
0
140
0
100
81
231
0
90
90
197
235
0
195
0
0
120
125
78
133
0
157
0
178
0
204
0
90
118
201
0
152
185
89
215
0
113
0
1271427