154
130
0
89
74
52
79
161
198
99
145
158
84
162
0
187
0
86
63
0
0
158
102
81
90
157
140
184
62
69
74
0
0
29
86
0
95
110
165
127
174
130
0
76
69
131
67
0
148
0
35
120
0
50
203
0
164
114
141
155
0
212
0
93
0
57
156
166
38
131
42
88
0
169
59
153
129
55
128
0
197
59
164
140
148
125
169
81
103
143
78
78
62
141
0
69
85
0
118
0
81
0
105
126
84
178
194
144
155
184
194
0
144
78
49
0
161
0
132
0
69
40
84
114
160
163
0
75
0
148
161
137
71
96
88
128
50
128
145
158
161
0
170
198
0
156
160
61
191
67
134
106
123
81
164
150
167
157
0
136
39
115
148
0
65
128
157
0
145
131
0
198
169
136
113
113
142
137
130
115
166
144
0
189
115
0
104
55
70
138
81
91
150
196
182
0
37
164
167
169
0
0
155
188
70
111
119
193
81
58
180
164
183
61
0
49
122
0
54
40
193
60
73
54
118
97
81
63
166
120
0
188
53
81
94
149
0
146
105
67
103
81
193
52
169
106
70
164
59
181
48
101
59
0
118
171
163
192
178
71
152
183
0
189
154
0
81
44
174
142
115
49
84
108
103
160
55
0
71
41
57
199
116
43
141
74
36
79
49
164
82
0
56
93
182
0
152
161
102
149
90
119
184
168
171
70
193
187
89
148
156
107
105
181
108
109
165
117
0
103
117
0
143
82
193
164
0
84
0
97
139
141
199
100
0
52
154
43
75
42
72
172
178
176
189
0
86
0
169
164
0
0
103
67
138
150
151
105
65
48
51
194
154
135
161
0
68
129
139
48
153
0
110
210
0
146
87
173
77
39
123
0
98
126
183
95
76
147
190
191
91
57
201
0
145
0
223
0
84
123
106
0
193
0
135
116
0
31
59
152
194
0
87
75
0
197
119
0
152
142
155
132
214
0
116
148
139
115
134
152
39
94
110
46
123
0
0
181
220
0
0
110
57
146
192
210
0
0
102
0
137
146
65
96
0
146
136
60
77
0
0
156
57
86
222
0
99
143
116
179
117
0
147
61
127
142
46
137
85
94
0
136
136
0
172
46
49
123
53
198
111
140
0
181
64
87
67
112
186
114
96
115
132
165
0
152
89
39
92
151
70
71
135
96
86
174
41
42
142
75
72
196
0
0
90
171
0
142
0
0
96
41
46
137
146
51
170
83
189
152
158
178
0
194
139
61
74
190
58
174
37
96
124
121
0
96
80
106
0
155
108
144
66
160
156
104
151
0
171
0
86
141
112
48
90
184
190
0
108
120
157
38
170
196
167
122
173
139
139
0
39
110
113
102
172
106
118
77
38
0
72
65
0
99
63
67
194
0
101
39
39
0
110
141
114
188
120
0
172
0
62
118
76
146
220
0
98
179
102
164
116
42
122
197
116
0
46
172
187
118
75
100
0
144
55
104
89
108
227
0
199
0
81
0
47
75
54
52
121
88
106
184
156
45
133
96
127
217
0
0
100
117
122
181
131
0
38
187
90
184
127
0
0
83
198
83
55
158
163
0
83
148
77
118
104
130
0
112
139
0
175
0
27
151
150
152
175
212
0
57
177
156
43
195
46
0
47
100
70
197
71
159
85
123
83
154
148
195
0
160
82
167
149
47
83
0
195
152
139
222
0
31
44
180
67732