135
185
267
0
0
0
202
0
0
0
178
0
134
0
171
104
107
103
175
0
157
291
0
0
137
0
192
0
277
0
0
192
103
130
159
147
95
182
0
194
217
0
0
253
0
163
0
161
224
0
0
116
133
102
188
227
0
0
0
0
141
224
0
0
178
265
0
0
289
0
0
0
133
0
0
111
179
242
0
90
307
0
0
185
0
161
120
195
170
0
118
112
217
0
150
0
132
112
190
239
0
0
115
150
0
175
148
352
0
0
0
94
143
170
196
0
113
123
173
186
159
169
144
0
103
178
0
121
161
92
165
133
162
169
187
0
148
111
176
189
126
144
122
214
0
102
196
166
183
120
169
0
0
0
201
0
146
155
153
0
181
105
154
441
0
0
0
0
0
0
174
402
0
0
0
0
0
0
166
221
0
0
133
172
184
0
0
191
282
0
0
144
0
0
167
352
0
0
0
0
229
0
106
0
254
0
0
0
152
146
167
0
100
157
197
0
0
0
120
161
148
0
92
402
0
0
0
0
0
179
0
120
407
0
0
0
0
0
0
136
0
0
190
0
145
0
296
0
0
0
151
187
0
0
126
220
0
0
173
0
157
179
168
0
312
0
0
0
177
350
0
0
0
0
177
135
119
199
189
122
163
0
149
0
210
0
0
157
262
0
206
0
154
217
0
147
199
0
171
218
0
170
173
0
0
252
0
149
210
0
184
0
177
107
137
108
197
263
0
222
0
0
263
0
335
0
0
0
0
135
152
97
175
0
0
169
0
0
107
99
127
143
350
0
0
0
199
0
170
0
218
0
0
103
0
175
0
141
175
137
187
180
0
0
179
0
196
0
0
191
121
0
148
155
100
256
0
197
159
0
0
94
314
0
0
0
0
217
0
184
0
332
0
0
0
170
0
204
0
258
0
90
193
104
256
0
172
196
174
139
100
221
0
240
0
213
0
335
0
0
0
165
173
215
0
222
0
0
117
136
180
290
0
0
147
0
333
0
0
0
0
94
208
0
0
510
0
0
0
0
0
120
368
0
0
0
143
163
136
138
292
0
0
147
190
126
0
245
0
164
115
0
314
0
0
0
131
154
0
127
168
332
0
0
0
270
0
0
327
0
0
0
105
211
0
130
187
0
154
191
217
0
103
174
0
0
246
0
115
140
98
136
185
0
0
213
0
142
134
119
259
0
0
137
169
0
233
0
0
335
0
0
0
0
182
182
0
147
92
166
0
186
0
148
144
0
0
182
150
249
0
158
205
0
149
162
0
272
0
0
211
0
196
0
120
183
119
0
100
100
144
120
155
0
0
92
233
0
0
188
135
167
92
221
0
0
208
0
121
184
141
210
0
0
199
134
121
273
0
0
0
265
0
0
175
0
168
0
185
197
0
180
118
171
0
172
278
0
0
188
0
0
124
0
0
159
130
97
113
145
0
154
171
0
220
0
0
128
178
0
426
0
0
0
0
0
0
0
0
205
0
0
161
148
185
0
0
159
0
144
0
171
0
0
167
199
166
181
274
0
0
239
0
224
0
0
0
0
141
204
0
0
130
122
120
0
193
225
0
0
133
194
170
0
185
110
183
0
0
305
0
0
133
167
122
0
144
136
121
165
0
328
0
0
0
159
263
0
0
0
119
122
0
120
148
0
102
326
0
0
0
0
240
0
0
0
0
93
141
128
141
101
172
142
125
239
0
167
247
0
0
0
0
153
181
128
0
137
100
223
0
0
162
223
0
0
303
0
0
0
0
0
155
200
0
280
0
0
0
0
275
0
0
0
0
0
176
307
0
0
0
0
125
168
305
0
0
0
0
241
0
181
173
0
173
245
0
171
344
0
0
0
288
0
0
92
115
187
169
180
239
0
182
213
0
225
0
271
0
0
283
0
0
0
209
0
0
136
95
101
216
0
185
310
0
0
0
154
0
0
360
0
0
0
0
107
160
246
0
395
0
0
0
150
0
0
182
117
171
278
0
161
152
0
194
299
0
0
0
130
192
0
274
0
0
0
205
0
132
170
177
200
0
178
0
173
0
151
244
0
259
0
0
0
249
0
0
0
177
188
136
181
0
151
146
0
237
0
137
236
0
242
0
0
0
143
137
178
0
0
341
0
0
0
167
194
160
0
171
243
0
132
151
126
144
0
191
0
190
177
182
144
0
92
286
0
0
155
215
0
191
200
0
0
183
0
0
126
136
112
163
102
178
158
111
305
0
0
0
0
160
0
0
91
124
171
152
144
181
0
174
0
130
138
0
217
0
241
0
165
122
177
0
143
212
0
0
199
0
0
170
129
153
198
235
0
0
93
122
191
0
172
139
0
147
0
241
0
282
0
0
0
189
134
165
182
222
0
0
0
0
171
0
194
0
0
157
406
0
0
0
0
0
177
132
0
195
0
182
223
0
165
189
0
0
153
0
129
273
0
0
0
173
0
212
0
98
121
201
0
330
0
0
189
136
0
112
246
0
152
0
175
118
115
204
0
97
123
144
153
0
176
0
90
157
0
137
0
159
0
177
172
358
0
0
0
0
121
0
0
197
156
0
120
224
0
347
0
0
0
0
0
138
124
188
256
0
0
116
150
0
144
187
204
0
100
126
160
159
0
107
138
0
162
130
0
309
0
0
0
0
134
140
155
100
183
206
0
0
0
0
360
0
0
0
0
172
0
121
124
296
0
0
149
136
156
0
211
0
188
180
90
107
0
296
0
0
0
152
108
165
120
240
0
0
140
272
0
0
0
0
0
216
0
308
0
0
0
110
0
0
103
198
202
0
243
0
0
0
181
197
132
273
0
0
0
305
0
0
0
199
248
0
161
0
112
309
0
0
109
144
208
0
0
0
325
0
0
0
176
127
253
0
0
0
290
0
0
273
0
0
0
122
136
239
0
0
107
194
92
92
101
302
0
0
296
0
0
0
208
0
0
99
149
0
153
182
152
166
189
0
0
92
113
151
104
226
0
150
0
124
180
0
166
167
165
137
192
291
0
0
0
0
0
0
134
120
0
102
122
158
0
319
0
0
0
170
212
0
0
178
239
0
0
192
108
286
0
0
0
130
175
0
0
158
0
208
0
112
109
98
214
0
195
130
195
194
213
0
0
160
0
0
261
0
150
0
91
107
197
100
264
0
0
0
166
181
145
195
167
124
214
0
144
184
94
182
0
0
140
0
152
223
0
134
0
146
196
0
118
141
0
181
140
156
0
205
0
0
229
0
188
344
0
0
0
0
97
178
255
0
0
413
0
0
0
0
145
218
0
0
170
207
0
92
168
273
0
0
0
156
236
0
0
107
180
108
185
116
0
264
0
118
184
0
107
328
0
0
0
0
151
221
0
0
139
161
0
129
144
162
213
0
0
203
0
149
0
222
0
0
0
0
0
0
195
0
0
108
465
0
0
0
0
0
0
120
198
0
167
0
135
146
109
214
0
225
0
140
143
269
0
0
298
0
0
0
0
111
101
177
164
198
92
195
0
212
0
195
91
220
0
163
173
155
92
192
0
100
302
0
0
0
211
0
0
139
162
0
118
163
225
0
181
0
0
133
228
0
0
0
108
271
0
0
141
160
172
138
166
149
216
0
0
162
219
0
179
0
178
122
193
187
0
0
139
101
199
255
0
156
316
0
0
179
0
220
0
0
0
384
0
0
0
0
0
133
148
0
293
0
0
0
0
105
192
194
0
0
241
0
152
105
131
132
0
183
259
0
0
182
0
146
115
0
187
136
0
0
152
282
0
0
0
319
0
0
0
127
171
0
91
237
0
0
180
194
0
300
0
0
109
173
188
0
153
290
0
0
0
0
129
222
0
98
197
258
0
166
327
0
0
0
194
0
195
185
183
99
234
0
125
186
193
0
197
147
218
0
0
221
0
174
225
0
132
258
0
232
0
0
0
381
0
0
0
0
0
99
207
0
171
121
181
175
262
0
0
0
167
186
135
0
0
189
0
121
180
235
0
439
0
0
0
0
0
91
224
0
341
0
0
0
0
260
0
147
234
0
0
92
192
127
0
91
418
0
0
0
0
139
0
142
186
173
131
152
0
124
167
215
0
0
192
0
216
0
192
209
0
219
0
184
0
199
90
144
197
178
187
232
0
144
332
0
0
0
0
0
90
156
146
184
222
0
0
0
132
266
0
0
147
0
124
198
140
156
202
0
99
152
262
0
163
222
0
0
0
98
185
96
177
169
193
0
137
207
0
0
0
0
109
0
210
0
0
305
0
0
0
123
293
0
0
0
0
167
231
0
248
0
121
187
0
102
280
0
0
94
157
162
0
0
0
160
155
101
198
137
107
139
349
0
0
0
0
0
222
0
0
227
0
0
117
186
345
0
0
0
212
0
93
96
196
100
133
190
0
100
113
205
0
0
267
0
0
196
0
0
0
140
168
0
149
193
154
0
188
0
107
202
0
114
0
186
0
345
0
0
0
160
219
0
225
0
0
160
0
348
0
0
0
0
0
182
150
106
282
0
0
113
0
123
137
190
146
249
0
169
151
192
0
99
178
177
386
0
0
0
0
0
0
125
122
167
133
0
144
246
0
0
200
0
315
0
0
0
0
0
126
502
0
0
0
0
0
0
199
316
0
0
166
159
144
240
0
218
0
0
236
0
164
248
0
91
222
0
121
231
0
0
0
162
309
0
0
0
238
0
0
197
230
0
0
174
0
179
130
103
230
0
109
160
159
161
0
119
174
0
150
147
0
198
183
153
0
160
0
0
118
208
0
92
138
0
0
168
158
0
0
184
354
0
0
0
118
195
144
183
268
0
0
131
0
0
150
106
148
0
96
192
168
208
0
114
153
180
198
0
187
0
186
222
0
114
109
670
0
0
0
0
0
0
0
0
0
0
196
0
131
0
0
151
196
130
322
0
0
0
0
233
0
0
0
97
227
0
0
100
247
0
125
125
206
0
162
0
167
139
175
135
124
184
0
189
319
0
0
0
127
117
158
133
286
0
0
0
0
186
0
0
209
0
138
162
242
0
273
0
0
121
161
112
183
153
271
0
0
159
152
251
0
0
112
201
0
131
241
0
322
0
0
0
0
0
0
116
370
0
0
0
0
121
193
106
219
0
194
0
163
140
0
241
0
225
0
290
0
0
0
177
182
0
328
0
0
0
309
0
0
212
0
0
0
142
170
165
0
217
0
143
0
246
0
253
0
0
207
0
124
161
248
0
0
148
0
168
185
0
145
125
130
109
208
0
267
0
122
106
307
0
0
0
0
205
0
140
182
0
168
126
176
0
250
0
110
0
277
0
0
0
131
132
114
180
186
0
177
139
0
214
0
187
156
0
111
0
212
0
110
0
170
0
193
165
114
268
0
112
0
146
125
176
186
0
155
186
161
195
0
115
171
0
183
112
177
0
123
140
478
0
0
0
0
0
0
153
179
204
0
163
220
0
178
173
196
0
0
226
0
0
159
162
0
185
0
0
99
147
141
188
181
188
166
185
0
102
129
133
151
148
125
120
149
155
138
0
235
0
164
312
0
0
0
260
0
193
0
215
0
158
0
196
170
210
0
213
0
165
125
172
0
0
0
281
0
0
99
193
157
173
0
0
190
186
0
103
150
0
90
127
183
131
172
0
214
0
0
0
213
0
180
285
0
0
96
218
0
290
0
0
96
185
368
0
0
0
162
134
0
277
0
124
101
93
175
124
153
325
0
0
156
163
154
154
194
0
140
183
126
174
240
0
203
0
241
0
0
0
0
0
168
135
187
0
133
170
0
126
107
188
0
0
181
104
139
210
0
147
0
186
93
125
100
204
0
0
131
0
116
123
156
125
244
0
0
0
107
192
191
193
0
147
0
185
133
141
0
118
189
328
0
0
0
0
172
0
151
155
162
0
154
314
0
0
277
0
0
0
0
257
0
0
184
196
277
0
0
127
164
213
0
147
189
94
145
93
158
0
160
0
0
136
92
168
0
167
288
0
0
0
0
0
199
130
0
144
116
119
0
176
133
367
0
0
0
0
189
142
271
0
0
0
246
0
0
145
0
230
0
0
187
0
199
325
0
0
0
0
0
222
0
0
192
419
0
0
0
0
0
214
0
303
0
0
224
0
106
103
136
0
124
178
177
186
0
102
110
152
0
329
0
0
0
160
115
146
0
151
202
0
112
246
0
204
0
136
98
137
126
479
0
0
0
0
96
186
0
0
134
132
171
0
128
0
113
119
210
0
235
0
262
0
0
240
0
0
344
0
0
0
0
199
0
0
0
186
209
0
149
128
172
147
0
162
158
0
349
0
0
0
0
133
165
260
0
0
0
113
311
0
0
127
105
239
0
161
0
168
80825