119
87
174
181
0
0
158
0
41
140
0
0
132
94
207
0
86
156
103
160
0
154
0
118
0
193
0
96
117
157
113
151
152
0
0
115
80
110
0
163
152
161
180
0
173
134
0
116
0
129
0
189
0
0
106
230
0
173
179
0
60
196
77
197
0
180
127
0
70
0
72
0
156
195
87
0
87
190
172
131
93
0
119
0
0
180
173
190
92
0
191
134
0
111
157
78
162
145
106
148
181
130
111
130
0
81
118
0
0
179
139
110
166
0
0
216
0
42
179
0
100
0
118
144
0
0
128
0
199
159
136
100
0
89
132
106
125
80
119
193
163
0
172
77
151
0
93
204
0
69
0
178
168
183
0
0
149
140
146
238
0
127
95
113
110
147
107
0
82
107
95
0
116
102
0
69
155
0
134
0
0
152
158
109
204
0
187
131
181
152
145
190
188
136
171
112
173
164
0
0
69
152
0
79
142
159
0
85
0
127
122
157
0
41
158
223
0
193
0
110
0
182
151
0
55
0
175
114
163
125
0
0
81
80
197
227
0
82
0
133
181
232
0
101
110
199
152
173
175
157
0
0
0
180
104
0
179
184
0
122
169
0
108
0
0
56
171
207
0
85
121
222
0
57
0
122
140
0
135
175
0
170
178
134
85
0
115
246
0
161
0
90
0
0
169
0
79
198
95
100
0
61
110
0
179
145
152
132
157
166
136
186
84
212
0
79
121
95
0
185
84
76
259
0
0
122
174
129
89
160
0
145
101
0
119
186
0
202
0
112
0
148
0
115
0
151
106
155
99
179
0
106
180
0
102
0
68
211
0
186
164
190
246
0
170
0
90
226
0
0
93
94
184
197
129
0
196
0
92
0
108
174
0
85
176
0
96
242
0
162
0
134
188
193
81
0
111
0
93
185
98
161
188
158
179
143
0
146
0
134
201
0
174
180
138
102
79
173
190
117
0
107
113
137
151
177
89
86
119
0
184
0
224
0
169
0
83
0
188
0
193
126
188
144
199
0
172
0
79
130
0
162
0
105
0
192
135
137
181
0
181
178
127
0
190
170
0
154
0
152
0
198
127
151
237
0
169
0
39
187
164
0
45
161
120
181
157
78
134
0
105
156
93
147
91
175
85
181
0
226
0
0
162
0
200
0
0
75
163
156
106
166
136
193
149
128
159
0
90
159
107
0
175
0
154
0
170
0
110
107
213
0
139
140
108
0
91
155
94
0
182
125
88
0
138
92
184
0
53
143
183
168
0
141
0
161
0
166
221
0
181
177
163
199
133
185
0
114
120
164
175
0
56
263
0
157
77
119
126
155
0
74
135
91
159
173
0
130
203
0
180
138
0
161
152
184
107
219
0
78
0
0
88
183
195
96
144
132
0
69
189
196
158
135
0
126
0
109
207
0
140
111
0
163
0
135
103
0
0
66
139
137
94
136
0
166
95
0
60
240
0
60
0
93
165
0
117
0
114
0
120
0
192
0
185
135
196
148
0
148
104
0
51
127
174
0
70
88
120
0
123
88
196
0
143
162
172
248
0
186
205
0
0
137
160
0
164
195
86
169
0
107
0
185
197
191
0
107
142
0
99
162
162
0
0
61
97
75
0
80
0
60
0
226
0
175
0
180
0
147
130
0
242
0
167
122
108
86
0
153
188
0
135
168
0
136
0
129
124
111
0
0
174
90
137
164
0
140
252
0
139
0
210
0
154
100
115
177
156
182
149
102
161
240
0
151
149
104
0
185
0
90
0
134
221
0
134
95
124
94
0
121
128
144
109
0
76
198
108
98
90
169
145
0
217
0
94
93
0
227
0
141
117
126
0
0
79
116
0
117
198
194
0
113
149
141
118
0
0
124
230
0
73
147
0
195
195
93
169
112
247
0
135
84
217
0
116
222
0
62
104
253
0
157
122
154
115
95
96
213
0
233
0
73
197
94
192
138
0
101
102
115
117
152
81
0
97
111
105
156
101
100
134
102
164
106
0
152
180
168
208
0
106
0
150
0
123
144
240
0
111
0
105
182
172
143
168
184
77
134
221
0
163
101
0
122
128
185
125
95
78
77
0
69
153
172
100
169
95
160
132
99
182
0
150
171
179
0
186
202
0
0
0
95
100
0
102
123
0
0
178
164
165
116
190
102
121
190
75
0
195
174
0
155
92
0
208
0
190
217
0
129
0
0
165
139
0
63
186
0
67
0
72
81
108
143
208
0
89
0
260
0
0
0
38
85
153
131
0
0
65
107
91
115
197
95
103
212
0
137
123
0
40
168
0
179
89
0
65
184
154
0
117
0
207
0
98
123
0
92
90
164
229
0
146
99
174
0
52
176
0
135
78
117
155
0
84
130
0
0
189
90
196
79
182
188
0
171
190
153
104
0
237
0
125
90
190
84
0
47
193
181
85
0
66
127
93
176
0
142
123
120
95
168
164
0
186
93
0
231
0
208
0
199
90
0
39
158
0
146
86
0
48
113
95
153
0
0
168
123
0
128
164
116
139
161
91
76
0
66
140
124
134
104
113
119
0
124
0
178
133
113
104
195
183
169
109
195
258
0
0
0
28
118
193
0
79
111
193
83
156
97
181
145
176
0
0
47
0
115
158
100
143
193
0
161
161
0
243
0
0
118
0
187
87
157
102
173
0
158
166
182
75
146
116
111
0
172
0
127
196
97
155
180
86
129
118
76
0
171
0
160
96
227
0
197
0
122
160
0
193
169
0
110
187
186
124
158
94
0
76
155
158
0
126
139
0
66
153
0
198
104
257
0
88
178
97
104
0
119
95
0
129
122
147
0
245
0
0
206
0
178
0
176
192
173
188
119
0
143
174
0
0
96
159
211
0
75
130
115
96
146
192
194
158
94
225
0
0
130
240
0
186
112
118
0
133
108
0
159
0
108
111
94
104
85
0
58
185
0
0
74
148
93
159
147
151
100
200
0
43
136
0
103
107
0
114
88
164
133
161
0
88
187
166
232
0
139
149
113
90
0
0
182
155
241
0
117
126
175
111
0
195
0
178
167
96
183
0
92
0
141
193
0
125
0
199
0
119
175
174
75
234
0
156
0
0
55
111
179
92
0
141
0
134
0
181
162
0
127
124
111
169
0
178
0
0
166
0
193
0
127
152
141
159
190
0
79
0
157
0
152
0
0
145
186
0
0
49
156
165
78
193
0
121
0
50
202
0
120
194
215
0
0
179
0
0
101
0
86
104
0
183
75
123
0
0
183
0
88
0
0
109
0
158
132
0
0
58
108
140
118
211
0
239
0
0
78
197
123
91
228
0
178
180
182
153
0
52
198
0
149
110
165
169
149
0
152
171
150
202
0
165
0
141
236
0
0
0
176
0
98
0
198
0
64
87
0
195
118
194
138
0
0
0
184
143
0
176
166
0
151
0
59
146
141
118
84
86
86
0
173
0
57
207
0
40
202
0
0
118
129
0
75
116
111
0
52
123
86
0
69
149
0
41
88
148
178
0
98
0
55
113
156
0
199
191
0
45
86
198
108
0
74
0
159
161
169
0
181
178
136
105
95
0
0
83
115
155
236
0
158
149
188
155
0
157
0
200
0
93
0
141
140
144
191
173
160
94
0
57
192
84
194
175
129
112
194
0
107
0
94
118
182
0
40
203
0
0
85
154
114
135
105
116
131
0
64
201
0
99
0
160
0
142
161
0
214
0
0
151
77
134
157
82
123
0
120
125
0
139
93
90
203
0
72
127
233
0
127
92
0
175
0
0
161
124
139
148
208
0
0
80
163
131
199
0
93
93
160
132
134
0
184
0
76
152
0
140
0
150
93
0
152
184
187
149
119
97
113
114
126
0
187
75
143
100
180
0
123
156
0
179
226
0
186
242
0
0
76
83
203
0
172
149
200
0
74
155
222
0
0
128
174
0
93
0
174
166
0
164
0
119
177
190
176
100
0
92
197
194
0
0
79
131
0
148
0
195
188
111
151
0
181
114
0
128
184
146
139
165
109
83
0
126
0
176
105
137
161
196
145
122
149
169
112
0
0
114
96
0
128
0
137
0
82
172
0
104
219
0
194
132
120
0
0
126
111
0
62
195
113
0
205
0
81
86
102
170
78
89
198
138
253
0
69
155
146
132
0
129
211
0
183
170
0
112
138
0
94
228
0
142
155
137
0
172
0
68
0
118
0
139
142
191
0
115
252
0
137
128
242
0
162
188
0
199
0
187
116
0
53
0
72
175
0
0
49
0
215
0
79
95
0
113
0
181
0
125
140
220
0
57
117
0
62
75
189
94
166
150
93
127
0
147
246
0
0
61
136
183
0
0
198
0
0
178
0
91
0
76
0
0
37
0
124
0
81
192
189
201
0
166
0
0
139
134
192
98
99
97
0
57
203
0
56
103
0
178
0
182
162
0
152
115
0
209
0
76
0
134
196
126
200
0
58
198
0
184
92
0
200
0
182
0
121
124
0
62
210
0
0
170
114
220
0
66
0
125
79
157
216
0
133
133
212
0
178
0
186
0
85
189
0
0
193
183
151
171
0
85
206
0
209
0
45
0
193
195
0
62
0
0
172
191
0
160
0
158
170
181
165
172
0
84
107
232
0
78
186
0
95
90
111
0
142
97
0
81
135
0
178
0
85
160
148
126
0
174
203
0
78
112
109
124
87
253
0
123
0
227
0
176
0
218
0
169
119
108
166
231
0
182
79
173
246
0
0
58
188
0
77
220
0
121
199
0
173
179
192
0
164
0
183
110
143
154
127
162
218
0
198
135
199
231
0
0
171
147
0
129
159
145
129
156
0
78
255
0
161
0
0
213
0
188
122
0
0
195
162
0
101
0
147
0
98
0
151
165
0
71
91
138
95
95
118
0
114
227
0
0
103
0
137
106
183
0
0
54
89
92
111
165
135
121
120
194
168
0
142
0
95
0
47
139
0
175
0
165
201
0
48
89
186
111
186
114
189
107
105
0
66
222
0
111
139
101
147
77
226
0
138
152
110
195
216
0
164
0
131
126
0
0
93
180
0
54
143
184
146
79
174
0
67
78
0
59
147
90
115
114
0
161
0
69
194
85
213
0
0
92
0
107
76
183
178
0
262
0
173
215
0
0
0
46
161
170
0
72
0
0
85
94
0
109
131
0
193
193
187
214
0
91
0
138
119
176
98
171
0
0
199
222
0
164
161
169
103
0
146
134
219
0
134
120
164
140
126
0
0
179
139
83
0
114
0
61
170
187
163
173
122
93
178
150
124
0
141
109
238
0
172
0
178
169
0
178
92
107
133
130
135
0
0
188
109
168
115
0
87
102
120
0
82
115
114
0
0
33
151
158
194
0
0
161
0
138
144
100
133
81
0
62
135
137
79
166
153
167
116
0
130
124
93
196
0
178
0
0
65
126
0
199
179
0
142
0
131
89
91
208
0
198
260
0
172
189
157
0
110
0
61
149
185
191
0
126
192
171
174
169
169
190
81
172
142
0
0
149
174
0
131
198
91
226
0
150
199
0
148
0
0
183
153
132
159
0
198
0
86
153
0
80
0
184
0
145
108
0
249
0
143
174
174
238
0
0
185
186
84
132
203
0
0
169
0
196
110
0
207
0
0
174
0
54
84
197
163
0
0
133
141
112
0
149
110
188
0
75
0
38
182
0
43
118
0
50
175
113
240
0
94
0
116
83
0
76
0
194
182
271
0
135
137
197
150
136
126
0
0
42
188
0
184
0
164
84
124
202
0
118
0
148
186
0
196
149
0
194
81
0
78
0
114
137
0
146
96
0
0
41
128
94
0
83
0
138
0
145
194
0
148
0
64
185
99
0
183
189
0
97
197
165
184
0
0
154
124
0
176
219
0
102
130
246
0
147
0
132
166
222
0
91
188
0
0
0
102
0
133
0
174
0
104
211
0
88
75
83
86
241
0
50
181
196
93
177
237
0
156
88
80
109
149
0
98
0
193
0
85
127
0
77
148
77
139
0
67
180
164
199
175
181
135
0
79
95
118
96
143
156
189
0
125
141
250
0
76
183
108
0
63
178
116
220
0
106
109
0
0
148
111
0
175
211
0
187
0
124
189
0
0
139
195
0
193
131
210
0
90
0
113
0
0
131
0
95
159
0
86
184
0
136
0
160
80
204
0
42
99
94
85
0
96
0
77
183
135
76
78
153
103
213
0
0
61
131
196
105
185
0
104
196
185
227
0
67
0
204
0
189
0
145
91
0
217
0
70
192
0
200
0
88
235
0
153
242
0
115
158
154
0
141
0
203
0
0
67
186
0
60
0
174
94
136
0
72
0
112
113
153
178
0
147
163
0
94
89
79
0
42
176
230
0
128
219
0
124
138
190
0
168
0
0
124
127
141
93
129
110
151
146
172
0
68
115
198
0
184
112
0
247
0
0
144
0
183
75
96
193
169
0
176
83
252
0
159
154
96
0
0
120
114
76
133
0
158
138
204
0
0
137
136
0
38
90
96
96
115
131
0
107
183
0
111
80
124
103
140
187
157
136
190
0
68
109
0
186
0
123
102
0
0
193
118
0
156
104
0
162
0
173
151
201
0
167
88
224
0
157
0
54
84
155
205
0
195
126
168
0
58
82
128
173
148
116
142
169
0
162
163
0
190
0
216
0
78
244
0
162
171
198
80
119
142
0
0
140
0
158
89
0
230
0
136
0
153
134
89
91
177
182
0
187
91
99
0
156
0
0
163
127
186
157
151
251
0
59
0
46
100
80
164
211
0
221
0
129
128
221
0
144
0
183
0
141
92
0
98
0
107
131
207
0
165
168
112
195
0
202
0
55
166
103
185
123
0
59
0
176
123
118
87
166
187
139
150
0
125
85
266
0
131
0
97
110
126
125
102
190
100
100
192
188
197
0
176
225
0
68
114
0
0
148
130
0
117
175
148
199
0
73
153
113
169
164
131
136
130
134
157
159
95
0
135
119
75
183
129
0
152
0
97
173
170
0
51
105
99
87
112
143
174
132
211
0
167
158
0
92
165
0
188
0
133
172
109
100
163
0
0
220
0
0
70
0
0
0
97
127
176
195
0
155
116
0
110
0
105
87
138
0
180
101
0
76
0
116
111
135
0
158
108
153
141
0
128
0
0
56
147
85
0
112
160
144
103
130
182
196
0
0
131
127
129
208
0
121
0
193
0
195
0
175
76
198
0
52
146
0
178
108
0
70
154
0
126
0
138
184
0
143
0
155
0
105
0
0
94
104
131
0
0
27
247
0
148
0
181
117
0
136
208
0
249
0
0
0
211
0
111
111
191
0
0
188
89
113
206
0
63
163
134
140
229
0
196
172
130
198
0
169
151
169
0
188
130
101
143
193
0
0
0
125
189
0
54
119
135
136
161
113
81
188
172
0
0
175
0
130
145
186
0
77
192
238
0
151
0
83
189
81
158
176
120
181
0
171
207
0
89
194
0
107
79
0
168
134
0
66
115
147
0
177
177
0
240
0
0
66
166
173
172
0
0
171
138
180
0
104
98
84
137
198
181
107
202
0
65
150
0
169
112
183
177
218
0
225
0
172
0
0
0
183
180
98
106
87
190
0
138
0
187
192
217
0
0
67
162
0
167
170
0
153
0
0
74
220
0
0
104
0
149
137
0
73
0
155
93
143
114
210
0
0
76
0
72
0
53
173
0
101
110
195
97
106
115
139
0
160
135
193
0
80
115
148
0
0
0
191
165
0
112
0
170
0
0
155
0
114
153
102
0
181
0
202
0
173
184
145
138
150
185
0
245
0
0
195
0
77
187
75
79
78
113
162
94
152
0
0
139
222
0
262
0
82
125
0
58
187
0
117
130
170
105
174
119
247
0
126
193
0
0
89
0
196
102
115
132
149
139
0
184
132
142
163
144
94
151
0
198
0
70
115
152
0
0
114
101
122
155
172
0
101
104
176
174
0
175
0
228
0
0
248
0
145
0
0
91
0
51
0
143
0
39
159
83
188
0
144
164
185
212
0
124
163
107
0
184
0
180
195
144
140
127
0
67
227
0
112
0
73
0
148
0
169
200
0
61
225
0
109
79
132
197
0
0
77
237
0
96
193
178
0
135
189
0
0
198
0
116
0
86
125
122
171
0
61
104
160
149
115
185
79
0
167
184
223
0
149
0
0
166
185
171
139
78
232
0
108
0
146
164
157
0
219
0
183
0
116
0
189
175
159
169
0
0
45
185
149
0
55
0
96
0
54
77
127
233
0
75
170
110
180
80
0
0
82
174
131
77
80
0
184
120
89
239
0
101
121
0
163
172
0
105
145
84
244
0
77
0
197
132
92
176
127
100
87
130
141
179
0
137
126
109
183
0
159
100
198
199
0
189
131
0
0
128
114
0
167
0
236
0
148
0
0
0
127
138
0
80
95
176
0
165
0
73
0
247
0
255
0
0
133
0
96
0
96
138
0
152
229
0
152
90
95
127
165
138
97
176
169
172
155
95
160
104
84
76
0
0
188
188
77
246
0
217
0
175
0
131
88
0
222
0
75
141
78
177
148
196
0
0
0
125
0
152
138
165
0
42
190
186
0
176
206
0
109
101
180
0
140
104
191
0
80
0
141
223
0
108
112
103
193
0
151
194
142
0
0
109
179
96
0
98
116
0
84
134
0
55
156
121
166
140
168
0
113
197
93
0
187
135
0
0
137
0
162
199
0
181
189
0
83
170
175
0
137
0
69
83
75
174
135
0
57
75
166
100
77
104
115
0
161
186
105
0
120
145
0
109
152
0
64
0
61
136
0
0
98
208
0
121
131
0
190
150
143
154
149
0
199
0
115
197
76
86
149
0
166
190
136
158
0
192
189
153
0
138
0
0
181
120
77
0
0
139
135
100
242
0
145
0
104
108
230
0
64
163
96
0
102
0
107
125
148
91
145
165
0
197
147
176
0
0
233
0
149
132
0
0
32
115
0
49
181
0
0
90
193
183
0
150
122
0
0
180
110
80
168
0
195
0
132
175
184
199
185
209
0
139
142
184
146
171
128
159
0
176
0
69
0
116
77
112
0
0
89
185
90
114
215
0
205
0
0
147
0
143
193
167
249
0
124
111
121
0
67
135
87
81
129
111
156
0
258
0
86
0
61
0
84
182
165
112
0
222
0
172
0
79
188
113
145
0
48
185
87
194
0
0
175
0
133
0
195
116
0
69
146
0
131
106
255
0
142
198
199
90
187
0
0
40
117
191
191
0
47
130
153
0
202
0
131
149
142
504833