166
108
113
0
108
0
136
197
160
105
43
110
0
117
146
112
58
0
56
75
136
181
59
0
0
71
158
163
0
116
0
132
144
65
56
117
112
48
143
108
81
42
171
77
177
0
0
84
114
63
153
110
230
0
125
120
124
153
57
96
0
121
167
0
177
159
193
85
195
57
173
78
87
52
46
44
69
0
118
52
166
151
104
157
84
90
175
84
53
0
217
0
102
87
199
85
62
0
52
132
88
68
139
0
0
173
87
193
133
134
99
148
101
0
59
77
98
107
86
74
180
107
65
59
67
105
192
190
183
125
124
44
91
117
97
74
94
167
43
170
162
150
0
95
199
0
157
112
201
0
170
0
175
163
68
67
93
179
0
116
197
117
104
0
87
174
182
107
136
71
62
0
67
0
143
186
175
81
0
217
0
63
102
185
0
107
56
180
199
171
98
196
199
0
139
196
120
45
75
127
141
185
168
149
107
168
46
48
118
90
142
98
118
130
46
106
0
64
169
118
0
155
50
82
177
187
58
114
163
109
116
169
74
176
193
183
79
195
0
185
0
163
86
97
161
0
188
198
0
60
153
160
164
182
86
49
73
0
167
139
139
163
52
58
0
178
189
179
54
64
194
159
128
152
100
125
160
0
140
119
70
131
85
156
71
58
96
53
184
85
62
0
69
0
63
0
0
169
46
0
163
102
103
176
122
187
190
0
113
110
65
59
146
85
0
97
131
195
45
91
160
65
63
94
0
177
0
80
138
42
180
80
0
106
112
193
0
193
228
0
0
210
0
0
147
0
107
83
139
195
88
204
0
0
187
74
107
117
0
227
0
88
142
196
112
48
131
144
61
102
83
191
184
0
52
110
65
49
196
198
130
0
0
60
197
60
118
0
198
0
150
0
143
145
178
157
124
0
138
160
51
0
80
0
194
0
95
0
115
48
113
198
89
189
51
159
42
58
200
0
72
93
0
186
176
47
93
117
79
51
121
190
180
131
65
0
185
138
158
210
0
133
0
111
190
54
163
81
0
129
72
0
173
81
0
90
125
71
50
136
0
152
142
208
0
0
186
93
124
111
123
0
0
81
111
61
0
129
0
189
181
69
79
41
140
0
0
97
0
189
157
65
0
47
109
0
86
92
91
148
122
160
87
81
182
171
183
0
0
54
105
160
76
0
164
0
0
214
0
130
90
108
66
64
121
85
44
96
131
169
0
0
72
52
0
81
159
129
79
192
184
52
105
73
107
200
0
0
91
165
61
0
114
74
149
188
105
149
84
0
196
88
85
155
116
0
111
161
99
151
171
0
199
167
155
101
0
126
97
0
125
59
68
140
86
65
187
195
215
0
59
0
191
149
159
220
0
117
195
126
45
0
159
136
67
137
52
75
52
197
116
49
152
66
129
109
42
150
87
0
197
83
149
190
86
0
53
154
77
123
148
100
168
90
89
115
102
121
111
82
0
181
194
0
129
159
61
0
130
124
124
194
137
154
49
168
0
85
65
166
0
136
0
166
184
0
0
187
46
104
185
113
0
0
0
146
52
109
61
92
0
121
144
59
98
163
70
109
131
170
57
113
0
192
119
0
0
156
67
0
211
0
86
156
69
71
139
75
195
187
0
0
94
151
142
46
121
0
47
68
73
105
199
97
165
55
92
160
103
156
179
0
131
0
153
122
43
142
0
186
202
0
95
178
109
0
210
0
73
148
49
154
180
127
121
129
118
106
68
128
50
112
0
123
0
96
79
121
63
164
119
0
91
89
0
96
0
154
0
78
118
68
0
44
128
56
114
181
115
0
94
68
148
0
90
135
179
168
68
134
71
196
116
78
0
178
84
0
0
101
77
98
128
0
184
189
152
127
0
57
187
73
102
73
166
61
129
108
58
0
144
0
166
213
0
196
57
178
192
0
45
130
124
153
96
140
0
0
138
66
162
120
0
150
0
186
228
0
117
95
188
154
169
89
151
82
115
0
183
148
136
47
64
182
0
56
116
185
89
102
184
140
0
0
78
126
199
52
50
100
42
0
179
67
97
127
0
64
163
157
132
221
0
183
191
74
0
169
43
116
0
190
0
128
170
0
108
149
98
0
123
151
0
145
0
45
113
58
147
75
124
0
196
0
71
165
51
0
69
58
112
69
196
190
132
106
151
168
102
175
94
78
0
59
143
108
168
0
0
71
197
79
71
0
100
153
43
157
58
121
196
110
95
86
76
0
41
87
0
48
199
89
102
109
78
161
99
115
74
153
123
211
0
71
61
141
73
104
84
109
189
180
186
0
141
50
141
0
187
96637