147
53
152
169
97
174
0
46
0
46
127
133
90
114
112
133
50
118
183
0
97
32
79
0
189
108
40
175
188
0
193
214
0
0
158
0
198
99
93
56
186
190
193
121
135
97
65
170
118
0
171
184
184
190
79
197
122
164
103
135
154
0
121
122
49
138
102
0
147
153
174
97
120
48
42
141
39
0
182
86
75
0
49
147
0
108
106
135
48
90
0
113
101
108
155
0
189
102
66
190
172
121
0
197
154
176
73
189
140
182
194
31
57
30
185
188
79
142
90
175
153
38
65
0
152
159
46
188
180
132
171
126
0
93
186
169
49
195
112
36
68
70
121
0
55
159
0
180
63
103
154
159
188
47
140
64
42
123
145
166
47
55
154
0
57
100
182
111
175
0
132
103
140
191
63
124
62
0
0
154
133
60
130
0
187
73
158
158
198
196
127
39
164
83
30
133
110
113
95
116
148
159
152
138
98
120
153
0
126
165
0
72
157
110
0
0
114
62
50
208
0
141
137
41
30
132
166
0
174
199
195
116
0
64
185
127
117
0
128
194
111
168
73
186
195
130
170
54
133
52
160
0
80
116
60
131
0
87
91
0
174
35
125
76
0
156
107
193
0
94
52
59
171
206
0
157
139
99
106
163
145
79
35
74
169
0
189
44
164
167
198
92
91
105
185
55
100
126
122
38
56
163
126
80
30
169
162
36
113
63
167
116
106
113
47
115
0
0
155
0
142
184
83
0
52
0
123
0
96
0
169
102
178
175
188
226
0
125
86
140
187
0
140
103
107
160
126
163
134
75
94
182
197
0
58
61
151
90
0
125
178
68
157
186
84
173
105
57
0
47
67
89
30
59
149
46
103
0
179
55
104
133
62
71
112
183
55
133
95
46
66
0
77
137
81
198
99
130
49
127
37
101
77
94
53
51
182
183
0
0
180
35
113
111
83
137
142
188
36
56
91
83
63
127
151
0
50
93
43
91
73
36
182
179
106
82
0
134
155
45
111
166
35
150
109
127
0
130
143
186
197
121
175
197
121
181
196
0
0
43
32
122
140
0
75
183
0
89
195
0
104
131
178
78
62
0
168
142
181
68
188
203
0
165
151
120
0
165
52
93
90
85
129
0
53
130
118
43
208
0
55
48
122
176
0
71
52
83
45
106
178
45
35
43
216
0
94
196
113
189
65
91
205
0
0
0
117
0
38
102
97
87
93
0
164
164
0
123
109
0
178
96
67
0
88
141
117
196
154
185
151
0
32
47
85
124
148
156
0
160
76
72
92
198
0
163
0
142
76
80
97
190
66
178
78
206
0
101
0
204
0
179
42
194
117
54
137
65
125
97
101
165
62
190
116
47
118
0
151
120
193
0
37
144
136
149
31
171
169
129
139
125
148
142
0
219
0
70
0
0
140
0
147
182
152
122
0
128
199
34
90
128
72
163
56
64
66
133
128
172
94
163
158
34
92
152
109
0
171
122
196
81
157
49
148
0
69
179
151
145
150
0
52
82
0
160
197
169
66
109
190
158
139
0
129
0
167
91
50
0
68
103
162
52
140
120
69
197
156
0
0
159
162
180
0
173
0
134
97
167
181
98
174
71
195
107
134
62
98
76
124
0
187
87
81
191
133
0
56
106
65
190
96
149
137
115
73
154
0
144
128
47
55
176
155
138
84
121
76
87
41
151
52
128
172
36
98
0
69
77
78
0
144
168
144
64
37
135
0
0
198
51
38
101
156
51
89
147
118
142
0
157
136
48
168
40
52
149
57
123
55
124
105
167
0
181
194
0
145
0
0
145
0
0
134
196
112
159
180
54
30
117
110
142
123
42
94
195
190
123
154
84
66
133
119
58
196
186
191
195
160
188
0
49
63
161
68
0
0
39
72
71
167
59
34
75
0
59
51
181
83
0
36
93
34
141
47
72
50
114
141
108
118
111
69
100
71
188
174
103
173
0
97
57
62
54
198
136
92
189
154
154
50
83
162
133
0
121
39
0
119
0
45
113
82
43
120
76
42
176
129
0
86
174
44
146
40
0
102
113
106
44
199
54
59
76
113
102
152
130
33
186
94
163
138
30
176
48
36
125
190
49
0
152
42
0
132
197
151
0
166
180
197
78
94
117
215
0
0
197
143
103
163
32
46
157
145
168
140
92
0
179
103
48
186
115
184
177
117
110
146
199
33
126
167
181
123
35
135
0
37
0
170
66
40
197
193
66
157
147
82
79
196
194
197
0
118
127
129
125
99
106
173
0
67
0
0
150
75
101
142
174
185
173
0
137
164
79
43
126
187
138
37
115
120
159
45
169
161
121
45
40
0
67
69
0
55
0
156
53
48
118
0
152
107
169
30
0
107
121
183
0
135
49
139
62
92
100
163
186
174
116
72
96
186
0
0
111
65
163
102
134
200
0
94
130
0
111
50
45
82
134
118
45
51
0
38
109
159
0
0
116
58
157
127
199
124
119
148
0
0
135
104
124
174
154
58
36
112
44
177
108
83
108
159
135
136
122
160
0
37
105
152
169
89
32
180
142
142
42
61
53
108
45
37
109
46
160
120
69
131
198
0
45
108
198
119
89
173
155
183
111
49
201
0
175
150
40
195
82
42
83
64
147
177
117
0
35
188
140
69
185
160
189
30
125
104
183
58
85
63
61
148
193
134
91
62
89
158
89
74
111
123
110
0
199
190
223
0
75
104
0
188
42
80
113
124
56
139
106
0
57
43
140
47
127
80
0
182
0
181
0
132
97
141
80
50
196
158
56
190
139
0
122
49
86
74
156
182
66
180
0
124
0
39
0
100
133
153
0
49
0
38
105
117
148
125
171
90
39
94
84
0
60
0
44
0
129
0
165
0
220
0
117
177
167
104
166
183
175
142
93
198
106
174
151
104
195
181
44
35
106
122
31
137
181
155
148
64
54
199
169
66
146
110
0
75
0
171
0
172
212
0
51
119
69
153
151
107
147
155
80
161
187
93
129
99
132
164
119
80
80
74
199
0
64
147
0
170
106
182
0
159
62
45
178
0
121
98
68
88
152
57
129
96
134
52
65
140
0
155
122
135
86
78
173
194
70
0
34
102
31
181
95
0
115
110
33
195
96
62
178
44
94
53
37
93
93
127
0
161
154
0
0
145
65
159
66
89
60
51
52
129
146
175
142
0
60
76
137
198
0
32
151
107
48
178
38
66
0
78
133
102
59
116
116
97
31
89
30
53
178
97
174
56
169
182
158
91
125
66
35
79
93
86
196
193
107
197
50
96
172
136
153
47
145
126
195
147
147
151
142
58
147
157
92
166
80
192
81
61
65
174
0
94
98
138
88
90
75
104
107
133
156
101
59
136
109
183
0
68
73
181
94
140
147
140
65
0
73
71
108
177
133
80
0
190
59
144
117
74
36
65
103
0
99
0
168
167
0
63
68
63
198
81
129
53
0
195
124
96
194
47
60
99
101
93
152
0
36
109
39
133
90
42
72
100
166
92
83
97
198
119
188
128
98
0
83
31
0
85
38
76
150
190
172
184
101
116
68
0
0
176
0
159
192
73
140
61
126
0
105
82
59
106
32
100
122
149
186
103
148
46
149
0
97
134
0
130
97
143
39
39
163
0
196
83
212
0
61
144
126
89
86
130
38
90
123
31
170
199
127
77
135
122
131
31
48
179
83
0
64
0
0
152
33
141
183
71
119
70
177
72
56
124
69
110
187
149
212
0
0
69
121
171
109
96
0
0
118
139
127
31
163
97
155
181
100
53
0
69
176
141
195
122
51
172
130
123
187
0
166
135
151
115
65
111
124
0
159
40
135
128
146
61
0
136
117
166
0
159
98
75
89
40
199
97
155
115
106
171
210
0
78
60
182
87
198
179
42
0
133
65
136
38
72
181
61
100
180
173
90
0
65
163
0
197
0
146
61
182
65
91
52
65
108
56
94
91
65
68
199
162
92
62
172
186
136
0
47
203
0
0
109
148
74
90
190
0
164
135
52
73
122
68
0
0
54
39
149
115
161
86
72
168
0
106
79
96
108
42
134
64
0
175
40
79
57
92
123
153
86
87
99
0
116
0
130
110
138
0
150
173
117
0
53
0
104
98
0
0
205
0
76
94
0
102
32
124
49
157
111
98
61
0
170
197
188
35
101
65
43
171
134
83
66
101
82
31
199
56
36
0
181
0
0
91
188
0
32
120
183
65
73
163
140
194
128
159
76
139
0
0
94
40
176
49
156
138
35
148
181
90
124
78
0
81
207
0
70
63
61
102
190
180
75
89
0
37
125
184
40
110
164
0
0
104
108
0
33
152
127
33
152
164
116
145
96
58
197
152
95
191
193
179
140
0
82
41
172
0
122
133
65
145
194
33
130
143
42
184
198
66
52
0
0
65
154
0
167
109
194
121
153
104
186
139
129
110
82
150
190
100
44
191
0
153
149
101
58
119
115
0
77
0
96
31
81
182
34
39
106
182
195
77
40
150
124
0
189
109
86
115
0
40
0
193
120
112
109
143
160
0
173
74
183
70
69
0
87
86
128
0
197
193
163
90
64
196
145
154
162
124
195
126
60
67
0
185
137
0
147
0
187
160
70
56
67
56
116
138
162
53
149
99
78
58
51
0
85
126
121
0
109
197
37
187
78
84
52
93
34
151
199
182
148
40
42
151
70
0
0
126
68
144
118
172
134
128
0
44
69
0
65
44
49
173
128
52
138
116
132
40
112
46
105
179
168
67
60
178
132
165
66
141
0
50
166
63
155
149
68
113
0
0
147
133
155
152
198
0
225
0
181
100
0
157
104
182
108
100
79
62
195
49
90
112
146
129
0
183
184
0
44
95
187
104
130
49
87
90
176
198
36
0
195
65
0
103
145
141
0
79
106
166
100
110
180
70
60
197
148
121
155
64
80
81
157
52
0
147
0
63
46
71
74
148
171
209
0
50
168
142
143
136
142
55
142
173
0
95
103
141
41
120
166
130
171
123
111
88
148
120
73
0
0
181
95
146
0
169
99
33
129
116
141
0
121
159
0
131
73
31
30
77
134
65
141
170
59
105
174
112
0
172
154
178
126
60
162
0
134
102
42
119
87
0
47
199
198
84
79
98
110
0
101
152
87
144
125
188
90
143
31
162
113
0
92
167
82
0
189
101
49
52
36
130
112
173
138
44
50
191
31
99
190
0
87
83
94
98
0
84
108
161
36
95
102
0
131
176
66
166
147
0
94
116
56
0
30
177
107
175
71
58
190
104
110
50
146
65
151
0
198
158
151
46
0
72
0
63
188
167
155
88
84
198
184
110
0
0
118
95
152
133
167
0
0
135
188
0
90
0
0
62
120
165
101
82
38
72
80
133
42
67
0
116
78
83
83
64
0
157
0
67
171
97
77
0
35
90
138
127
144
71
121
123
154
103
171
89
99
196
0
120
0
123
152
69
43
73
0
93
67
59
197
0
130
39
118
89
0
0
123
174
51
199
149
146
80
71
145
0
36
186
98
134
183
170
0
103
189
120
62
124
114
0
49
86
151
89
0
64
159
151
90
136
150
75
77
79
55
64
63
86
0
113
199
32
94
154
160
54
114
118
0
181
0
139
136
85
168
84
205
0
96
105
180
113
157
142
141
142
155
71
156
190
135
101
141
161
194
0
137
71
36
128
0
158
118
153
93
33
64
137
104
0
0
80
117
110
180
148
199
50
95
161
50
93
65
0
31
44
144
37
131
84
121
131
99
192
67
50
59
128
98
57
47
175
172
184
153
129
79
138
65
79
151
96
107
113
165
51
169
174
200
0
177
171
99
180
146
94
192
76
0
69
60
96
183
120
0
101
115
72
50
195
78
59
129
49
67
105
0
164
136
171
120
43
161
199
72
98
70
140
127
162
158
133
73
129
133
141
0
204
0
78
111
0
0
184
190
176
0
100
143
97
0
39
58
93
197
172
195
90
49
0
100
199
194
114
84
160
141
148
158
109
101
191
112
184
154
138
149
0
116
180
164
112
186
61
118
54
40
0
175
102
0
38
100
0
0
146
179
38
0
151
32
153
44
47
164
131
97
94
175
0
76
73
229
0
0
138
0
89
35
33
186
126
74
74
43
109
0
175
193
170
88
0
82
129
153
114
0
186
35
32
50
72
124
173
193
45
181
97
107
75
182
90
79
170
68
143
68
79
105
79
170
165
156
59
103
98
122
157
31
0
157
156
186
191
0
45
137
132
133
160
139
168
61
195
138
40
79
175
99
164
108
181
122
110
38
36
92
105
0
80
0
130
34
117
107
32
84
56
0
172
121
88
106
0
61
50
62
131
46
192
0
0
38
0
181
73
190
82
84
192
187
89
0
59
190
0
31
54
171
43
0
160
198
64
99
0
0
178
57
143
106
0
134
133
0
0
39
59
96
168
180
91
163
48
100
168
69
193
69
150
34
128
79
76
184
0
46
42
144
103
94
81
174
180
129
50
40
172
44
175
185
59
48
152
119
162
0
84
36
139
135
146
0
121
83
77
170
0
165
146
146
150
169
50
0
179
123
71
178
155
88
66
155
31
101
0
129
129
155
155
70
115
121
116
0
162
184
111
69
198
77
162
141
49
102
108
100
0
175
40
130
0
87
151
124
39
193
179
0
107
128
0
103
212
0
51
182
135
162
92
74
0
112
0
189
63
0
78
153
75
178
0
56
200
0
82
64
72
191
157
194
143
42
140
195
108
80
107
172
61
77
186
60
165
162
182
134
181
0
102
149
156
0
101
63
0
110
48
89
151
0
173
97
123
73
142
39
108
196
183
0
47
101
117
159
96
218
0
67
130
65
126
124
0
115
38
0
195
126
156
61
156
130
130
38
58
177
67
30
35
88
80
104
89
86
165
0
150
83
0
138
82
70
109
60
31
73
185
168
149
65
107
135
191
159
0
126
164
0
183
44
179
41
138
0
0
76
175
36
155
105
53
109
75
97
132
88
189
0
161
73
180
108
96
164
130
114
116
61
74
0
69
0
33
147
158
34
189
180
175
63
90
142
90
161
114
223
0
128
199
149
165
43
175
0
55
54
162
106
184
159
106
0
198
191
0
113
75
92
167
56
43
50
136
65
131
0
185
81
55
42
51
139
117
0
174
157
133
179
69
0
0
56
198
135
32
195
150
176
107
180
34
149
56
91
0
30
129
139
60
0
91
50
31
213
0
102
120
66
0
87
129
167
0
43
184
195
153
0
196
67
209
0
168
40
33
34
160
91
0
173
0
186
0
58
41
0
49
65
0
0
116
172
143
152
0
45
174
199
0
86
0
31
167
173
98
0
194
38
130
155
196
32
103
39
211
0
44
164
85
128
83
68
69
144
194
108
204
0
195
87
189
42
0
103
188
110
170
163
160
205
0
123
0
100
115
98
191
79
111
180
0
151
123
37
141
150
165
33
199
198
100
142
245
0
0
136
147
38
53
125
102
187
134
127
146
176
68
191
168
36
120
0
136
207
0
152
45
0
0
170
148
188
99
74
92
109
32
141
56
73
60
99
144
68
40
47
129
0
47
107
171
57
159
167
0
32
183
155
88
0
200
0
167
129
93
174
175
169
91
171
87
85
148
91
59
129
197
33
168
0
118
88
131
120
0
116
50
57
186
121
0
158
163
150
138
113
111
128
0
196
72
174
156
156
88
154
0
135
144
104
51
187
211
0
85
65
117
94
62
32
51
157
82
45
162
82
106
184
188
86
56
195
162
185
186
171
67
200
0
183
0
161
186
122
69
177
172
114
65
0
109
176
122
0
158
179
68
121
213
0
168
146
45
112
86
47
0
198
83
47
186
0
163
47
75
127
60
104
0
61
66
142
124
113
0
0
176
162
192
159
122
82
191
110
165
169
0
104
149
153
59
163
75
97
170
143
99
60
178
0
34
109
70
60
199
118
140
88
0
49
153
0
81
109
133
78
85
98
67
53
154
111
55
68
92
192
120
52
94
182
125
109
81
0
198
202
0
108
93
37
47
177
185
139
173
126
0
166
138
0
0
122
72
182
60
77
190
67
40
204
0
0
64
115
96
0
0
127
128
100
41
65
140
144
38
64
153
52
143
110
0
90
0
0
68
64
52
96
0
70
0
183
76
153
107
0
76
93
96
148
63
73
195
195
160
212
0
117
187
103
171
46
88
0
135
141
170
34
77
174
0
150
33
93
0
113
197
76
120
187
51
188
82
0
112
161
46
40
87
117
180
0
94
198
120
195
83
0
0
79
186
0
125
142
154
0
31
30
159
168
109
185
153
178
100
134
170
190
74
121
170
193
0
155
75
0
0
108
100
0
148
116
149
0
96
151
0
157
116
100
100
0
167
61
114
0
194
148
119
70
130
0
146
96
86
138
66
170
41
68
185
0
160
46
153
0
103
150
63
112
53
93
0
177
163
146
129
35
104
65
185
181
126
51
155
178
107
65
82
71
93
103
113
51
190
143
65
101
31
199
99
36
92
178
108
103
36
92
34
149
43
95
70
198
69
83
105
0
65
186
169
95
96
74
170
165
0
91
221
0
75
136
159
197
166
106
82
107
134
0
87
133
173
171
0
0
179
174
202
0
0
99
132
54
0
32
0
37
159
172
0
0
160
73
0
177
183
116
198
129
158
33
84
185
123
89
71
43
140
88
0
120
193
62
166
35
93
165
112
43
130
0
38
168
0
171
61
0
0
172
0
132
95
35
124
66
81
45
74
96
0
194
84
187
0
191
187
0
39
77
38
50
0
104
192
167
50
125
0
137
0
0
157
122
174
131
150
0
0
0
199
148
148
131
76
133
116
196
31
40
85
0
157
157
195
92
210
0
176
125
0
187
68
59
192
118
110
155
39
129
36
61
108
0
67
71
60
97
170
183
200
0
140
152
58
56
40
135
156
42
63
147
0
100
161
88
33
216
0
138
99
102
92
0
106
0
166
0
194
89
90
197
189
117
0
138
64
168
106
0
31
85
117
0
149
131
41
57
90
192
132
0
89
114
233
0
0
112
38
149
48
0
31
154
87
170
119
151
68
168
0
127
0
169
164
191
186
0
143
75
0
78
135
181
40
48
70
0
0
163
120
192
154
178
76
186
112
66
89
0
98
110
163
73
0
90
100
82
225
0
0
97
41
82
101
35
79
0
130
108
119
190
0
45
185
0
199
184
214
0
191
100
190
99
196
0
159
52
132
177
122
96
177
112
78
0
67
0
0
76
135
104
38
0
165
80
85
114
194
113
183
135
89
179
179
61
99
42
138
75
112
49
201
0
188
208
0
172
164
155
73
146
124
44
0
195
143
77
182
95
146
113
45
164
197
198
174
120
47
105
165
44
173
157
112
180
198
65
95
154
59
0
47
107
157
71
0
81
125
0
155
187
0
76
58
38
0
88
130
183
34
171
125
121
70
129
84
166
0
0
98
0
130
136
81
0
30
119
61
0
63
95
33
160
79
0
35
69
81
77
156
63
94
189
116
167
72
106
126
0
112
109
109
0
0
0
80
107
166
0
189
39
92
75
131
104
0
0
0
50
98
0
0
43
56
50
64
130
54
155
126
0
174
172
32
153
61
34
92
51
176
148
122
54
40
34
78
155
0
197
182
86
204
0
199
0
0
96
36
195
0
137
0
0
180
196
136
143
125
0
88
86
65
104
0
137
102
127
38
78
57
51
144
159
164
56
157
129
55
145
124
48
39
94
136
0
69
49
154
171
109
129
135
167
193
119
191
98
186
102
55
156
99
0
173
80
122
171
126
102
0
162
36
59
130
119
194
90
197
159
152
74
156
182
62
98
70
185
95
63
49
179
52
102
93
71
145
109
78
84
56
145
117
127
98
0
90
81
153
195
79
169
167
62
0
0
65
60
178
119
0
80
0
83
217
0
165
53
187
0
158
129
120
104
0
123
167
0
66
104
43
46
185
60
188
44
185
65
67
169
106
148
101
64
182
97
76
76
101
166
119
163
86
85
194
155
162
104
0
168
158
46
91
30
101
140
98
49
151
30
33
140
195
123
139
34
0
137
95
112
90
191
0
83
80
165
57
55
174
76
150
183
171
113
118
152
160
93
141
183
92
0
39
178
143
109
163
167
157
63
167
177
0
185
194
152
99
163
58
48
55
87
131
186
108
172
0
103
126
66
41
116
166
0
145
78
51
108
112
0
67
72
135
0
108
82
38
125
160
61
41
129
179
99
56
55
90
0
60
64
107
0
156
0
82
0
178
101
171
173
155
89
45
199
36
131
0
118
74
203
0
103
103
0
76
51
185
136
92
67
143
46
187
92
156
39
192
160
70
162
82
180
33
126
0
129
31
0
97
73
184
45
0
107
87
93
0
122
66
195
194
103
132
78
74
183
188
93
97
96
155
178
134
117
138
110
0
104
201
0
107
55
94
68
30
119
119
181
0
0
0
107
149
148
49
51
132
112
164
42
197
137
163
0
106
59
145
99
175
130
161
0
113
171
110
186
153
94
60
98
116
128
118
124
96
84
80
90
53
131
0
176
109
167
67
0
97
70
0
138
194
121
0
154
81
51
198
107
139
108
51
82
45
54
111
81
0
53
101
127
96
112
0
77
111
103
54
41
73
105
82
111
136
0
120
155
181
113
129
86
0
30
0
50
176
149
89
136
0
146
189
172
51
78
45
84
126
107
164
0
92
33
100
64
111
182
149
183
107
169
172
185
39
159
70
47
81
71
0
180
76
128
100
80
48
154
147
0
95
145
167
179
95
30
75
120
65
193
34
171
149
66
0
126
0
131
34
156
139
137
30
97
89
105
70
189
61
100
0
183
37
93
93
221
0
150
93
91
126
159
0
170
105
75
86
144
128
191
192
166
92
54
160
51
42
139
94
104
188
120
185
44
52
130
55
96
86
75
189
149
153
174
81
0
161
93
125
89
100
129
0
184
158
196
115
46
172
146
185
60
82
146
194
171
113
68
0
172
33
130
176
90
70
159
183
107
58
144
60
30
63
100
0
159
100
0
154
38
146
128
194
88
0
53
0
40
120
47
38
174
52
94
56
94
42
164
31
45
80
131
46
140
171
0
178
199
0
166
112
0
57
171
70
152
67
32
131
142
43
159
155
180
82
101
146
125
48
46
180
91
103
81
87
93
147
190
47
106
105
43
124
109
163
54
121
177
46
173
115
67
144
161
148
39
105
113
187
35
93
147
130
32
195
117
122
0
53
115
0
159
76
192
191
60
183
117
182
59
136
58
144
50
123
152
44
141
92
63
150
108
188
190
132
0
127
156
63
76
45
149
164
104
188
166
0
136
126
165
130
107
167
0
0
135
199
136
192
50
38
187
95
148
41
75
167
40
65
194
102
177
69
0
149
193
142
0
102
109
183
169
165
0
192
111
43
94
112
158
123
146
157
0
145
0
105
199
55
223
0
155
84
35
53
129
0
39
189
124
186
199
51
37
190
35
30
62
83
0
144
0
138
238
0
0
123
137
39
149
94
0
91
98
157
52
76
50
185
70
31
184
192
0
182
0
199
107
108
87
116
0
107
177
185
152
117
57
181
0
80
177
161
0
147
132
157
50
90
138
115
81
87
87
46
123
0
198
197
137
92
132
37
63
125
183
52
175
191
148
96
186
0
159
153
51
152
173
96
175
68
113
0
101
169
71
126
164
59
66
0
180
0
177
109
106
0
33
107
0
0
97
94
0
144
172
100
109
95
185
52
0
37
193
156
69
160
58
42
51
0
105
103
126
129
0
175
52
92
117
148
144
75
107
78
32
0
155
158
182
194
43
80
59
186
183
83
142
185
189
119
33
80
98
33
106
0
165
0
123
170
143
73
119
0
95
42
65
42
144
150
139
166
89
101
176
198
117
188
187
153
171
156
0
147
44
171
112
146
80
197
0
73
195
0
91
111
121
132
146
51
104
78
87
182
157
69
190
181
152
0
57
148
0
155
0
46
162
199
166
181
177
138
79
102
33
43
153
0
0
33
77
86
45
155
71
80
144
0
48
132
157
59
83
185
44
149
101
127
0
129
97
75
167
101
0
108
42
65
0
74
151
171
48
104
189
0
150
79
137
94
162
158
57
40
110
211
0
0
0
30
203
0
117
127
181
132
156
191
185
148
173
158
0
45
0
35
52
91
0
86
170
39
160
0
155
160
53
97
84
99
105
75
39
43
86
0
48
80
145
148
0
115
153
0
0
212
0
203
0
85
160
0
0
52
93
179
0
0
45
42
49
37
187
96
134
57
99
125
119
0
57
86
192
0
38
162
158
72
129
165
0
37
90
0
163
152
167
145
46
92
145
185
163
34
121
137
134
46
108
87
191
0
0
90
140
199
0
0
82
0
175
67
0
53
95
155
36
87
0
89
103
32
150
97
164
0
177
187
185
158
95
39
167
201
0
99
71
41
169
49
97
40
156
0
52
114
168
166
60
0
159
152
134
190
168
160
97
106
133
137
110
197
71
98
62
45
131
157
52
61
0
98
162
172
33
0
110
79
0
158
34
126
173
180
0
162
74
48
61
52
203
0
166
174
97
57
0
36
162
157
94
58
0
0
92
106
202
0
70
121
76
183
159
54
44
0
116
119
112
71
112
0
37
139
183
70
168
73
124
0
144
216
0
87
164
163
44
93
168
98
168
84
184
149
155
58
0
75
177
170
103
173
0
154
0
62
188
177
57
37
134
103
95
151
0
104
117
44
37
67
94
42
0
115
87
60
170
196
87
119
118
63
147
189
122
51
98
174
129
98
127
163
0
82
0
157
60
189
45
125
37
31
186
55
76
139
198
167
183
178
189
184
118
192
0
165
148
0
132
78
187
158
191
145
106
0
31
0
188
162
39
169
54
78
154
183
165
176
40
156
135
103
39
167
157
149
160
99
197
74
0
0
76
45
0
98
61
0
82
121
92
154
111
62
125
178
33
157
49
109
146
166
110
63
108
0
176
135
145
35
189
132
50
136
90
93
62
0
169
157
98
173
146
194
110
0
0
33
131
134
177
0
79
64
72
78
168
133
58
114
71
64
0
0
184
0
185
129
120
201
0
72
196
0
0
137
0
50
0
53
80
0
86
50
132
175
121
112
70
195
71
67
181
185
171
98
45
59
148
72
59
0
155
119
95
126
197
145
183
90
60
164
87
198
81
97
52
56
140
186
0
188
0
54
112
62
177
50
48
137
119
93
67
0
53
192
197
123
131
32
130
87
180
0
98
86
69
185
36
117
54
79
139
169
148
62
171
110
120
57
108
72
102
181
71
165
32
173
66
0
54
158
183
31
178
121
137
0
54
0
162
0
53
0
105
204
0
64
107
187
186
165
141
147
45
163
137
115
96
44
75
104
114
73
121
0
62
0
53
138
216
0
50
182
55
154
167
196
77
159
43
51
68
113
127
191
49
68
165
0
161
112
67
153
84
66
81
98
55
77
149
101
113
133
152
34
150
168
122
166
0
161
120
80
194
153
142
46
193
0
183
103
62
102
153
179
142
176
110
198
216
0
52
54
167
144
118
179
115
81
140
34
0
189
0
159
137
0
110
47
150
198
114
170
0
192
0
138
127
61
133
74
0
187
72
0
82
0
192
140
131
186
66
35
80
152
80
60
193
198
51
75
118
103
99
112
143
116
182
75
153
0
0
173
153
81
55
54
0
191
193
149
0
61
153
108
55
110
122
53
0
82
41
193
99
131
85
203
0
132
62
106
111
103
147
112
47
177
59
82
93
179
157
179
107
40
59
107
0
30
185
167
0
107
132
90
0
75
0
76
116
102
124
41
198
205
0
175
0
175
55
61
133
0
145
31
92
38
86
153
112
44
128
0
180
52
150
0
0
67
126
110
197
165
76
86
78
0
0
139
58
112
149
58
139
0
33
132
178
0
133
172
113
171
157
155
77
186
0
58
82
0
45
116
99
54
139
109
66
150
131
74
197
88
0
62
198
0
152
151
121
131
179
91
62
153
0
82
181
190
171
171
0
45
118
176
42
83
139
49
94
101
66
0
195
182
0
0
55
148
91
50
70
193
0
89
146
94
131
198
97
0
207
0
0
42
75
0
85
81
57
161
0
40
78
112
157
0
178
74
143
68
181
106
129
125
0
35
145
178
185
0
165
129
99
92
0
0
48
0
178
183
0
0
133
51
106
159
196
75
0
121
85
120
187
67
71
0
95
84
32
144
123
145
132
87
48
168
30
104
104
73
0
114
159
149
137
101
0
54
39
118
148
0
69
174
48
177
129
0
30
0
57
187
153
123
0
204
0
0
45
185
191
30
141
132
79
79
178
110
136
184
108
48
97
0
203
0
113
135
118
0
0
36
58
128
45
60
103
94
154
157
36
99
0
120
156
127
0
0
140
80
99
179
213
0
117
181
77
42
129
158
0
127
150
0
63
115
0
164
0
161
71
50
96
75
64
162
179
175
100
0
0
0
81
66
83
73
195
139
0
81
125
88
179
0
162
130
35
0
0
118
0
63
40
116
124
79
0
38
0
57
100
52
44
150
141
128
77
137
137
93
158
121
96
161
197
127
33
117
0
191
0
0
63
69
154
126
76
103
82
0
196
0
101
83
90
114
108
123
0
43
177
119
166
189
183
35
88
96
188
181
151
149
135
183
186
48
74
92
85
193
42
64
119
95
111
0
65
186
97
196
123
99
89
127
88
120
0
133
0
132
159
186
145
175
117
197
175
0
107
107
146
140
0
174
154
76
36
90
144
0
168
34
171
0
123
82
33
84
40
155
86
79
124
0
203
0
88
0
156
0
128
118
71
74
183
94
105
186
162
65
41
0
199
88
0
190
133
194
68
119
97
192
90
109
101
158
197
83
65
0
119
97
87
170
96
0
90
157
169
133
43
126
63
168
95
50
130
80
82
198
101
158
54
118
40
50
85
0
161
85
74
129
33
44
82
178
130
109
130
95
104
0
57
132
195
167
71
92
99
150
0
176
184
109
171
137
125
43
163
63
103
117
114
110
146
119
87
114
32
197
100
72
135
0
130
40
85
165
145
152
0
140
42
0
0
37
0
141
173
464802