26
188
0
100
123
151
0
164
110
0
0
167
186
0
178
174
125
167
0
179
188
173
234
0
0
136
227
0
225
0
86
209
0
0
150
0
142
0
91
177
175
219
0
141
166
176
255
0
0
150
100
116
163
0
181
221
0
0
140
141
159
0
110
118
105
82
184
0
152
0
0
0
158
159
105
118
129
115
203
0
158
174
114
187
0
141
0
0
80
127
119
99
161
258
0
0
126
0
175
194
259
0
141
175
0
86
222
0
0
147
0
190
243
0
104
203
0
161
134
84
78
155
0
192
208
0
138
104
148
116
185
0
90
152
159
186
0
0
0
175
154
222
0
0
98
146
154
123
357
0
0
0
78
262
0
0
0
193
102
103
428
0
0
0
0
0
0
204
0
244
0
174
0
121
95
0
81
112
190
0
169
0
82
311
0
0
84
117
141
175
188
117
122
235
0
178
0
0
0
0
188
173
0
97
83
213
0
198
268
0
0
0
0
189
268
0
0
0
276
0
0
0
111
184
0
151
168
167
0
106
103
168
127
104
147
98
213
0
0
152
293
0
0
198
0
84
127
113
144
146
155
119
0
113
124
86
284
0
0
0
0
127
187
180
93
138
130
0
345
0
0
0
0
0
194
160
0
140
114
0
184
80
255
0
170
0
110
129
177
0
190
142
99
112
224
0
0
176
0
174
99
0
150
0
158
0
0
150
213
0
135
119
144
87
133
148
128
0
162
179
190
0
89
262
0
0
165
145
158
141
138
189
0
126
177
195
281
0
0
0
0
239
0
185
205
0
96
124
152
241
0
199
130
152
109
0
146
117
139
0
153
157
124
125
193
0
0
169
222
0
121
0
196
136
230
0
95
165
172
173
170
102
183
107
243
0
278
0
0
0
0
142
189
106
0
263
0
0
302
0
0
0
204
0
0
103
224
0
0
180
120
0
124
125
0
113
209
0
96
139
0
153
209
0
168
120
103
93
0
133
0
91
112
191
0
137
148
100
277
0
0
249
0
193
187
96
121
289
0
0
0
91
240
0
134
99
164
170
0
0
0
88
197
95
199
0
83
151
0
159
0
85
167
172
0
139
114
137
129
234
0
0
0
0
240
0
0
155
198
202
0
197
0
261
0
0
246
0
97
198
0
0
300
0
0
0
0
192
0
0
98
94
170
0
194
129
220
0
0
0
0
111
0
172
166
172
0
106
129
0
0
196
160
0
119
145
144
170
138
270
0
160
104
169
0
160
341
0
0
148
240
0
253
0
185
97
119
198
79
162
0
0
118
147
97
215
0
0
0
186
225
0
0
0
376
0
0
0
127
189
0
0
121
0
175
132
101
184
371
0
0
0
202
0
0
233
0
226
0
190
104
193
0
152
137
0
179
0
161
0
129
261
0
0
0
0
193
222
0
152
0
0
107
326
0
0
0
132
96
288
0
0
164
0
95
240
0
0
133
0
0
96
157
0
0
302
0
0
182
0
284
0
0
93
133
0
157
0
117
110
0
153
0
114
111
107
213
0
154
222
0
197
0
0
111
92
414
0
0
0
0
0
147
182
0
207
0
158
0
0
171
0
270
0
0
157
175
0
130
196
0
0
250
0
204
0
256
0
0
0
185
240
0
0
355
0
0
0
0
176
0
102
150
276
0
0
0
0
85
112
269
0
238
0
196
237
0
129
0
0
211
0
100
120
111
106
98
245
0
0
190
197
0
128
117
176
108
181
162
0
126
77
505
0
0
0
0
0
0
0
0
187
190
274
0
0
252
0
0
221
0
105
82
188
146
240
0
161
0
0
153
106
130
134
266
0
0
99
108
239
0
0
147
208
0
0
181
175
0
145
134
192
0
143
165
170
104
125
116
0
353
0
0
0
135
87
245
0
0
141
138
0
95
218
0
158
272
0
0
208
0
0
0
161
167
0
100
106
0
89
176
166
0
147
103
133
191
189
222
0
83
275
0
0
0
109
129
167
237
0
0
172
170
153
126
0
168
110
114
125
231
0
183
89
249
0
116
111
183
130
164
0
0
138
118
126
140
0
174
78
144
82
80
127
180
134
115
143
0
179
0
181
0
167
0
118
80
157
232
0
0
179
0
0
211
0
0
0
0
94
166
0
79
148
0
0
157
0
0
182
127
192
173
132
116
94
156
95
268
0
0
136
0
149
168
293
0
0
0
225
0
0
0
180
124
236
0
237
0
0
0
154
151
0
146
167
288
0
0
0
107
134
288
0
0
194
0
0
80
133
194
190
238
0
0
195
178
123
125
183
245
0
0
117
143
100
126
134
189
0
0
194
155
165
165
0
84
122
194
0
0
0
123
155
112
210
0
205
0
112
172
0
0
152
155
148
0
158
0
183
245
0
0
0
83
93
85
172
191
178
0
220
0
128
150
0
299
0
0
101
90
129
127
180
189
0
100
141
0
184
0
100
125
0
346
0
0
0
186
175
0
174
211
0
0
112
160
0
0
199
141
0
0
186
122
138
97
214
0
0
224
0
187
0
195
150
191
0
195
0
91
173
0
77
144
166
176
118
161
261
0
382
0
0
0
0
0
0
94
233
0
0
122
125
187
102
153
78
189
153
157
0
132
0
202
0
188
169
0
152
0
79
182
235
0
0
0
121
264
0
0
191
0
189
134
163
161
216
0
0
88
193
154
225
0
0
0
197
0
0
130
118
102
187
208
0
171
98
154
167
0
0
179
89
139
0
117
129
113
0
81
106
0
151
0
167
0
0
81
162
0
95
104
121
157
182
174
140
0
220
0
168
110
147
186
208
0
162
82
84
156
0
147
88
178
128
137
82
149
0
87
193
296
0
0
130
121
217
0
0
162
109
108
0
89
128
243
0
89
143
146
176
152
246
0
0
0
161
0
261
0
0
0
360
0
0
0
93
96
0
178
0
0
181
119
339
0
0
0
0
0
159
191
204
0
100
143
168
0
0
347
0
0
0
0
0
0
105
130
169
0
153
146
0
81
124
0
242
0
0
106
112
306
0
0
145
167
137
154
183
0
117
170
132
0
0
197
0
279
0
0
196
191
79
143
126
149
140
194
128
194
161
80
96
114
191
173
135
191
218
0
0
245
0
175
116
194
168
194
200
0
79
143
203
0
0
190
0
136
100
154
0
242
0
0
157
134
209
0
0
93
113
185
0
182
295
0
0
0
152
0
183
182
0
0
110
151
0
154
0
0
188
0
244
0
0
0
77
133
168
101
152
115
0
186
199
0
133
112
0
163
120
175
106
0
0
165
147
143
135
0
167
0
192
253
0
0
0
0
0
186
182
0
116
161
133
136
106
168
0
88
149
94
111
0
144
205
0
199
0
130
175
181
0
184
0
148
0
87
303
0
0
0
131
101
196
183
190
140
0
196
204
0
121
94
89
0
177
0
0
0
136
195
164
157
0
175
130
175
0
182
156
198
184
115
140
174
133
286
0
0
221
0
114
0
178
149
0
151
0
99
82
178
0
286
0
0
0
0
197
195
140
0
197
200
0
0
0
78
151
0
172
0
103
147
0
82
101
163
211
0
166
121
78
174
129
268
0
0
121
159
193
92
94
145
174
174
191
128
137
317
0
0
0
194
192
0
114
151
0
0
198
124
195
120
98
119
129
0
133
86
201
0
139
260
0
0
0
0
217
0
0
81
171
0
108
181
110
153
110
136
98
0
172
175
116
199
0
272
0
0
214
0
122
0
86
240
0
0
191
84
182
153
0
148
80
146
110
200
0
0
141
226
0
149
77
111
0
145
149
248
0
0
90
0
447
0
0
0
0
0
0
0
0
128
181
157
152
0
193
125
130
140
236
0
0
0
338
0
0
0
0
99
81
146
207
0
0
0
110
0
176
125
96
106
188
0
96
207
0
0
80
119
0
159
206
0
184
163
129
0
176
329
0
0
0
251
0
84
259
0
0
0
0
167
0
166
212
0
0
178
174
176
161
192
0
0
194
0
193
0
0
162
0
126
218
0
105
311
0
0
177
158
80
245
0
110
256
0
174
0
127
0
101
379
0
0
0
0
198
0
0
180
96
328
0
0
0
0
220
0
122
153
0
91
190
168
152
0
0
154
0
155
193
192
95
176
0
0
241
0
170
0
380
0
0
0
0
115
0
240
0
144
227
0
120
0
186
0
100
177
153
107
79
157
78
183
0
130
144
172
247
0
0
154
126
142
150
178
0
0
77
103
179
228
0
251
0
0
187
181
196
206
0
94
387
0
0
0
0
0
124
78
81
109
0
107
210
0
99
144
0
365
0
0
0
0
0
0
0
95
177
183
87
0
169
119
0
79
183
0
92
156
0
0
202
0
162
135
221
0
170
151
170
0
0
124
0
85
141
81
77
172
85
185
0
191
105
184
99
78
204
0
0
83
167
188
0
0
0
186
0
0
96
150
0
185
126
227
0
175
118
0
251
0
0
0
218
0
0
139
0
258
0
0
244
0
0
156
173
188
267
0
0
0
0
160
332
0
0
0
118
0
199
158
155
0
0
0
217
0
191
0
180
0
171
136
115
193
0
0
114
140
110
188
0
123
188
136
109
195
0
135
0
84
187
194
218
0
161
116
156
106
0
0
182
158
200
0
190
179
0
196
98
92
143
113
184
187
163
248
0
166
148
289
0
0
150
183
226
0
0
118
0
130
0
147
185
113
140
217
0
169
184
141
0
93
0
90
157
233
0
139
0
93
182
133
81
201
0
0
93
96
165
146
0
187
235
0
0
145
0
113
201
0
90
124
0
99
185
109
294
0
0
151
79
213
0
162
142
0
80
114
155
0
181
137
194
0
0
107
141
160
0
146
0
78
86
134
0
261
0
0
0
185
108
119
146
121
185
88
0
143
248
0
86
192
0
165
106
105
86
114
164
0
206
0
154
222
0
0
174
0
240
0
283
0
0
0
149
0
0
185
135
184
254
0
0
0
0
210
0
182
257
0
0
117
180
91
117
176
190
0
0
191
191
184
0
195
144
0
119
0
234
0
0
0
303
0
0
194
247
0
127
169
168
0
0
148
273
0
0
0
85
144
182
115
87
131
0
152
0
131
251
0
0
154
179
166
171
0
0
0
0
114
139
183
192
0
126
289
0
0
113
177
84
148
111
0
95
126
184
168
122
212
0
101
178
105
97
333
0
0
0
99
147
107
247
0
0
159
0
195
0
81
99
0
182
0
102
91
197
0
0
109
255
0
0
143
176
0
197
0
0
0
215
0
106
0
188
0
128
186
0
148
0
0
175
119
309
0
0
119
118
333
0
0
0
0
164
0
169
0
136
174
0
318
0
0
150
146
132
0
159
156
155
0
375
0
0
0
151
86
170
107
150
0
116
169
90
100
80
125
206
0
98
172
148
180
0
0
90
103
0
95
89
195
187
190
0
176
0
108
82
108
184
0
178
0
158
191
127
0
127
0
98
198
99
80
163
132
181
203
0
173
78
266
0
96
165
159
0
162
168
0
0
193
194
0
0
0
181
0
269
0
0
136
208
0
126
183
0
0
210
0
0
0
164
176
0
0
154
135
126
97
179
103
162
177
258
0
0
0
0
106
96
80
115
103
0
127
255
0
104
125
182
0
0
0
78
166
271
0
0
182
223
0
158
0
254
0
173
0
233
0
0
175
174
121
100
174
133
262
0
0
0
177
106
100
181
81
199
0
99
114
177
0
326
0
0
0
0
0
96
156
154
118
135
270
0
0
161
0
89
128
167
159
0
177
209
0
144
116
156
193
109
234
0
97
145
150
151
78
153
0
208
0
157
0
158
0
145
0
183
191
0
118
149
0
189
0
179
0
0
457
0
0
0
0
0
166
0
0
161
95
117
196
109
279
0
0
0
0
0
130
161
192
199
147
203
0
159
112
140
0
185
222
0
0
127
0
141
160
242
0
181
0
166
192
0
189
186
0
162
101
170
0
139
184
141
0
193
149
0
210
0
0
136
0
0
194
106
231
0
110
138
161
0
125
255
0
0
94
178
81
194
203
0
166
145
173
118
128
0
0
0
194
399
0
0
0
0
0
0
128
150
99
185
269
0
0
0
0
0
190
106
0
234
0
138
0
199
96
0
109
115
0
125
134
96
111
0
150
177
0
138
189
92
126
0
137
195
0
150
116
176
0
0
78
77
115
179
113
114
174
87
116
150
82
259
0
230
0
180
165
78
93
159
0
152
82
84
134
0
186
0
222
0
159
169
164
221
0
0
0
84
275
0
0
0
139
163
185
0
198
0
0
77
201
0
0
170
0
166
0
132
0
254
0
0
191
143
0
200
0
292
0
0
0
82
226
0
120
274
0
0
0
175
199
0
0
106
87
138
133
104
203
0
108
91
166
286
0
0
0
0
182
96
238
0
0
82
205
0
0
101
168
0
0
98
171
185
162
0
0
89
148
0
192
126
161
134
160
138
0
259
0
192
131
0
197
149
100
0
0
141
197
222
0
0
144
0
149
0
215
0
0
133
132
109
118
175
142
166
245
0
0
95
191
0
0
0
147
0
189
179
126
221
0
0
0
158
168
152
169
179
182
85
160
148
171
162
105
194
0
0
90
274
0
0
0
167
130
193
197
175
114
140
170
108
191
144
0
83
204
0
0
108
93
128
0
237
0
0
145
0
244
0
196
154
194
196
0
177
144
0
191
95
81
118
194
249
0
0
92
100
130
180
120
0
0
179
125
0
0
198
0
188
131
84
176
89
151
154
78
133
158
248
0
0
203
0
0
190
196
0
0
268
0
0
174
193
110
168
227
0
184
109
162
143
206
0
199
0
172
273
0
0
91
164
138
142
80
98
105
141
108
107
0
163
0
102
77
189
193
0
160
0
0
217
0
0
131
0
0
94
163
0
149
190
0
154
0
86
130
77
174
187
199
0
0
161
0
191
101
166
0
193
137
122
99
176
126
80
123
127
142
284
0
0
87
167
0
0
0
167
108
88
227
0
225
0
197
183
199
94
99
99
182
198
164
130
0
191
181
0
0
113
133
160
122
136
94
0
109
158
0
198
0
183
170
125
0
154
0
166
192
0
145
110
152
417
0
0
0
0
0
0
0
157
0
0
151
181
0
152
0
0
116
0
179
0
152
84
236
0
0
85
0
131
205
0
116
154
142
160
106
132
349
0
0
0
0
0
0
241
0
198
0
154
259
0
0
0
128
0
0
153
122
298
0
0
0
174
167
232
0
198
199
155
0
152
0
174
263
0
0
0
119
0
147
86
182
169
185
0
153
0
159
196
139
163
181
415
0
0
0
0
0
0
160
154
272
0
0
77
151
137
134
275
0
0
131
87
144
0
211
0
0
185
152
0
177
111
129
147
169
101
129
113
0
181
0
169
89
152
175
200
0
181
123
266
0
0
156
91
173
91
259
0
255
0
0
0
232
0
95
109
106
134
122
0
122
0
0
0
267
0
0
0
197
0
116
151
147
118
154
177
0
182
0
245
0
228
0
0
146
131
188
191
0
107
338
0
0
0
164
178
97
179
181
197
159
235
0
0
0
108
159
0
164
109
157
0
160
194
0
196
0
134
0
159
0
112
85
229
0
249
0
0
161
238
0
0
202
0
154
162
0
337
0
0
0
0
239
0
126
0
187
0
161
0
399
0
0
0
0
0
77
140
140
165
171
145
0
133
159
0
119
83
255
0
0
0
0
205
0
253
0
0
0
0
144
159
0
186
0
267
0
0
0
233
0
0
139
247
0
0
121
77
125
0
89
144
101
165
177
253
0
110
187
0
224
0
0
176
122
105
221
0
365
0
0
0
0
0
0
0
178
200
0
161
0
162
0
0
165
96
111
207
0
0
0
166
100
152
0
0
214
0
0
0
146
0
196
0
0
117
171
0
79
191
120
99
202
0
0
195
210
0
193
106
109
106
133
0
259
0
0
98
142
129
102
196
261
0
0
0
81
103
164
0
155
0
103
278
0
0
0
199
138
0
214
0
0
87
168
0
132
205
0
217
0
128
0
148
0
150
224
0
0
0
119
0
214
0
305
0
0
0
0
189
153
149
0
139
188
164
0
262
0
230
0
0
89
307
0
0
0
235
0
94
0
229
0
0
308
0
0
0
190
280
0
0
140
190
158
86
103
301
0
0
177
0
193
0
0
171
0
118
208
0
134
0
115
188
163
0
0
158
191
163
149
0
133
0
185
0
111
85
183
80
104
91
157
209
0
0
161
0
0
187
98
279
0
0
111
196
0
0
149
172
146
85
97
143
145
135
98
146
0
83
168
176
0
0
88
135
121
0
193
0
220
0
175
98
151
77
134
164
0
181
98
107
135
112
0
135
0
188
150
89
132
0
269
0
0
194
144
175
0
0
169
128
0
0
83
81
197
0
0
91
147
272
0
0
179
195
100
103
115
0
90
155
178
162
93
139
0
199
195
99
231
0
160
101
174
0
0
235
0
0
0
170
150
181
152
179
208
0
185
249
0
0
175
0
107
0
269
0
0
0
178
0
138
139
0
153
93
85
251
0
0
0
149
111
172
192
0
101
88
197
218
0
0
231
0
80
0
137
82
0
105
182
0
188
125
158
0
122
114
212
0
0
0
189
143
0
127
186
0
0
97
258
0
0
165
189
276
0
0
0
136
311
0
0
0
98
125
166
246
0
89
213
0
0
164
0
123
162
0
112
205
0
212
0
170
188
0
159
0
87
114
120
131
219
0
0
324
0
0
0
0
0
93
241
0
197
83
170
0
126
190
0
101
238
0
0
187
0
79
180
0
191
138
0
108
87
95
182
97
168
259
0
0
138
0
89
186
216
0
0
245
0
0
0
0
128
0
183
147
0
122
0
0
122
0
0
141
149
0
87
143
0
192
230
0
0
158
214
0
85
83
202
0
82
0
169
0
201
0
81
102
95
109
145
0
0
108
287
0
0
81
199
216
0
0
174
145
144
0
164
0
187
141
307
0
0
0
143
212
0
0
0
112
207
0
250
0
0
0
0
192
0
115
189
0
0
0
155
0
0
0
204
0
196
0
0
123
112
185
0
0
394
0
0
0
0
0
0
0
256
0
0
0
146
0
0
149
0
126
116
77
91
149
0
159
183
100
183
163
153
160
159
151
309
0
0
0
308
0
0
0
190
0
195
156
108
107
119
118
0
120
0
93
95
215
0
0
196
273
0
0
164
194
0
268
0
0
112
0
134
186
349
0
0
0
0
199
231
0
0
215
0
117
199
199
0
143
100
191
0
0
199
0
163
0
121
153
0
96
321
0
0
0
141
97
170
0
119
0
84
92
111
189
179
83
196
0
0
173
145
172
0
175
0
239
0
183
0
163
0
88
118
149
154
88
262
0
0
78
110
122
152
103
181
0
0
127
166
0
155
0
112
116
165
134
121
0
186
0
0
0
79
203
0
139
204
0
98
330
0
0
0
0
93
184
0
123
0
99
96
346
0
0
0
0
194
370
0
0
0
0
118
81
132
90
203
0
246
0
128
133
161
130
0
138
151
94
232
0
0
0
171
131
187
0
107
198
127
97
207
0
208
0
174
166
0
0
124
0
155
0
0
130
145
182
171
163
0
194
199
86
107
102
99
107
100
148
93
149
112
196
123
162
199
0
0
0
106
110
159
0
106
179
238
0
0
155
267
0
0
78
146
0
0
196
172
0
104
0
124
122
161
219
0
115
93
230
0
112
138
142
0
0
165
266
0
0
184
131
0
0
203
0
143
112
213
0
0
247
0
131
186
186
200
0
0
111
163
232
0
164
176
0
177
0
95
236
0
180
183
168
244
0
0
166
0
167
85
145
0
149
144
110
244
0
163
126
0
367
0
0
0
0
0
81
136
166
84
93
175
195
103
0
156
106
92
132
250
0
0
196
171
0
103
103
149
89
148
192
78
111
199
260
0
0
211
0
0
181
161
186
84
86
97
0
249
0
200
0
0
347
0
0
0
0
0
0
207
0
0
105
0
84
189
280
0
0
0
173
121
206
0
0
174
255
0
113
0
101
132
178
0
283
0
0
0
146
196
168
235
0
0
0
0
83
132
142
208
0
0
118
182
157
153
162
130
262
0
0
236
0
207
0
0
220
0
0
0
195
0
176
183
178
158
100
0
229
0
250
0
0
0
139
0
111
188
196
164
172
83
183
119
209
0
225
0
0
0
183
259
0
103
110
212
0
182
184
84
172
175
0
80
150
116
199
125
210
0
0
111
203
0
228
0
0
175
121
185
0
188
0
110
133
236
0
0
111
134
190
0
93
107
165
0
0
178
0
231
0
0
92
88
241
0
106
0
134
97
125
0
141
137
268
0
0
258
0
126
163
391
0
0
0
0
0
0
0
0
204
0
102
146
184
189
0
154
0
197
81
245
0
0
0
141
92
110
195
145
0
0
173
158
173
100
198
0
0
186
153
0
0
93
147
0
136
217
0
110
162
161
0
198
123
0
198
136
159
92
106
0
0
115
139
150
117
237
0
160
0
127
150
250
0
0
126
107
196
0
166
99
253
0
218
0
0
0
0
135
127
292
0
0
0
141
182
305
0
0
127
199
110
156
105
194
197
155
0
0
181
0
175
194
243
0
128
245
0
325
0
0
159
289
0
0
192
195
0
122
106
112
130
0
207
0
0
94
195
0
139
0
0
153
0
189
0
219
0
207
0
0
126
91
210
0
102
141
0
0
121
211
0
0
190
140
119
270
0
0
0
0
121
95
0
148
129
95
158
0
79
109
118
183
162
82
194
0
150
207
0
243
0
0
0
0
0
234
0
0
0
201
0
168
213
0
108
176
0
172
132
109
0
169
143
234
0
173
0
0
116
343
0
0
0
0
171
196
89
123
169
120
112
135
80
266
0
194
0
201
0
131
244
0
0
210
0
108
170
0
0
171
196
99
107
242
0
168
306
0
0
103
226
0
141
184
0
183
162
0
0
179
141
80
138
190
109
128
169
154
0
106
0
109
122
251
0
0
0
172
78
106
152
0
0
170
0
141
0
165
83
91
144
0
0
167
166
87
237
0
0
84
134
122
147
262
0
184
192
130
0
131
167
0
190
242
0
91
104
112
165
188
0
190
126
152
184
210
0
84
239
0
0
127
220
0
133
0
239
0
249
0
190
138
96
177
159
0
177
102
151
186
368
0
0
0
0
132
101
178
159
206
0
167
162
94
209
0
0
170
99
0
178
154
126
0
236
0
0
99
95
109
98
170
0
162
182
0
166
107
142
137
0
214
0
82
160
99
139
107
156
96
150
80
119
77
194
104
105
89
178
0
0
201
0
198
300
0
0
0
0
183
184
117
368
0
0
0
0
221
0
0
0
156
142
133
0
259
0
0
174
162
204
0
312
0
0
159
278
0
0
0
124
149
143
0
311
0
0
0
0
153
79
90
138
185
204
0
147
0
191
191
0
228
0
0
260
0
0
151
0
174
0
170
222
0
133
119
126
135
0
166
125
217
0
0
167
0
126
0
102
147
124
0
209
0
240
0
181
104
214
0
0
87
180
0
159
173
128
131
113
193
124
168
0
163
0
142
0
198
283
0
0
0
0
124
0
208
0
83
126
179
169
0
0
166
137
188
0
0
0
192
0
0
112
88
0
148
152
264
0
198
107
172
176
118
180
134
0
148
169
0
191
0
286
0
0
0
128
108
196
0
124
101
295
0
0
0
116
180
187
178
174
170
0
166
0
139
271
0
0
222
0
139
111
114
213
0
163
118
166
298
0
0
0
0
146
0
175
0
165
176
127
102
139
216
0
131
0
142
0
170
163
110
224
0
95
220
0
143
86
183
89
195
0
156
0
87
172
179
155
183
0
194
186
140
107
0
149
0
0
271
0
0
93
94
170
254
0
123
109
87
191
0
0
108
407
0
0
0
0
0
0
0
138
111
133
185
184
100
0
140
146
205
0
0
128
0
261
0
0
181
222
0
173
142
177
0
0
111
171
80
132
108
284
0
0
147
128
0
159
0
0
139
0
106
114
152
145
0
0
192
171
0
0
248
0
0
170
104
162
235
0
0
110
0
184
103
212
0
0
0
0
196
227
0
0
232
0
194
77
214
0
92
85
190
223
0
102
214
0
135
363
0
0
0
0
0
0
121
0
158
82
233
0
0
164
0
100
0
106
148
254
0
0
0
159
0
146
93
163
161
96
113
171
130
198
198
148
170
0
144
96
169
0
147
82
162
90
0
0
222
0
114
120
260
0
138
90
115
186
121
156
0
183
164
0
99
224
0
0
0
0
160
0
0
175
0
0
133
174
191
108
116
100
192
169
0
143
0
192
0
0
105
177
116
78
154
0
163
159
205
0
169
109
300
0
0
0
255
0
0
171
0
0
182
151
223
0
0
286
0
0
0
176
0
290
0
0
136
0
334
0
0
0
85
173
263
0
0
0
0
0
200
0
0
162
0
0
181
0
165
92
164
109
188
146
0
99
179
130
0
78
106
99
283
0
0
0
94
131
160
0
197
0
132
156
0
239
0
0
0
0
136
158
194
136
145
0
193
125
0
148
188
81
195
195
0
99
105
83
263
0
118
0
115
135
147
196
182
0
145
192
0
0
122
80
150
157
142
0
165
0
150
115
159
112
263
0
0
0
106
251
0
0
283
0
0
182
165
0
184
0
0
0
174
147
0
210
0
0
135
144
0
177
0
0
0
194
0
0
152
0
86
86
181
0
0
126
0
153
257
0
180
0
165
88
252
0
0
107
0
293
0
0
0
151
201
0
183
213
0
0
85
190
316
0
0
0
0
228
0
170
0
0
326
0
0
0
217
0
132
274
0
0
165
154
168
226
0
0
0
78
188
122
168
150
0
173
106
91
109
173
158
305
0
0
0
0
128
114
218
0
0
0
159
80
134
0
121
0
132
166
0
0
193
228
0
0
164
0
223
0
0
0
176
136
193
0
0
310
0
0
98
160
0
159
103
146
0
93
81
145
87
185
0
180
0
0
308
0
0
144
191
189
93
0
149
118
127
195
167
168
137
87
83
131
134
159
158
185
0
132
159
79
92
0
325
0
0
0
194
130
323
0
0
0
175
97
198
0
191
124
123
163
0
0
0
155
133
0
111
112
98
167
117
171
0
146
0
79
105
147
172
149
0
199
110
141
0
114
208
0
95
240
0
0
193
190
140
169
126
266
0
175
79
194
0
144
155
118
181
0
0
182
0
241
0
142
112
110
142
166
165
142
177
0
165
162
0
104
100
251
0
182
0
0
221
0
0
155
147
160
0
199
199
0
186
93
103
130
167
92
118
95
157
259
0
91
121
148
183
0
173
280
0
0
112
167
0
99
251
0
251
0
0
106
139
143
145
0
162
0
0
110
0
142
0
82
112
216
0
186
195
0
129
230
0
0
166
0
191
0
0
80
176
93
261
0
127
216
0
0
258
0
0
137
201
0
200
0
192
0
183
82
216
0
277
0
0
99
143
0
121
196
81
179
185
0
142
0
222
0
0
109
114
197
189
0
118
0
168
153
111
180
192
79
170
86
210
0
0
116
175
184
0
137
0
81
409
0
0
0
0
0
133
178
272
0
0
0
0
89
92
133
302
0
0
0
0
192
197
149
177
156
113
139
194
91
116
0
177
179
93
191
142
95
0
167
102
142
275
0
0
106
111
198
0
0
0
129
0
108
113
202
0
0
223
0
148
82
188
133
0
286
0
0
0
134
145
152
126
0
91
159
110
199
101
157
93
119
0
181
276
0
0
0
0
0
128
177
0
127
0
320
0
0
191
0
151
0
165
144
116
191
0
0
0
79
170
0
124
149
186
283
0
0
185
0
194
151
281
0
0
0
0
207
0
151
174
100
213
0
182
189
131
146
0
350
0
0
0
0
181
180
244
0
141
213
0
160
126
274
0
0
132
254
0
148
153
0
146
105
195
191
169
225
0
0
161
0
128
251
0
168
138
190
119
178
226
0
167
86
125
123
260
0
97
221
0
177
0
178
211
0
140
0
162
0
109
195
0
192
0
193
0
142
0
332
0
0
0
243
0
0
0
114
171
176
185
0
139
87
191
0
0
125
195
199
0
225
0
283
0
0
0
0
146
108
196
174
170
187
106
0
130
166
125
0
0
193
219
0
195
187
167
233
0
157
185
0
0
99
88
140
133
145
0
134
0
444
0
0
0
0
0
178
208
0
0
148
118
166
0
195
189
0
160
175
0
95
234
0
0
142
190
0
194
0
0
238
0
0
234
0
115
121
104
139
217
0
173
183
126
86
184
78
192
0
241
0
0
0
190
0
202
0
0
189
0
216
0
295
0
0
117
0
191
153
0
169
0
183
163
174
0
170
183
199
0
144
109
0
114
190
318
0
0
0
0
196
98
99
221
0
97
84
174
104
153
140
177
106
0
205
0
143
116
159
0
87
104
0
93
198
143
178
223
0
121
0
0
185
95
190
197
196
0
122
207
0
173
205
0
108
85
189
136
159
0
136
128
181
121
288
0
0
0
161
205
0
239
0
193
110
84
77
178
118
127
0
190
182
0
84
183
0
80
217
0
156
124
155
105
230
0
0
246
0
0
112
174
0
0
0
110
0
86
84
117
174
0
140
109
232
0
88
208
0
194
0
0
159
0
168
99
355
0
0
0
0
0
162
236
0
152
108
122
189
0
175
212
0
159
189
0
0
143
230
0
133
94
0
210
0
166
147
162
216
0
0
133
0
0
172
173
0
144
182
155
174
186
0
111
168
193
228
0
0
88
115
176
127
197
0
200
0
0
169
185
240
0
217
0
136
0
168
195
0
170
83
0
127
121
0
142
177
195
176
0
188
137
0
181
0
251
0
222
0
149
0
157
125
186
0
177
157
0
196
191
188
0
173
137
94
121
108
156
176
293
0
0
0
94
92
143
111
116
186
146
0
0
90
197
0
0
0
118
123
134
0
212
0
99
145
156
0
189
160
125
122
0
154
137
240
0
95
0
94
130
172
109
194
291
0
0
0
0
0
153
175
251
0
181
0
83
130
104
155
141
181
180
173
97
78
164
157
113
207
0
122
164
0
92
183
159
138
0
152
170
0
184
131
160
0
112
121
0
171
170
0
117
0
122
0
464
0
0
0
0
0
102
137
90
211
0
242
0
142
0
102
137
80
94
196
171
0
188
250
0
198
0
103
0
158
0
127
0
157
188
0
201
0
0
0
183
0
0
211
0
188
0
168
0
173
199
176
0
175
0
0
85
155
125
193
0
143
0
135
221
0
107
128
197
183
0
191
106
237
0
187
0
174
0
163
116
78
103
176
97
253
0
0
0
0
451
0
0
0
0
0
0
95
178
0
161
164
0
174
0
198
158
175
0
341
0
0
111
173
325
0
0
0
0
0
142
90
177
107
131
0
167
192
150
0
168
0
195
0
165
151
169
159
144
124
166
0
0
240
0
0
123
0
0
90
93
206
0
0
297
0
0
0
0
195
179
0
0
130
161
0
96
176
0
0
120
202
0
229
0
0
205
0
0
142
192
0
109
167
182
129
134
122
99
160
175
0
134
205
0
0
146
0
170
137
192
119
194
233
0
0
141
128
173
116
199
90
102
100
135
144
165
0
185
181
0
156
0
193
160
0
103
0
144
118
168
303
0
0
0
225
0
140
179
0
107
190
426
0
0
0
0
0
133
171
0
183
0
155
188
148
159
136
92
226
0
0
102
149
127
197
77
176
0
123
88
175
146
169
0
87
230
0
135
96
172
169
179
186
0
0
169
189
151
112
78
78
111
101
104
151
144
123
157
114
205
0
0
137
238
0
129
176
106
154
92
0
120
0
151
0
242
0
106
167
141
97
125
80
93
207
0
0
141
131
144
117
184
0
187
0
100
232
0
133
115
0
135
154
187
154
141
110
176
207
0
0
86
143
102
142
0
114
124
0
234
0
178
0
0
174
0
97
198
228
0
0
260
0
0
169
0
168
0
184
174
148
107
0
267
0
0
0
0
183
194
180
163
184
246
0
164
95
103
129
81
156
154
146
152
0
0
118
162
202
0
192
232
0
148
0
0
152
186
195
220
0
106
96
187
77
141
473
0
0
0
0
0
139
169
171
152
190
82
166
114
186
176
0
106
186
190
0
119
0
134
141
106
0
106
198
187
0
89
100
78
114
178
181
0
77
135
87
142
0
105
164
136
0
100
77
137
208
0
0
192
136
0
93
163
0
141
224
0
0
130
322
0
0
0
77
220
0
161
187
0
95
166
193
153
0
0
0
184
221
0
94
202
0
230
0
0
0
161
195
109
190
152
0
192
0
106
0
118
105
169
181
175
225
0
164
219
0
208
0
100
127
159
237
0
117
205
0
0
0
0
135
0
123
152
187
0
170
97
137
169
163
132
137
0
164
0
0
148
0
221
0
201
0
164
193
235
0
106
90
104
255
0
0
186
224
0
0
194
0
135
138
118
271
0
0
0
0
110
146
0
170
182
85
148
0
137
181
0
155
0
174
0
0
136
89
102
234
0
77
152
160
190
122
195
0
133
0
157
121
144
0
0
0
91
112
252
0
112
194
0
117
183
0
154
0
0
122
200
0
82
98
101
163
114
263
0
171
98
129
172
154
0
91
121
158
163
229
0
162
101
191
137
242
0
0
0
169
0
0
147
0
133
101
206
0
0
204
0
0
0
127
0
123
0
262
0
0
196
209
0
0
232
0
114
231
0
0
0
0
212
0
0
115
0
209
0
187
0
81
88
96
137
149
0
173
0
159
0
163
0
164
0
109
0
233
0
0
0
292
0
0
0
79
78
97
0
138
0
201
0
212
0
183
290
0
0
0
136
83
170
0
119
101
0
0
150
177
120
0
162
123
0
86
77
153
0
154
113
205
0
0
88
153
212
0
125
173
119
119
171
130
170
124
224
0
0
151
0
254
0
0
94
143
0
0
105
125
157
100
196
178
141
0
122
0
233
0
0
142
150
82
157
129
137
123
162
181
197
0
0
78
196
0
0
147
0
106
0
146
97
120
190
0
106
174
232
0
0
0
243
0
0
0
168
155
0
187
0
0
197
0
251
0
0
126
0
193
0
149
0
149
164
135
0
250
0
0
166
0
0
314
0
0
0
162
0
177
196
0
182
207
0
116
199
129
0
174
179
130
159
0
139
131
326
0
0
0
0
110
0
0
171
131
188
89
151
0
154
169
0
0
128
145
158
109
169
139
0
118
173
165
0
188
173
160
192
0
0
270
0
0
0
85
161
0
133
130
125
178
0
107
176
0
0
98
111
115
147
0
0
166
172
0
0
99
263
0
94
83
180
196
0
85
168
80
177
85
157
176
169
159
157
0
250
0
97
224
0
0
0
103
182
100
83
237
0
108
110
156
161
108
144
140
281
0
0
240
0
114
185
240
0
0
163
179
0
95
176
79
82
171
121
0
242
0
0
0
0
90
163
196
136
119
147
0
113
0
106
131
0
90
234
0
152
132
110
0
96
132
154
215
0
193
0
0
179
0
173
138
160
0
0
91
183
103
83
189
110
138
0
159
109
0
114
192
119
0
0
220
0
177
149
0
194
0
0
124
161
0
121
85
208
0
197
411
0
0
0
0
0
0
168
152
111
202
0
137
0
94
179
109
179
232
0
0
141
171
126
145
96
227
0
0
222
0
170
177
0
0
0
155
0
170
209
0
0
115
0
180
0
182
230
0
89
247
0
226
0
167
120
237
0
90
240
0
0
212
0
121
0
188
101
203
0
169
182
0
238
0
159
188
246
0
0
0
93
183
124
0
120
170
314
0
0
120
177
238
0
0
198
87
275
0
0
0
93
107
200
0
181
159
0
0
213
0
0
254
0
0
195
94
157
146
82
206
0
191
136
183
0
0
216
0
172
149
236
0
0
114
162
145
164
176
0
179
175
0
150
0
180
0
0
188
215
0
196
172
0
178
169
173
118
103
145
210
0
173
182
128
187
100
262
0
119
120
249
0
0
158
193
117
221
0
0
0
189
0
0
175
178
78
143
170
0
227
0
112
165
110
166
105
0
294
0
0
116
198
165
162
91
179
95
252
0
78
134
183
143
0
147
105
150
143
135
186
195
0
0
150
0
85
91
181
0
104
0
77
200
0
164
196
121
170
147
147
182
98
163
254
0
257
0
0
195
0
184
0
139
104
192
177
101
141
123
101
0
175
87
195
87
213
0
185
142
129
0
209
0
105
171
210
0
86
116
141
0
0
110
0
79
80
106
172
0
108
196
0
0
82
230
0
102
173
0
222
0
83
215
0
0
229
0
0
133
0
0
104
101
275
0
0
210
0
0
187
165
156
153
215
0
147
105
177
102
147
110
0
103
221
0
85
162
98
88
155
197
178
88
0
181
100
175
254
0
108
169
160
407
0
0
0
0
0
0
396
0
0
0
0
0
186
201
0
0
117
197
180
92
156
0
153
195
105
120
101
117
120
236
0
158
0
142
0
0
121
182
157
145
94
92
80
219
0
408
0
0
0
0
256
0
0
167
0
103
0
194
79
143
157
196
0
190
0
110
159
172
215
0
0
0
0
0
0
137
0
0
172
144
113
183
186
100
77
201
0
94
230
0
215
0
0
166
190
155
214
0
88
272
0
0
0
155
0
135
0
217
0
0
96
163
187
219
0
0
0
103
0
129
137
0
0
250
0
191
0
197
0
183
0
130
172
162
0
87
151
80
82
114
101
197
188
173
0
0
148
125
0
186
139
0
155
0
79
109
185
0
199
133
0
199
180
185
0
104
173
0
0
143
95
178
167
80
222
0
89
91
150
163
151
0
205
0
129
94
104
125
138
0
95
179
0
149
0
162
156
92
153
103
170
199
0
158
264
0
0
111
95
216
0
0
195
0
232
0
0
0
196
179
0
0
186
134
0
278
0
0
96
189
205
0
0
148
256
0
95
189
0
0
279
0
0
0
91
186
175
85
130
228
0
0
175
77
259
0
0
79
236
0
287
0
0
0
145
0
113
224
0
0
278
0
0
267
0
0
150
0
124
123
174
0
184
180
189
151
230
0
0
0
128
101
247
0
0
175
169
134
95
118
172
291
0
0
0
150
0
252
0
0
104
108
149
111
0
121
226
0
0
191
260
0
0
206
0
91
138
105
121
149
210
0
0
114
115
0
193
94
158
0
189
98
93
209
0
173
158
92
161
82
228
0
0
107
0
113
116
267
0
156
164
156
143
128
166
163
206
0
0
84
191
204
0
0
0
142
226
0
158
0
0
147
177
104
152
0
177
134
0
177
0
100
141
166
0
183
0
153
201
0
105
123
189
0
0
258
0
192
194
282
0
0
106
84
143
81
91
156
101
151
121
163
198
292
0
0
80
192
198
224
0
0
140
166
103
181
186
101
148
85
157
174
172
140
199
0
211
0
0
181
136
161
0
223
0
190
0
130
174
111
219
0
201
0
112
108
0
190
172
103
95
0
236
0
168
100
168
326
0
0
0
0
92
0
126
114
156
195
0
254
0
240
0
158
219
0
215
0
140
83
142
158
0
242
0
0
0
118
215
0
162
0
181
88
131
199
0
198
0
171
0
349
0
0
0
0
154
0
298
0
0
0
0
0
142
0
216
0
126
101
172
187
120
304
0
0
0
134
108
206
0
120
128
0
201
0
84
178
218
0
128
240
0
193
0
0
245
0
169
81
189
0
181
86
135
353
0
0
0
0
0
152
125
231
0
0
183
142
224
0
0
233
0
0
0
291
0
0
165
0
160
91
83
160
0
177
197
0
0
167
187
193
156
153
233
0
149
240
0
0
0
98
0
117
89
176
0
192
0
152
105
169
0
182
152
0
197
222
0
139
0
219
0
0
191
0
207
0
181
157
269
0
0
210
0
152
95
158
264
0
0
157
161
78
177
182
137
144
122
141
164
0
124
132
185
0
0
184
142
355
0
0
0
0
87
109
187
129
155
0
206
0
0
129
167
178
162
144
0
0
105
182
259
0
182
273
0
152
0
223
0
256
0
77
104
171
0
112
92
197
153
0
127
154
0
0
0
279
0
0
111
150
0
0
98
0
153
186
153
216
0
255
0
122
0
193
191
0
112
180
90
190
167
0
144
101
188
77
221
0
115
94
0
94
134
0
87
138
0
92
182
207
0
0
138
136
214
0
0
145
132
152
0
0
101
79
254
0
0
133
0
135
221
0
85
223
0
0
187
80
84
192
183
138
137
103
83
208
0
228
0
182
142
182
0
278
0
0
0
0
0
269
0
0
0
0
127
165
0
254
0
0
102
0
86
185
108
0
418
0
0
0
0
0
193
0
203
0
167
292
0
0
195
100
162
101
176
0
0
0
106
208
0
0
141
0
357
0
0
0
277
0
0
179
149
189
170
135
103
208
0
144
0
164
105
132
197
78
135
103
257
0
0
108
175
140
0
164
0
0
88
116
138
242
0
222
0
0
202
0
0
151
168
131
116
0
91
126
239
0
368
0
0
0
0
0
118
173
152
174
149
77
169
0
170
0
0
153
0
138
122
170
125
88
0
0
160
219
0
130
0
202
0
147
180
0
77
150
83
277
0
0
205
0
0
99
111
230
0
0
269
0
0
0
213
0
288
0
0
0
188
197
0
0
189
0
248
0
0
0
97
0
89
189
0
161
112
148
331
0
0
0
0
257
0
0
235
0
0
111
86
170
0
0
80
152
191
84
169
187
0
87
104
185
0
149
0
123
189
85
114
117
115
178
0
77
126
156
192
157
103
81
184
126
94
194
118
0
135
0
110
230
0
218
0
112
97
87
197
191
136
91
165
0
0
150
0
0
120
0
95
131
0
87
103
167
160
0
165
0
177
0
0
125
158
277
0
0
201
0
235
0
0
0
123
0
121
131
136
104
127
0
159
143
181
141
0
221
0
0
172
112
155
276
0
0
0
171
193
129
216
0
141
0
0
118
0
136
108
0
138
228
0
0
0
0
227
0
0
0
190
0
0
0
132
186
87
87
118
134
0
147
94
196
0
191
0
170
0
126
131
273
0
0
175
0
253
0
0
0
148
196
198
189
0
0
77
184
0
130
184
180
126
0
0
0
85
191
138
185
165
100
194
282
0
0
168
162
162
226
0
0
0
284
0
0
0
0
99
157
0
0
124
120
109
91
0
198
0
139
152
186
167
111
231
0
107
95
220
0
108
186
119
111
124
89
228
0
0
181
0
196
0
165
0
290
0
0
0
305
0
0
0
135
233
0
120
118
118
183
138
198
138
178
115
0
181
211
0
0
116
0
0
140
156
154
0
199
0
253
0
0
156
119
163
129
0
181
194
0
0
248
0
0
174
0
0
109
152
192
130
207
0
115
121
236
0
141
184
0
168
161
0
175
352
0
0
0
0
185
0
114
192
142
169
121
208
0
0
241
0
0
95
162
115
0
205
0
163
253
0
133
159
0
0
196
84
140
160
133
314
0
0
0
0
0
0
77
177
185
0
92
0
128
81
264
0
0
0
137
104
186
0
80
185
106
125
0
0
217
0
189
125
0
226
0
0
178
0
0
105
320
0
0
0
0
100
104
139
121
0
178
0
186
0
142
166
170
0
227
0
0
109
94
172
178
122
0
128
0
275
0
0
108
154
0
133
108
0
194
0
0
98
188
206
0
190
187
85
237
0
0
185
0
179
228
0
0
0
0
196
100
103
155
235
0
214
0
265
0
0
177
120
0
257
0
0
170
0
109
186
158
97
125
123
0
92
122
278
0
0
219
0
112
135
124
0
300
0
0
0
86
116
165
0
111
99
91
94
116
93
0
170
136
139
0
0
108
112
0
156
158
169
143
0
145
0
187
0
115
215
0
199
140
0
0
128
167
0
110
179
0
147
154
169
0
173
0
158
192
0
127
0
197
0
109
0
127
0
0
148
180
112
190
0
99
119
171
127
0
95
212
0
183
100
181
0
0
184
98
238
0
158
0
0
0
134
0
0
129
169
176
188
262
0
100
98
145
0
140
0
138
207
0
176
148
183
213
0
0
0
0
135
0
157
114
88
280
0
0
96
155
142
238
0
179
289
0
0
0
195
138
219
0
166
0
109
198
0
182
424
0
0
0
0
0
0
0
157
0
0
0
172
238
0
140
137
168
0
0
145
207
0
0
210
0
130
0
195
0
0
173
0
149
187
243
0
101
135
191
0
0
289
0
0
276
0
0
0
106
117
110
155
0
89
178
0
115
137
140
138
0
95
235
0
130
79
111
137
81
152
0
124
194
0
170
0
0
192
103
113
232
0
159
136
0
190
0
177
0
339
0
0
0
0
83
159
0
193
263
0
0
90
156
150
167
129
0
158
149
0
205
0
0
0
121
137
101
238
0
0
0
0
203
0
145
169
0
0
135
125
163
0
129
147
117
141
90
180
100
222
0
0
160
106
198
193
188
0
0
162
0
0
189
0
138
88
162
106
171
0
103
111
248
0
100
198
118
83
194
160
0
165
228
0
378
0
0
0
0
190
161
248
0
0
0
168
0
0
194
117
196
101
116
133
0
0
98
227
0
148
268
0
0
108
86
91
0
186
0
193
133
198
196
0
162
111
148
197
159
152
179
106
138
0
0
108
102
195
130
0
0
166
88
156
147
211
0
0
0
0
239
0
87
189
0
88
144
149
143
123
87
157
169
165
94
223
0
151
160
158
197
118
116
106
190
268
0
0
282
0
0
0
137
214
0
186
0
158
166
0
198
134
0
152
0
0
111
148
121
152
199
261
0
0
128
198
185
195
194
99
233
0
165
244
0
0
0
0
109
131
0
0
99
186
147
0
189
137
119
179
93
220
0
183
0
197
227
0
0
189
99
179
150
163
92
155
195
0
0
121
152
0
0
164
0
181
0
0
0
158
0
161
181
0
0
98
95
147
0
91
0
197
305
0
0
0
105
154
198
80
168
86
158
172
161
0
178
140
0
0
79
146
134
263
0
0
123
185
0
141
78
104
168
0
159
0
147
115
248
0
0
156
294
0
0
164
154
100
0
130
182
0
0
115
93
97
0
141
211
0
78
90
174
0
0
147
175
98
0
178
88
0
0
235
0
0
132
0
0
136
0
129
241
0
236
0
0
90
210
0
0
0
143
158
191
175
0
135
172
158
0
120
259
0
0
97
113
240
0
0
0
0
152
189
199
145
195
184
79
185
0
373
0
0
0
0
0
344
0
0
0
113
133
207
0
98
110
153
124
78
100
174
104
114
0
106
199
0
159
0
0
0
127
0
153
215
0
0
193
0
169
368
0
0
0
166
0
207
0
0
191
0
103
159
82
103
121
171
149
0
249
0
142
78
94
153
0
167
137
211
0
134
84
191
167
0
96
125
111
197
114
192
131
140
166
0
232
0
77
173
163
164
0
0
248
0
0
152
141
185
0
132
249
0
0
0
112
268
0
0
100
199
0
198
0
88
212
0
0
120
208
0
118
0
178
0
77
156
77
167
143
0
145
0
173
0
229
0
102
0
231
0
102
195
221
0
152
0
121
139
0
153
99
148
129
168
0
201
0
0
188
184
129
105
88
161
208
0
0
159
150
0
164
0
0
182
0
0
146
120
109
93
164
103
252
0
132
0
111
0
190
0
294
0
0
0
0
177
77
202
0
0
121
0
188
0
183
0
0
84
176
0
0
299
0
0
0
203
0
153
366
0
0
0
0
0
0
0
150
268
0
181
295
0
0
137
150
261
0
228
0
171
310
0
0
0
0
0
143
0
178
100
243
0
0
166
113
188
168
170
359
0
0
0
0
133
96
202
0
194
96
84
123
203
0
182
180
158
114
139
155
0
173
180
0
134
202
0
111
155
224
0
0
182
0
0
285
0
0
0
172
196
163
149
184
142
0
223
0
193
137
87
86
154
0
158
0
166
170
0
198
89
214
0
243
0
0
254
0
0
100
145
458
0
0
0
0
0
0
0
0
0
200
0
163
0
89
237
0
0
0
267
0
0
0
0
106
0
0
97
107
115
191
193
120
0
243
0
82
83
89
228
0
204
0
128
202
0
0
119
129
138
137
211
0
197
208
0
132
232
0
144
240
0
0
187
0
0
106
0
152
0
93
0
86
124
257
0
0
117
98
116
195
148
0
210
0
205
0
237
0
0
172
0
179
0
122
149
81
150
0
156
0
97
199
154
222
0
239
0
0
184
219
0
226
0
0
121
88
132
0
146
0
137
0
246
0
178
0
191
0
188
125
134
0
82
0
158
77
105
77
164
77
180
190
0
192
181
85
0
177
0
113
107
197
0
0
0
103
96
106
106
205
0
0
94
201
0
0
87
137
186
188
0
0
108
79
98
201
0
0
298
0
0
132
196
161
0
84
138
138
0
101
217
0
140
171
0
154
99
147
137
102
214
0
0
184
101
115
87
98
153
83
240
0
153
129
0
163
0
146
0
142
179
339
0
0
0
148
117
150
152
0
223
0
193
0
0
100
131
160
126
0
164
180
128
100
0
173
239
0
0
0
0
127
141
164
115
225
0
0
210
0
0
199
209
0
243
0
0
0
211
0
161
197
0
155
230
0
154
90
145
216
0
105
105
129
97
107
0
241
0
185
150
157
0
250
0
95
243
0
0
197
189
173
133
178
196
167
234
0
133
78
190
181
134
146
281
0
0
0
132
0
0
93
106
155
139
99
139
148
0
132
0
90
206
0
203
0
114
110
0
227
0
345
0
0
0
156
0
151
193
0
136
0
110
188
138
94
206
0
0
142
0
199
155
148
0
119
135
199
89
145
128
211
0
128
101
0
84
145
0
164
127
95
155
0
148
0
178
163
153
0
197
0
153
145
107
176
240
0
0
0
0
160
142
96
169
189
0
97
0
327
0
0
151
104
211
0
0
93
0
174
140
151
91
90
132
137
129
244
0
126
106
0
196
194
163
167
0
0
81
202
0
0
160
180
174
226
0
168
203
0
133
98
0
174
149
138
176
0
80
138
130
123
151
313
0
0
0
142
88
160
157
183
193
0
110
175
111
95
243
0
112
87
157
0
158
189
0
102
172
126
133
196
0
0
172
0
179
97
192
158
0
197
170
0
242
0
0
111
236
0
0
86
114
178
90
94
0
193
0
139
226
0
139
80
147
197
0
91
181
166
193
174
0
0
198
254
0
0
164
129
177
180
0
0
92
134
177
117
255
0
0
0
121
0
184
0
0
89
133
197
0
0
127
150
111
125
0
97
93
134
148
154
0
92
211
0
0
184
202
0
80
147
0
179
0
160
0
160
0
170
115
0
185
0
161
178
198
0
0
126
203
0
157
0
191
144
0
168
198
100
117
196
190
198
155
172
141
191
224
0
212
0
0
0
170
132
105
130
0
128
0
246
0
0
180
0
192
0
185
187
78
247
0
152
107
106
186
0
225
0
196
157
110
181
158
0
248
0
249
0
0
156
203
0
0
141
0
134
112
112
130
173
101
104
173
0
116
176
0
0
160
242
0
78
115
112
0
137
129
212
0
160
97
0
119
184
0
132
0
0
165
240
0
194
79
161
197
237
0
0
92
168
106
206
0
134
229
0
129
0
103
142
144
149
206
0
0
257
0
0
0
178
118
0
0
450
0
0
0
0
0
0
0
188
0
147
115
226
0
92
189
0
238
0
98
145
161
151
0
160
216
0
157
0
187
153
139
0
133
242
0
0
143
223
0
226
0
93
190
90
151
0
131
198
0
83
111
170
139
237
0
0
135
162
80
230
0
0
173
208
0
223
0
0
135
141
0
232
0
0
0
166
166
118
88
178
0
325
0
0
83
209
0
157
0
233
0
0
190
0
182
105
97
133
121
169
167
164
120
189
0
136
389
0
0
0
0
0
137
79
168
186
0
150
0
0
0
173
146
0
102
115
131
147
0
142
106
142
0
121
204
0
0
0
0
228
0
0
0
77
265
0
0
165
0
253
0
0
0
101
156
207
0
0
80
88
186
286
0
0
197
0
0
148
182
198
0
159
0
120
0
88
110
212
0
90
202
0
165
0
126
106
228
0
110
0
145
173
200
0
119
0
78
160
97
281
0
0
163
0
189
169
158
180
215
0
184
114
179
187
0
150
0
257
0
150
78
145
194
255
0
0
0
83
133
173
0
88
216
0
153
0
203
0
0
0
96
170
136
121
0
85
196
242
0
0
0
148
0
150
160
0
0
131
193
164
235
0
0
107
216
0
249
0
0
105
153
154
0
186
167
0
106
156
0
178
0
189
141
158
184
0
189
137
186
0
84
135
131
116
85
174
224
0
114
105
0
79
87
145
209
0
119
249
0
0
203
0
206
0
315
0
0
0
126
212
0
0
204
0
170
238
0
0
112
197
0
122
169
110
124
262
0
0
0
176
121
197
196
257
0
253
0
0
0
90
111
273
0
0
180
187
184
225
0
134
204
0
0
0
234
0
155
130
197
0
0
155
168
94
222
0
166
0
171
88
99
0
164
317
0
0
0
214
0
182
281
0
0
110
0
117
0
191
95
83
154
111
112
0
118
302
0
0
95
144
103
138
198
155
0
144
120
134
126
198
148
157
170
175
171
0
77
216
0
0
231
0
85
189
202
0
93
176
0
104
202
0
166
134
89
94
162
96
195
107
239
0
122
175
132
168
190
191
143
222
0
193
0
139
0
175
205
0
0
168
205
0
164
85
173
150
138
226
0
172
114
111
140
0
127
259
0
0
126
0
143
0
107
142
130
77
132
153
171
0
0
138
199
0
102
172
0
175
190
126
0
163
0
0
113
98
129
152
209
0
0
193
0
156
226
0
119
148
143
94
116
155
78
123
179
188
98
133
185
157
294
0
0
126
183
0
188
0
288
0
0
0
125
168
309
0
0
0
148
0
131
0
170
114
229
0
0
0
247
0
225
0
0
0
124
0
114
90
172
149
192
0
160
0
187
0
185
151
102
176
138
189
185
0
0
176
105
174
168
168
0
128
132
88
162
84
185
197
174
124
105
95
155
150
149
141
168
96
156
0
88
0
184
0
0
84
187
218
0
89
229
0
0
0
0
0
162
0
95
263
0
0
204
0
0
242
0
0
0
124
83
146
0
188
161
0
81
238
0
0
0
186
137
189
0
77
288
0
0
0
124
211
0
0
224
0
0
139
0
267
0
0
148
89
168
151
217
0
102
155
235
0
128
149
148
155
121
0
104
89
0
114
0
304
0
0
0
0
104
80
192
153
176
131
0
79
160
124
146
143
101
95
0
82
169
0
167
0
216
0
91
207
0
375
0
0
0
196
154
0
328
0
0
0
168
80
123
131
0
0
121
232
0
0
0
312
0
0
0
122
151
186
0
152
224
0
112
0
182
0
123
181
0
303
0
0
0
0
0
354
0
0
0
0
90
0
124
142
115
242
0
193
197
0
299
0
0
0
0
124
170
134
111
222
0
124
173
0
142
0
136
0
0
186
109
216
0
0
274
0
88
183
241
0
296
0
0
0
182
127
0
131
0
0
114
0
181
108
0
245
0
0
0
0
110
139
186
0
0
0
0
186
130
81
165
82
129
132
106
224
0
263
0
90
148
95
151
85
0
85
144
0
125
163
140
199
121
170
144
0
135
153
0
196
261
0
0
0
0
222
0
0
172
0
217
0
105
128
157
179
0
174
183
0
167
280
0
0
0
138
111
183
0
171
0
102
185
159
164
0
90
0
171
116
247
0
169
192
0
88
0
85
133
183
141
0
0
104
147
0
199
0
0
138
186
244
0
0
149
155
218
0
269
0
195
218
0
0
281
0
0
158
209
0
143
106
0
188
107
115
192
156
104
192
0
160
233
0
0
81
172
0
188
170
148
110
106
92
166
0
93
163
0
314
0
0
0
402
0
0
0
0
0
127
0
139
0
83
121
209
0
0
98
107
162
134
90
112
257
0
127
184
98
80
139
0
210
0
0
186
178
194
0
243
0
80
122
245
0
0
121
138
0
116
217
0
201
0
0
115
192
175
0
109
120
157
290
0
0
0
141
116
177
0
276
0
0
0
174
231
0
0
180
0
0
175
0
206
0
0
228
0
114
0
137
0
124
0
130
0
131
180
158
121
178
191
120
184
116
80
87
214
0
134
148
249
0
0
0
0
188
0
197
0
123
200
0
0
92
97
131
180
252
0
127
226
0
0
156
287
0
0
185
105
298
0
0
0
0
137
0
139
206
0
0
227
0
131
202
0
114
108
0
252
0
0
0
0
253
0
128
166
0
162
0
114
287
0
0
0
150
0
0
127
199
173
0
101
116
114
0
472
0
0
0
0
0
252
0
0
0
118
0
136
268
0
0
0
186
0
127
101
130
0
167
0
233
0
157
247
0
116
100
151
111
0
176
83
140
0
192
0
0
282
0
0
0
106
130
112
103
338
0
0
0
0
0
144
117
172
294
0
0
0
0
158
0
185
0
127
0
162
113
141
0
0
118
272
0
0
0
164
150
124
0
155
0
99
117
190
194
147
151
153
171
311
0
0
0
136
106
127
0
207
0
0
195
196
115
147
204
0
227
0
124
310
0
0
0
241
0
0
0
177
211
0
146
130
0
186
200
0
90
85
137
128
177
109
192
0
180
0
79
123
391
0
0
0
0
0
101
160
109
104
176
0
100
86
164
129
252
0
162
191
173
0
0
182
129
140
195
114
0
0
282
0
0
153
134
0
141
207
0
85
209
0
78
230
0
296
0
0
0
159
133
0
0
130
131
126
144
179
139
190
189
143
163
213
0
155
0
172
0
178
277
0
0
0
160
160
177
120
0
179
0
143
0
0
150
158
137
124
171
118
95
0
155
83
136
101
191
147
0
143
197
0
0
0
164
0
0
143
213
0
101
0
195
0
0
0
196
135
143
140
167
0
102
129
94
169
134
190
164
106
0
82
142
0
109
122
196
183
213
0
103
143
0
189
170
102
0
120
104
137
106
134
0
104
161
184
263
0
229
0
195
0
108
191
187
111
0
150
262
0
228
0
0
151
277
0
0
0
214
0
192
191
0
145
152
0
0
102
112
149
0
86
90
247
0
0
182
166
101
190
260
0
0
0
0
206
0
217
0
187
140
200
0
168
0
172
0
108
262
0
128
101
213
0
162
177
106
132
91
152
89
150
208
0
154
132
188
193
134
115
173
154
138
174
0
115
117
182
192
104
79
85
194
0
117
179
0
167
0
165
100
122
143
177
159
160
138
87
98
0
196
175
208
0
0
142
0
0
114
83
158
160
118
77
214
0
0
0
176
137
0
183
159
80
121
0
124
134
153
120
106
0
98
104
160
170
183
78
243
0
0
170
147
168
191
141
152
0
90
159
202
0
0
158
236
0
163
168
0
182
91
229
0
85
156
82
130
0
197
271
0
270
0
244
0
244
0
0
0
169
163
186
0
176
93
167
346
0
0
0
0
287
0
0
103
164
197
103
0
194
0
165
116
194
178
0
199
0
239
0
0
162
0
244
0
0
0
157
0
231
0
159
0
148
0
233
0
0
121
144
169
129
134
249
0
0
139
230
0
130
157
163
0
167
178
0
157
139
208
0
135
201
0
0
0
181
0
0
113
0
197
148
145
127
161
121
116
0
189
0
143
99
115
0
100
140
102
135
0
0
115
135
0
175
0
221
0
0
183
0
128
0
166
0
157
188
195
0
132
0
79
95
184
294
0
0
0
0
0
185
0
165
0
0
217
0
255
0
0
0
0
153
199
195
116
156
227
0
182
163
194
123
187
261
0
197
132
281
0
0
86
89
155
0
154
181
126
117
175
0
228
0
0
87
151
0
158
0
187
139
138
0
223
0
0
0
100
158
150
0
109
0
132
0
79
283
0
0
0
0
180
95
151
0
162
0
183
0
105
166
0
102
187
147
174
134
174
200
0
120
202
0
128
0
204
0
0
146
0
109
248
0
96
182
353
0
0
0
184
0
0
80
101
162
0
148
132
140
165
228
0
133
153
94
169
0
119
0
117
199
166
170
0
160
82
286
0
0
0
105
196
139
156
256
0
133
97
168
181
0
166
0
194
0
144
255
0
0
119
165
0
0
0
163
114
180
0
0
115
186
218
0
0
85
225
0
0
0
0
92
135
195
0
278
0
0
99
171
175
223
0
0
0
0
267
0
180
219
0
0
174
228
0
243
0
0
117
265
0
0
201
0
107
145
0
130
0
190
0
120
122
164
184
311
0
0
0
0
196
121
160
0
138
148
0
128
123
175
206
0
162
134
197
146
353
0
0
0
0
0
0
194
182
133
115
105
0
125
151
0
0
144
0
87
148
130
0
164
0
195
0
240
0
0
140
180
166
0
0
217
0
188
195
100
87
185
184
107
142
0
0
95
170
138
170
89
314
0
0
0
0
115
188
0
197
80
248
0
0
161
113
90
149
95
188
0
0
174
0
0
184
132
122
128
228
0
163
0
183
0
0
0
167
0
97
136
247
0
0
0
208
0
151
0
159
81
99
97
108
80
197
0
188
0
178
86
78
258
0
0
189
128
0
196
95
106
163
0
148
199
89
190
190
174
265
0
0
177
0
164
145
164
158
0
194
119
177
94
360
0
0
0
0
0
0
173
186
100
242
0
127
141
136
94
269
0
0
0
179
119
192
131
0
274
0
0
107
131
0
190
0
0
0
199
0
0
167
171
0
163
218
0
0
206
0
77
77
137
335
0
0
0
198
0
0
0
90
112
112
190
0
129
187
0
149
179
135
0
206
0
0
0
199
150
82
155
158
79
213
0
100
192
0
312
0
0
0
182
163
0
0
128
81
241
0
117
95
193
108
0
81
182
88
143
113
0
138
83
93
129
113
98
97
109
155
220
0
0
153
157
0
0
104
147
192
0
96
95
135
191
94
175
0
0
208
0
257
0
192
150
92
175
138
90
142
162
127
181
156
90
187
185
0
127
253
0
269
0
0
270
0
0
0
0
111
117
190
142
113
100
122
112
79
301
0
0
0
0
128
169
188
108
102
77
200
0
205
0
0
0
194
137
0
106
181
0
211
0
0
80
209
0
0
135
0
107
191
169
146
223
0
0
173
78
157
151
187
185
133
170
119
469
0
0
0
0
0
0
168
0
174
95
153
0
0
145
137
91
161
170
152
149
148
109
195
156
173
224
0
129
147
0
174
173
0
164
174
0
271
0
0
99
139
135
0
191
190
366
0
0
0
0
136
81
189
0
133
0
0
210
0
88
0
101
150
188
194
0
119
158
170
134
89
210
0
0
153
175
0
191
92
120
287
0
0
92
88
160
0
95
322
0
0
0
0
179
157
445
0
0
0
0
0
0
91
0
100
222
0
0
0
128
0
166
242
0
0
184
184
177
0
90
222
0
202
0
158
0
130
0
121
171
212
0
90
116
140
189
169
0
151
161
132
129
185
0
249
0
156
0
99
251
0
103
0
163
0
140
0
194
109
146
0
179
142
0
162
0
0
137
0
207
0
0
0
77
78
187
113
112
138
151
182
80
183
163
182
0
122
117
115
107
86
194
179
0
149
0
229
0
147
269
0
163
156
0
88
205
0
0
196
86
235
0
0
0
175
237
0
0
0
82
97
178
0
113
114
0
0
90
120
121
0
138
105
188
0
96
221
0
141
87
138
194
140
0
126
0
0
125
160
0
89
86
278
0
0
0
0
159
0
0
128
276
0
0
288
0
0
191
163
0
132
89
255
0
129
80
166
172
95
193
0
86
180
0
0
181
85
116
0
172
105
115
134
166
120
154
117
172
173
90
143
141
140
167
203
0
193
0
230
0
94
169
0
111
78
236
0
0
0
111
127
194
214
0
200
0
157
100
147
150
369
0
0
0
95
93
239
0
194
0
169
0
154
167
78
182
119
115
305
0
0
92
333
0
0
148
154
166
121
108
171
152
267
0
0
0
91
153
0
223
0
173
0
185
143
174
97
176
153
165
0
0
198
182
219
0
180
0
90
187
0
103
136
0
179
0
103
154
154
219
0
158
171
0
0
83
208
0
0
0
0
180
253
0
0
0
182
144
173
148
119
183
174
152
207
0
195
0
219
0
0
332
0
0
0
245
0
126
0
0
150
0
99
126
148
157
78
141
0
229
0
161
0
197
108
0
0
190
0
90
317
0
0
0
0
198
0
207
0
0
130
0
154
209
0
162
152
129
165
117
141
0
146
172
219
0
213
0
177
253
0
0
128
0
149
0
192
357
0
0
0
0
0
142
200
0
154
171
0
137
126
133
136
0
119
0
175
0
157
0
193
0
158
265
0
141
0
0
183
219
0
197
190
0
140
164
0
95
144
147
88
136
0
86
88
0
130
180
175
0
287
0
0
0
182
0
0
124
96
123
122
168
84
104
261
0
0
160
177
220
0
0
355
0
0
0
0
82
175
196
114
113
147
145
209
0
0
244
0
0
236
0
0
122
184
97
150
79
88
276
0
0
0
0
0
154
158
148
190
144
147
168
0
250
0
0
123
105
222
0
0
169
96
772734