64
176
152
78
247
0
0
125
0
138
78
91
0
124
0
98
135
150
0
147
0
195
0
194
149
207
0
83
173
80
0
0
58
109
121
213
0
185
101
207
0
194
177
0
212
0
131
191
238
0
146
212
0
97
106
0
81
171
146
0
126
135
0
142
139
0
0
177
178
114
127
0
180
101
150
198
190
0
0
132
215
0
190
0
124
171
128
0
164
153
143
117
90
0
107
202
0
163
162
177
178
0
121
0
180
162
0
91
173
92
177
0
205
0
181
88
0
206
0
121
80
0
194
0
46
189
170
0
70
180
194
153
148
81
135
167
136
137
0
201
0
117
249
0
0
53
0
67
95
106
157
123
0
86
0
129
218
0
117
231
0
0
158
161
0
143
213
0
213
0
199
109
0
229
0
153
139
116
178
101
0
55
89
181
0
116
176
233
0
104
237
0
62
0
83
164
0
0
123
86
187
0
166
0
189
151
146
183
0
0
168
0
0
141
121
83
106
191
135
122
0
159
111
120
87
107
149
222
0
153
0
0
0
77
0
45
79
149
0
65
145
78
0
49
86
0
0
125
0
131
178
257
0
144
0
0
42
108
135
141
106
89
233
0
169
213
0
0
210
0
103
94
0
124
0
97
0
82
138
213
0
202
0
141
0
177
89
0
96
0
0
135
207
0
190
0
122
94
142
105
131
84
190
173
104
133
106
0
105
169
261
0
178
164
0
116
135
0
0
172
131
126
85
78
0
81
121
141
114
0
166
196
0
0
146
0
0
49
188
102
0
0
167
195
0
195
0
43
184
178
188
124
160
157
0
0
164
0
164
141
81
192
118
0
199
0
193
182
0
62
82
168
89
103
94
195
217
0
164
172
0
157
123
0
94
0
143
0
150
112
0
116
0
0
166
97
146
184
212
0
176
115
0
232
0
78
126
0
130
82
197
213
0
0
152
195
237
0
168
0
158
153
184
144
135
118
0
96
186
107
172
113
83
105
147
0
93
150
0
100
136
130
194
126
186
113
0
76
145
135
0
0
178
149
0
116
153
162
209
0
0
218
0
90
151
111
116
190
119
204
0
69
91
198
0
150
181
105
101
0
80
79
0
180
175
121
153
214
0
147
151
0
46
141
129
0
188
0
125
160
84
133
91
197
102
0
141
0
171
0
186
200
0
123
0
110
145
118
112
0
175
0
131
150
176
108
196
144
144
0
0
140
112
126
187
111
0
154
230
0
230
0
114
198
0
217
0
132
193
0
159
243
0
117
153
0
160
186
0
141
217
0
0
164
0
140
133
118
117
96
195
0
102
205
0
0
133
177
0
42
132
231
0
126
0
108
135
104
203
0
68
195
90
185
126
0
197
147
195
167
189
187
218
0
0
53
184
196
110
124
165
0
113
0
185
181
0
123
125
0
0
0
0
165
124
169
121
192
126
177
0
199
87
191
141
172
115
102
166
155
198
145
116
116
110
0
65
199
0
215
0
163
121
0
133
231
0
115
0
56
0
83
120
97
79
112
116
0
123
0
70
165
120
134
0
96
238
0
128
0
173
119
126
0
117
182
190
130
197
92
0
165
0
0
118
160
136
162
174
106
112
182
0
181
128
169
98
0
0
165
0
0
26
155
116
104
0
150
0
216
0
168
155
154
114
134
193
154
120
0
0
103
123
125
145
0
0
123
0
171
243
0
107
179
0
47
105
0
0
180
134
0
71
89
89
89
130
0
173
80
0
131
97
0
45
86
148
124
188
147
170
193
152
0
151
197
110
134
172
89
144
145
111
0
0
102
0
185
118
0
159
126
0
58
148
0
155
88
165
160
0
0
140
116
157
229
0
193
158
165
103
0
80
146
123
111
131
146
0
150
168
120
93
0
105
129
193
0
185
0
124
119
145
198
228
0
234
0
160
0
72
130
0
155
129
0
0
153
0
157
0
154
0
101
198
0
115
0
128
0
253
0
165
143
185
0
59
0
0
162
0
0
42
88
204
0
232
0
147
0
193
101
123
183
0
159
162
157
110
0
211
0
207
0
108
190
171
0
148
201
0
195
0
238
0
108
200
0
106
147
188
0
79
209
0
70
0
0
143
0
77
0
199
0
123
185
0
190
0
144
96
127
0
148
156
0
193
0
0
79
186
115
123
125
81
0
56
156
215
0
144
112
0
125
196
234
0
191
0
169
216
0
44
221
0
0
68
151
105
0
0
201
0
106
133
119
155
107
108
129
102
81
173
0
154
0
131
154
82
155
167
116
0
90
0
156
198
173
198
184
101
101
153
0
106
209
0
255
0
102
99
0
50
224
0
192
166
90
174
130
92
122
151
160
138
0
159
173
0
94
156
160
112
190
183
217
0
121
90
126
169
117
181
0
101
216
0
224
0
147
153
108
193
212
0
158
139
143
0
0
121
0
149
0
74
168
0
161
0
181
0
191
0
124
99
0
162
183
0
179
0
177
0
0
135
161
162
155
165
0
61
155
142
124
169
97
203
0
84
0
0
197
0
170
184
184
0
117
103
146
129
109
95
180
165
192
176
129
156
187
203
0
172
0
0
217
0
74
158
209
0
127
218
0
182
93
168
115
94
174
227
0
0
141
235
0
78
170
149
0
0
139
109
110
132
0
154
117
130
98
180
0
145
118
189
0
134
186
0
99
110
184
0
0
66
0
157
90
111
151
118
79
0
117
94
100
0
122
0
128
0
230
0
43
89
185
0
73
153
184
0
76
109
176
173
0
163
95
166
0
84
114
195
108
136
86
180
0
105
175
121
89
163
0
146
148
180
0
161
123
0
177
0
199
0
194
141
168
0
185
114
165
153
135
172
247
0
64
0
71
197
0
238
0
208
0
138
0
100
0
220
0
0
186
0
124
0
105
154
0
169
0
107
0
185
171
149
160
109
126
158
146
124
0
116
100
0
101
116
211
0
0
87
134
0
60
192
240
0
121
194
94
156
156
115
0
0
0
65
131
0
0
168
149
0
77
0
148
0
115
0
96
0
75
165
184
160
90
87
0
100
190
0
64
0
44
80
142
0
183
142
148
154
122
128
158
95
125
0
107
146
241
0
98
113
0
157
189
148
0
198
158
88
145
0
48
169
0
83
195
135
142
0
0
37
101
0
159
136
89
97
161
0
143
218
0
87
179
144
0
180
180
194
172
171
100
87
0
0
126
151
150
182
201
0
0
111
205
0
91
153
118
221
0
134
96
231
0
155
118
115
107
0
40
198
210
0
0
76
0
112
0
0
146
0
136
0
103
0
100
0
173
0
111
169
78
105
197
235
0
177
93
169
162
83
0
215
0
165
143
79
106
114
0
170
141
0
140
223
0
50
0
42
128
0
199
92
0
170
0
0
188
116
109
120
150
166
115
0
127
113
0
124
0
172
0
96
0
72
126
87
173
122
153
0
84
115
175
0
108
0
107
192
143
193
0
0
133
0
132
124
199
106
0
120
168
0
156
188
174
259
0
80
0
178
0
146
0
191
143
171
78
184
0
165
0
171
0
227
0
192
182
0
161
0
0
145
186
196
0
83
214
0
0
115
118
185
140
175
100
0
70
115
102
99
113
106
90
120
104
153
0
0
82
172
167
0
111
158
0
67
0
107
105
108
0
0
65
100
114
115
97
162
172
0
101
131
0
111
98
196
0
42
181
100
0
140
0
98
171
137
0
202
0
0
37
185
0
175
101
193
180
0
45
143
0
70
94
246
0
205
0
62
161
119
116
116
84
139
0
167
0
118
260
0
0
82
0
103
0
126
204
0
138
183
0
55
0
177
165
0
0
0
189
223
0
232
0
207
0
86
0
100
0
189
0
99
0
164
183
0
173
223
0
0
209
0
266
0
109
117
82
205
0
41
96
82
132
168
0
119
0
104
150
0
161
0
117
151
0
186
152
162
89
117
145
0
0
110
0
169
0
157
189
0
0
107
197
131
130
0
151
170
158
132
0
107
113
0
152
185
144
230
0
153
111
175
0
82
164
185
106
106
0
72
0
77
164
116
82
173
97
116
0
229
0
0
184
0
115
0
98
0
57
194
135
0
187
172
185
0
55
79
169
194
138
125
133
142
157
145
159
0
130
185
0
182
166
117
131
0
74
130
185
0
124
180
0
0
82
79
191
194
0
160
134
161
0
0
171
87
175
0
177
0
143
0
0
99
0
0
173
128
189
0
182
188
0
111
83
158
0
0
112
0
140
191
190
119
176
267
0
0
39
109
123
0
110
185
183
99
203
0
0
143
0
64
180
181
111
0
153
187
0
0
168
0
205
0
111
0
182
189
0
102
161
147
0
63
129
165
162
0
137
0
142
0
142
107
0
67
88
131
0
180
0
0
0
223
0
88
219
0
196
127
187
0
138
159
116
213
0
0
242
0
68
149
129
153
0
67
0
134
189
0
144
0
67
0
182
177
234
0
170
206
0
146
0
145
192
0
49
114
0
152
122
198
0
156
0
139
193
0
106
130
216
0
58
238
0
0
78
93
170
107
131
90
119
163
0
161
259
0
73
200
0
142
170
135
193
127
0
92
221
0
192
0
143
146
85
189
189
0
192
116
111
134
82
158
0
0
45
0
201
0
219
0
170
146
219
0
0
158
0
140
188
118
122
166
168
146
183
0
205
0
112
169
195
143
107
119
167
0
190
187
0
165
0
176
143
96
147
158
109
0
143
87
105
189
88
198
187
138
0
201
0
125
113
0
53
0
59
179
110
0
90
197
79
0
92
84
0
0
163
214
0
187
175
108
0
0
251
0
164
84
0
143
78
0
81
247
0
93
133
119
232
0
182
146
163
109
137
130
0
0
113
0
204
0
188
92
145
0
48
165
175
112
0
154
100
174
223
0
154
199
0
160
0
199
132
138
0
176
160
0
89
0
190
190
0
169
210
0
0
165
181
0
232
0
137
0
166
133
0
53
0
69
151
179
0
209
0
109
243
0
133
134
214
0
57
190
128
0
122
226
0
196
0
185
123
170
0
103
122
0
105
130
197
122
136
209
0
0
73
132
180
122
164
154
0
87
137
129
0
161
195
112
206
0
50
198
108
135
104
0
152
0
176
0
0
158
163
110
93
128
0
126
0
217
0
81
0
124
79
167
135
84
137
151
193
188
153
89
87
113
150
0
142
182
88
88
209
0
148
106
198
137
135
0
99
131
120
96
0
127
230
0
175
83
158
148
109
0
233
0
104
214
0
186
0
201
0
240
0
153
0
198
190
142
129
146
133
170
0
53
142
101
220
0
114
0
97
148
130
237
0
165
148
231
0
0
59
115
0
200
0
0
129
0
138
100
177
0
114
179
0
0
69
144
131
128
0
217
0
163
190
0
68
141
0
63
139
140
81
208
0
0
47
174
182
184
251
0
141
195
167
0
203
0
41
0
89
0
0
130
230
0
154
133
95
183
0
118
182
253
0
132
107
198
0
150
126
0
124
146
138
81
146
109
78
126
0
176
178
0
70
0
105
140
192
158
0
135
241
0
202
0
89
194
160
165
97
137
0
184
0
160
0
81
242
0
0
144
119
0
52
257
0
0
84
167
0
187
187
0
69
133
145
0
0
170
0
234
0
93
217
0
128
0
123
177
122
126
139
0
154
0
155
0
0
145
0
0
133
160
123
130
0
202
0
173
0
144
0
45
123
0
53
203
0
178
0
180
0
147
0
0
52
100
198
177
118
87
184
116
188
148
153
0
196
0
157
78
0
161
177
0
100
125
88
117
115
145
183
88
0
61
186
159
0
150
103
102
168
0
72
87
172
0
224
0
155
125
0
162
0
134
150
134
166
0
158
135
119
196
0
195
188
108
136
181
80
168
0
0
48
216
0
188
0
0
94
0
63
156
129
0
106
119
108
128
89
121
0
181
79
83
190
0
162
98
167
158
154
141
179
0
95
99
81
80
161
218
0
171
0
0
123
223
0
0
144
135
0
0
113
180
171
0
199
199
128
185
0
0
85
138
161
129
95
236
0
94
110
123
95
87
0
172
137
0
73
149
136
0
65
184
0
105
0
55
169
167
0
196
177
110
89
0
49
171
0
209
0
164
112
109
173
109
141
136
0
0
197
162
0
106
178
101
188
152
0
165
0
0
0
65
209
0
149
0
198
0
105
106
112
0
0
119
134
0
42
0
57
101
0
121
0
177
0
161
88
0
0
143
0
114
0
100
173
0
116
0
221
0
159
0
105
0
134
140
151
78
0
52
85
134
0
42
138
92
0
91
177
157
158
0
182
0
160
170
0
201
0
86
87
204
0
173
0
195
89
95
122
199
0
140
0
123
213
0
150
159
190
103
0
51
186
188
176
191
138
175
0
194
0
175
0
211
0
180
0
220
0
121
0
79
88
250
0
0
198
0
97
0
59
132
0
0
83
191
133
130
0
196
198
198
115
169
0
189
0
199
106
142
150
0
149
122
124
152
0
93
0
131
176
0
75
210
0
0
114
0
215
0
171
196
0
44
122
173
0
102
89
113
81
232
0
0
0
87
86
150
187
0
0
91
155
0
134
0
215
0
171
173
222
0
171
0
141
0
0
168
107
195
0
84
182
0
172
146
154
153
129
172
147
266
0
186
0
103
164
111
0
196
0
118
0
0
123
150
186
0
0
170
187
0
166
163
112
149
178
172
138
0
43
99
187
157
179
216
0
149
0
150
0
171
103
0
43
173
0
61
140
178
81
157
95
149
0
170
0
244
0
135
0
219
0
48
108
0
165
123
176
172
121
268
0
105
171
141
166
0
88
0
178
183
144
0
185
157
0
158
0
62
169
0
164
166
0
174
0
157
150
155
113
141
0
0
94
0
79
0
119
80
0
199
155
222
0
228
0
194
91
171
192
0
67
0
129
0
149
197
0
79
0
118
133
0
82
140
202
0
179
160
190
0
101
0
123
191
98
187
98
0
232
0
96
105
196
150
0
195
213
0
204
0
147
186
181
157
0
0
145
231
0
233
0
187
87
142
127
121
168
147
0
155
123
0
129
169
88
0
197
112
155
145
188
175
224
0
168
159
131
0
146
199
0
174
108
0
134
186
105
125
265
0
165
0
183
0
170
0
158
173
137
198
105
0
88
0
186
144
90
0
46
195
221
0
120
151
0
224
0
0
0
182
159
152
0
52
198
80
80
168
155
172
159
114
0
158
0
183
87
238
0
78
156
0
100
0
148
96
87
140
175
174
0
186
119
178
123
189
187
82
118
0
174
141
185
149
147
176
123
179
170
0
147
0
230
0
193
141
183
179
0
211
0
100
125
98
95
85
119
0
134
0
144
123
147
247
0
0
167
0
217
0
89
158
172
85
117
0
99
168
91
0
178
0
152
176
0
0
98
0
0
56
0
180
154
132
181
144
260
0
130
0
172
85
198
133
179
169
0
56
191
92
117
0
101
91
151
116
112
142
0
0
185
0
153
180
161
239
0
98
164
0
125
88
170
147
174
0
149
236
0
268
0
100
220
0
167
176
162
145
215
0
0
123
0
107
162
80
88
146
96
0
114
0
176
162
0
130
0
154
108
94
0
147
0
125
103
184
138
0
94
0
0
198
233
0
228
0
224
0
190
0
0
171
194
0
0
37
0
91
0
41
159
0
0
161
147
0
100
80
0
0
75
134
0
0
167
91
0
0
108
195
0
186
182
0
208
0
158
93
186
0
59
96
115
102
0
99
181
170
0
115
95
181
138
146
0
102
78
108
117
129
188
110
175
0
178
0
0
190
0
97
136
122
175
0
179
158
0
48
206
0
0
115
244
0
172
0
132
0
179
228
0
91
181
0
94
189
212
0
190
128
125
151
177
0
0
0
165
0
168
147
103
176
0
137
149
0
104
133
0
109
152
224
0
86
128
90
170
146
0
127
0
70
0
0
146
0
192
115
186
161
142
0
211
0
113
0
72
255
0
244
0
124
121
86
92
0
115
99
0
115
147
199
0
78
108
87
82
192
0
72
0
149
0
117
203
0
165
114
159
0
109
147
0
66
99
135
183
123
0
47
88
95
0
59
155
151
0
105
163
115
132
107
163
0
167
201
0
72
194
127
166
0
235
0
159
0
0
183
120
160
0
142
213
0
0
54
0
169
186
217
0
146
196
0
57
0
0
105
164
198
0
0
53
157
0
167
122
0
217
0
147
0
82
0
236
0
111
173
0
232
0
85
197
0
198
0
123
127
165
0
113
113
161
90
96
109
0
238
0
128
0
0
136
80
188
178
84
159
115
112
189
0
129
79
124
91
0
145
0
92
141
166
104
117
171
0
193
209
0
96
214
0
193
0
125
128
101
78
110
140
0
163
0
85
0
159
240
0
0
0
191
123
237
0
142
180
0
168
191
0
100
195
0
0
169
80
259
0
0
175
192
133
233
0
196
173
145
149
0
0
177
100
131
177
0
60
174
127
105
117
175
130
175
101
0
169
90
176
0
224
0
207
0
178
185
200
0
97
220
0
231
0
64
123
0
175
126
93
100
164
144
123
156
159
0
64
152
0
56
203
0
191
197
78
126
105
0
77
0
190
0
175
150
0
148
0
129
0
207
0
248
0
76
0
490012