151
110
55
185
132
82
53
26
179
162
52
103
160
29
139
158
24
166
152
0
70
182
32
194
145
62
31
147
64
0
76
33
156
71
88
0
84
82
56
30
139
0
137
157
196
101
119
175
31
59
80
117
0
40
69
180
165
100
144
180
49
140
66
190
51
0
98
160
0
196
74
0
39
0
0
151
55
182
104
54
133
63
59
164
0
120
121
128
128
102
197
76
97
172
113
60
73
123
156
51
145
135
0
12
128
156
83
137
156
170
148
199
114
0
173
71
116
176
168
156
48
24
113
164
101
154
49
0
121
53
126
94
190
34
142
127
115
29
144
134
176
166
197
190
30
97
145
62
173
62
85
187
199
69
80
124
0
194
196
160
90
176
45
76
92
110
68
47
120
131
42
43
30
39
72
66
0
23
179
169
137
76
85
113
147
185
142
131
163
88
130
46
105
96
172
137
152
76
144
176
171
91
157
139
107
79
41
191
196
36
55
76
86
151
36
51
118
25
128
193
148
103
151
164
64
183
191
24
87
0
163
31
120
119
166
35
122
139
140
153
197
0
146
100
197
164
169
0
46
80
145
48
154
53
24
198
76
36
138
46
73
161
156
110
179
150
128
79
0
191
44
57
141
26
167
165
164
53
54
63
38
67
37
198
121
69
0
129
97
80
145
0
149
213
0
108
0
154
103
146
161
151
162
0
101
162
213
0
71
199
178
178
0
53
104
52
180
161
158
47
28
89
71
0
127
142
0
161
116
47
40
90
72
70
47
83
35
112
80
25
57
45
116
103
109
122
119
170
0
0
18
150
23
178
62
88
107
27
59
61
0
105
70
88
51
0
137
54
196
113
180
100
199
165
137
76
125
175
69
183
96
110
50
89
103
120
74
177
124
79
38
128
36
189
109
67
193
166
64
155
0
155
0
135
62
0
12
60
52
143
190
171
49
125
42
28
25
33
0
28
78
121
148
0
194
159
142
0
92
29
89
65
136
91
142
132
0
24
43
180
0
167
183
88
103
154
30
155
159
137
36
166
158
127
164
147
69
58
39
176
0
109
113
106
115
27
125
128
86
170
96
70
132
34
115
187
68
25
34
115
39
156
65
179
88
27
38
147
42
138
186
152
89
74
0
93
112
94
162
109
50
165
136
128
76
156
46
88
156
0
81
78
94
0
151
62
175
91
197
140
38
107
166
129
131
83
0
118
109
151
165
0
109
110
127
137
0
178
116
52
0
60
192
155
0
123
133
0
32
25
181
146
195
122
0
74
96
146
185
29
0
82
62
102
124
95
24
49
192
87
26
198
177
0
173
0
115
95
51
33
190
26
114
137
135
59
35
94
43
177
127
43
35
164
190
74
74
101
49
112
164
168
51
128
81
175
198
194
131
0
121
158
0
106
79
193
0
169
171
163
0
60
31
102
165
145
44
106
173
164
180
78
196
136
158
0
134
27
146
0
80
141
80
134
35
181
49
178
112
72
124
186
189
23
133
184
141
179
53
106
110
120
150
92
0
75
191
47
0
162
53
0
129
126
59
119
0
0
188
37
125
45
179
105
84
38
113
0
137
80
75
80
27
77
99
80
182
0
186
87
44
134
52
123
0
156
198
30
198
79
0
49
177
107
51
124
169
158
0
126
84
124
156
142
104
111
126
136
0
156
72
31
151
172
58
0
32
114
142
63
196
48
28
34
38
198
104
119
185
199
41
163
113
178
139
25
120
89
83
0
188
127
0
137
149
80
180
73
69
61
126
176
110
0
101
0
18
83
63
29
72
121
198
93
134
166
29
68
48
129
57
197
196
131
102
185
100
190
89
62
98
104
114
139
45
100
63
179
160
133
107
179
137
56
157
146
198
130
0
36
67
162
0
74
65
108
126
82
72
34
146
87
85
94
0
117
119
188
185
55
0
0
24
141
0
142
42
164
85
146
143
197
94
159
0
67
117
32
41
65
132
119
195
80
81
111
143
153
91
155
93
160
27
0
114
70
114
104
73
0
111
178
95
162
92
133
65
122
165
139
115
50
45
155
128
56
0
188
176
149
157
102
133
167
53
141
182
59
27
194
44
156
192
122
0
80
162
168
137
125
53
98
121
136
95
100
0
59
76
80
149
98
127
0
14
179
51
116
23
144
86
162
0
137
195
176
36
0
139
136
0
71
106
144
198
32
132
28
149
69
107
49
130
79
72
139
188
144
39
102
121
183
0
190
117
181
150
23
126
110
132
197
198
58
0
97
111
142
107
137
109
71
187
115
108
78
82
150
131
26
28
44
80
192
139
120
27
138
44
192
151
206
0
199
187
184
94
42
126
45
182
52
73
69
168
65
102
76
170
138
0
157
165
0
113
59
86
66
190
134
161
192
123
94
124
54
30
128
183
158
57
50
65
178
196
137
0
63
69
31
0
192
168
0
166
90
167
134
123
167
171
76
26
26
85
44
36
106
0
174
131
98
163
0
198
0
12
126
75
0
147
51
42
56
186
0
178
49
47
85
76
0
22
136
137
34
49
60
0
162
193
80
25
0
129
52
114
106
131
0
93
165
110
93
66
71
141
78
0
160
0
20
77
70
154
174
195
29
164
148
77
144
48
40
64
96
86
114
100
0
54
79
166
116
26
125
192
56
35
126
60
187
193
86
34
151
77
50
132
198
96
95
71
201
0
183
0
0
30
94
172
169
48
70
0
164
145
79
0
88
147
163
154
122
0
26
0
45
73
185
80
122
156
36
0
125
152
40
165
67
181
51
142
180
47
137
88
49
51
0
100
140
136
0
142
156
0
188
0
146
171
181
191
0
41
64
138
62
48
174
154
0
112
94
129
177
33
0
80
189
61
134
155
62
196
140
140
215
0
187
176
195
143
164
34
192
109
125
187
31
43
166
0
92
146
146
96
83
199
196
37
79
33
193
127
195
45
25
105
120
118
147
135
100
64
41
31
139
91
35
75
41
0
180
147
84
175
156
48
39
41
171
163
24
97
0
116
79
27
0
135
161
46
140
41
0
107
104
87
207
0
149
71
180
49
116
0
115
27
56
156
34
135
174
0
190
115
123
39
102
175
165
147
139
111
144
160
37
172
61
94
145
0
160
82
32
44
198
117
77
157
0
185
198
164
62
0
124
192
110
0
172
39
85
105
131
158
156
99
62
159
93
177
50
98
209
0
68
90
137
117
55
90
157
74
96
69
194
76
159
85
190
0
100
116
78
70
186
0
199
0
39
104
178
186
118
49
73
167
102
126
150
142
100
116
209
0
84
38
163
111
122
23
96
25
52
97
145
0
194
100
73
0
35
66
82
175
157
143
198
33
161
94
162
131
57
54
96
130
118
99
23
38
138
129
159
90
47
116
44
128
106
99
109
73
32
194
80
90
179
30
140
178
24
180
154
176
177
188
0
0
74
32
187
167
42
103
57
53
167
0
129
55
143
71
47
198
96
76
96
89
98
100
182
128
0
165
168
89
72
199
114
37
76
40
156
52
166
134
49
69
44
39
39
195
78
145
0
137
0
52
62
166
168
165
97
180
142
173
42
186
67
174
185
145
175
40
59
0
0
181
0
47
40
191
106
0
18
150
131
127
201
0
94
128
0
155
105
164
116
42
0
55
77
133
59
0
89
102
0
198
40
0
134
54
182
61
54
38
167
138
117
59
24
77
53
110
160
124
129
171
120
0
27
0
107
71
199
0
0
160
175
129
0
187
114
183
91
115
47
148
162
123
126
146
128
67
0
81
137
99
126
158
139
45
195
29
152
112
33
40
78
143
80
37
76
91
165
85
139
70
89
57
54
190
162
87
0
85
36
43
113
153
0
0
180
176
105
54
120
140
0
134
0
0
81
79
98
95
138
53
170
114
153
191
144
62
119
31
124
133
149
39
95
0
94
159
126
125
55
171
96
49
39
176
162
130
111
111
85
139
95
26
51
123
97
92
27
110
31
70
47
52
164
35
98
0
113
36
183
0
191
24
123
104
36
35
181
172
44
80
152
92
134
0
144
0
79
59
35
29
182
54
151
186
0
58
148
0
185
86
132
49
111
97
102
142
99
139
86
59
38
30
0
85
163
86
136
74
54
127
189
36
162
142
150
154
45
32
88
121
98
118
152
0
82
162
60
56
32
99
26
0
128
180
106
0
107
52
154
105
26
198
157
145
172
168
42
162
143
56
92
161
111
58
150
120
157
63
89
169
142
0
50
139
166
104
53
183
186
79
149
0
176
131
45
82
0
128
29
95
30
96
198
76
124
102
169
184
42
124
42
165
154
117
29
117
53
173
113
129
180
196
172
25
186
113
187
127
0
0
148
86
136
83
26
182
134
117
110
0
119
134
99
88
160
183
109
51
87
47
59
27
172
183
171
163
110
78
131
87
83
77
207
0
88
53
173
185
73
188
172
163
126
151
54
143
171
153
145
0
66
42
156
121
38
75
214
0
167
157
80
177
77
81
102
92
0
146
123
187
153
183
133
47
121
0
161
53
176
112
0
139
0
82
154
0
136
126
0
187
107
0
110
140
82
68
73
162
0
22
181
0
161
185
155
98
119
194
64
191
138
136
163
59
80
83
25
43
92
192
82
43
112
49
50
189
71
25
152
142
61
186
0
138
190
54
153
0
184
91
158
103
47
180
171
75
0
25
156
126
143
104
61
175
88
126
62
0
48
140
174
186
182
27
97
127
108
115
38
156
153
0
123
0
0
56
81
0
22
40
39
101
116
42
159
77
109
189
0
54
67
0
193
40
25
180
80
138
54
51
179
163
0
74
168
126
108
97
165
181
109
116
119
37
50
0
140
175
52
137
101
86
36
191
164
116
188
0
0
151
137
107
100
161
39
191
92
37
173
90
71
165
93
48
0
25
143
195
79
137
136
64
31
44
111
119
34
33
61
71
189
114
153
71
176
0
93
105
152
51
64
73
63
129
25
171
88
0
198
0
46
185
37
85
97
75
102
77
0
196
70
101
0
121
0
122
166
49
142
138
159
60
41
183
113
117
188
54
168
101
188
198
0
177
31
134
0
167
117
173
107
186
74
191
208
0
22
32
0
19
190
144
29
76
75
178
80
100
116
151
106
134
187
80
163
126
100
0
71
0
108
0
165
141
155
179
190
0
51
79
172
124
137
182
151
32
115
182
114
91
45
120
131
27
61
0
59
108
82
121
130
193
0
85
51
145
217
0
197
39
77
80
138
115
0
31
32
131
76
126
33
70
71
0
114
112
37
53
85
167
124
126
170
91
112
53
161
124
169
96
93
102
0
138
117
98
134
0
0
25
195
199
155
25
139
0
104
114
127
171
142
132
0
101
136
108
85
72
99
160
45
114
191
132
112
38
40
0
54
143
56
138
0
44
138
56
30
58
131
84
68
0
0
0
186
42
167
167
110
25
148
154
191
194
0
19
128
122
122
172
38
100
112
191
74
178
171
30
191
199
142
122
141
197
36
91
31
97
116
135
135
100
90
94
140
37
187
185
117
66
134
0
69
102
47
31
83
140
139
133
0
33
150
81
183
80
154
57
101
63
26
0
97
0
0
199
142
160
140
185
82
114
138
192
143
160
163
0
72
187
0
36
0
141
166
35
180
43
0
176
142
0
125
86
128
91
25
59
99
141
144
192
116
156
74
105
48
150
170
29
176
38
186
66
0
85
83
158
184
118
150
51
61
37
0
142
143
40
0
116
166
106
74
184
199
151
102
0
157
140
159
96
0
198
91
94
140
111
198
0
151
74
85
135
127
83
188
147
71
91
112
114
0
161
95
191
103
109
78
0
81
181
68
156
0
186
34
144
0
93
161
157
44
43
142
33
0
72
184
145
194
0
13
112
46
138
0
48
159
106
150
139
111
31
116
112
32
167
27
64
39
173
147
185
148
198
38
170
41
176
185
93
196
62
200
0
83
40
0
40
147
171
41
198
29
216
0
56
110
57
145
93
139
0
0
13
107
174
129
0
106
101
195
189
0
116
151
154
127
178
115
162
33
196
25
185
129
0
184
0
74
35
124
0
115
183
128
142
92
176
188
0
128
141
59
156
161
67
148
188
28
133
74
130
171
160
138
142
183
61
55
61
111
97
0
114
67
0
91
46
188
175
88
172
80
87
0
191
155
162
113
44
40
80
142
140
30
147
0
58
26
103
149
195
66
105
72
171
104
141
153
0
159
48
36
136
116
98
35
168
108
139
90
78
190
182
166
85
135
0
79
136
157
79
0
88
143
35
0
103
170
86
30
49
192
94
43
106
162
39
35
130
81
82
178
71
0
34
115
176
117
25
123
110
171
171
154
152
105
136
175
74
165
56
78
162
44
190
129
188
173
56
0
105
38
92
103
167
121
114
107
161
154
171
176
174
128
70
26
63
69
161
181
138
92
198
187
140
150
84
137
171
57
76
96
178
102
28
187
109
101
113
57
52
39
77
57
125
0
0
109
186
135
146
53
57
179
86
130
0
115
27
145
109
0
188
188
0
157
0
164
142
108
83
26
158
169
50
28
63
103
86
191
140
66
192
170
125
198
147
162
152
0
79
147
0
20
50
50
135
81
161
100
133
96
116
147
0
52
183
179
168
73
121
0
105
59
126
154
71
113
25
164
91
198
69
189
142
84
154
69
51
53
109
205
0
23
120
139
52
155
71
147
75
35
110
82
165
157
161
54
0
89
86
0
78
123
177
81
152
141
152
0
49
164
191
196
43
172
98
107
129
27
71
0
69
192
193
27
123
0
172
191
53
48
0
69
0
121
0
108
115
66
103
179
98
0
0
132
83
91
168
117
180
170
0
166
154
115
31
43
36
160
172
101
63
156
65
132
173
105
144
26
27
193
173
150
120
157
104
116
105
57
69
70
81
165
53
153
62
178
196
0
78
0
96
0
73
176
139
39
185
34
61
47
123
77
181
87
81
118
174
112
104
64
133
137
45
191
92
197
44
105
80
74
88
56
41
81
103
128
34
196
0
34
30
199
137
62
0
153
100
140
35
171
189
126
84
99
26
123
0
126
98
140
0
144
93
79
111
128
132
128
162
79
189
188
167
0
103
125
91
29
0
97
170
147
180
110
142
71
126
25
179
56
114
114
129
182
137
0
70
0
195
0
143
60
211
0
90
167
154
113
193
154
118
34
56
170
41
28
168
113
197
161
148
70
25
30
167
47
129
102
75
44
192
0
61
105
107
105
76
64
183
0
25
0
180
75
72
102
184
116
122
0
161
165
192
54
106
161
106
119
176
96
0
113
92
162
192
123
144
84
124
163
142
187
83
0
0
175
127
105
214
0
135
33
72
143
0
178
147
47
44
171
50
123
154
168
57
59
136
0
170
137
54
158
0
185
0
101
33
43
144
184
98
107
125
151
85
180
28
46
0
30
0
0
123
35
195
0
65
160
131
0
0
52
132
147
134
194
24
0
192
106
72
96
126
105
42
83
77
95
173
0
40
156
81
61
96
87
171
75
106
77
168
26
41
123
181
87
197
85
0
95
44
137
106
27
96
0
0
153
32
0
86
173
93
124
156
56
0
30
108
0
54
110
175
69
104
72
171
126
0
182
107
157
121
188
139
102
143
153
82
166
138
150
61
0
78
0
164
0
67
106
94
135
0
80
199
112
90
105
0
116
29
34
51
112
99
86
0
188
135
0
108
173
80
160
0
86
198
64
139
0
121
96
116
187
121
134
117
64
157
134
31
165
86
95
113
44
102
166
0
99
161
0
149
147
161
67
0
68
99
85
124
115
62
0
123
65
41
51
91
153
108
39
158
197
40
105
122
149
31
26
165
46
44
187
45
0
128
97
172
131
131
113
39
142
164
72
174
165
68
165
102
29
196
134
130
168
63
116
120
144
161
164
176
64
191
34
125
91
0
28
164
120
0
56
66
118
184
35
146
67
143
128
107
162
0
65
63
105
178
0
184
49
105
173
94
71
155
140
100
74
128
27
48
27
99
175
112
52
156
0
18
61
0
110
156
188
60
42
65
0
139
166
167
54
0
0
159
0
158
92
161
82
74
107
51
37
180
144
79
86
83
82
99
101
172
124
31
86
180
77
87
41
152
108
151
74
104
142
153
56
186
158
162
139
26
63
154
71
31
49
154
48
177
37
184
96
69
0
38
28
53
127
145
192
186
179
0
0
103
126
152
0
19
70
137
140
52
124
23
0
17
45
93
76
66
79
76
0
105
42
143
115
33
169
0
77
76
41
70
0
155
150
46
56
191
112
132
134
157
110
163
166
149
64
116
65
147
194
33
114
142
65
140
158
159
168
134
89
0
111
68
24
177
161
154
0
120
41
125
151
191
104
168
0
184
30
155
159
0
139
108
91
0
16
107
106
144
118
33
92
156
186
149
109
108
108
165
192
163
59
50
162
129
152
25
154
183
171
190
159
106
157
67
187
46
51
31
186
130
155
169
118
128
0
174
0
105
83
60
66
60
44
186
0
116
95
142
188
68
187
153
170
113
157
59
104
191
158
83
74
72
187
131
47
143
184
122
0
163
191
0
119
23
151
108
206
0
196
206
0
107
163
128
188
62
0
64
27
156
46
69
37
0
105
166
0
41
51
50
68
158
155
38
29
135
98
0
75
105
145
46
81
186
54
152
0
30
0
117
96
153
77
0
85
112
26
51
86
85
123
155
78
70
197
113
63
153
68
195
192
54
0
89
91
35
40
82
158
152
167
135
83
41
65
175
182
188
0
82
83
193
0
138
105
0
61
0
192
89
109
26
99
0
69
84
0
131
173
37
94
49
0
169
0
26
85
72
181
0
0
66
192
62
186
74
80
0
0
198
112
0
97
157
129
35
180
186
193
38
89
109
133
143
38
80
187
62
133
30
39
66
164
183
87
44
25
41
54
86
72
49
83
170
178
111
197
136
91
119
172
0
57
68
88
29
116
39
168
40
0
27
0
94
40
86
165
170
54
152
0
188
64
158
52
28
198
172
46
0
128
187
0
196
158
0
66
74
83
163
34
41
178
161
146
0
194
83
183
165
59
33
199
54
0
135
0
19
0
168
136
81
37
81
29
175
169
194
96
83
41
191
103
153
199
26
0
42
191
73
151
185
199
0
38
158
136
88
174
0
108
183
181
0
190
158
168
109
82
98
117
147
32
152
105
108
136
64
173
138
66
53
58
130
154
160
119
122
0
188
31
194
55
155
0
139
153
138
56
88
0
89
30
143
77
0
141
55
164
0
117
103
104
130
188
199
0
105
84
150
134
123
171
0
19
142
174
135
0
129
0
161
57
116
69
161
138
63
176
134
174
123
42
28
69
69
0
146
93
0
171
170
120
185
80
33
198
110
116
70
127
96
174
199
135
80
41
23
126
86
52
173
51
116
167
94
76
185
164
97
165
169
120
187
147
169
117
169
75
134
0
195
163
199
0
17
29
151
28
36
164
129
117
0
62
0
129
167
170
85
0
109
189
198
0
93
24
32
40
0
142
123
61
186
176
196
169
40
93
151
127
0
119
47
0
0
150
65
96
0
195
63
0
58
67
49
97
61
182
41
178
73
0
88
199
0
82
146
69
112
0
162
191
141
60
60
140
143
116
93
66
83
171
86
53
0
122
152
30
62
55
169
130
180
78
156
167
128
44
39
159
84
94
0
32
96
78
53
96
189
33
162
126
0
165
81
72
54
46
137
160
76
136
75
153
0
28
83
161
70
131
184
161
193
119
0
144
178
122
154
41
41
0
76
76
153
117
116
0
181
131
184
36
59
68
36
67
176
183
116
0
32
0
152
80
84
119
37
180
84
0
63
85
24
38
168
96
72
65
66
108
117
174
49
37
40
161
171
0
179
0
75
131
0
127
123
136
33
164
33
151
45
74
0
38
173
44
152
32
103
51
121
24
82
41
80
95
86
96
146
70
0
121
139
0
150
100
164
0
78
163
132
182
101
165
0
194
138
34
41
152
42
0
161
155
63
114
137
183
137
0
198
166
73
39
110
33
0
53
101
131
125
82
172
164
44
196
156
99
50
157
120
61
78
147
31
89
129
28
33
40
145
0
65
50
85
163
81
31
47
39
196
182
43
88
0
141
83
0
51
86
131
0
175
83
80
0
15
66
0
139
178
79
96
142
79
50
75
98
202
0
127
118
117
194
44
124
0
198
73
150
168
63
143
191
83
140
175
165
108
29
52
107
57
63
123
44
44
0
191
174
123
167
153
141
146
0
36
161
83
130
116
0
124
74
35
190
161
174
36
141
74
84
93
136
118
0
179
187
0
157
108
85
82
37
57
98
76
92
110
189
187
166
195
213
0
179
67
129
163
77
177
139
95
142
58
86
117
0
85
114
0
0
119
106
168
77
0
174
88
123
64
150
0
184
0
183
56
94
26
165
55
60
50
67
140
94
178
0
91
103
36
45
182
32
92
113
90
149
0
72
56
162
100
121
71
133
0
159
86
87
126
28
119
23
68
195
143
113
115
135
40
0
84
106
28
143
159
54
155
37
128
194
151
150
176
0
179
69
36
174
157
122
161
100
105
123
90
172
112
0
191
73
44
48
162
87
29
154
88
0
54
157
57
81
122
148
36
114
171
134
118
62
41
98
0
184
143
139
40
101
78
161
31
140
187
36
121
72
92
61
46
35
107
0
69
128
77
198
24
101
115
46
0
139
45
69
150
99
0
36
66
192
114
61
24
44
197
78
29
72
198
140
154
50
166
179
199
44
123
129
87
70
0
135
39
96
0
93
145
36
51
73
37
34
43
132
123
0
20
107
0
131
118
155
100
0
76
0
116
33
88
113
29
157
107
159
87
152
118
31
195
133
41
119
148
55
142
146
85
180
166
178
69
143
134
0
175
0
75
107
158
107
0
25
39
0
171
77
68
0
108
47
185
113
52
104
35
90
95
74
113
84
186
0
57
198
187
56
73
134
166
0
0
100
82
103
134
57
35
168
0
67
58
154
167
94
112
75
119
88
120
34
125
48
191
67
26
84
142
143
76
199
75
93
0
0
124
0
80
136
183
73
49
177
93
138
0
55
124
0
0
76
120
61
174
110
115
0
133
39
65
93
29
173
132
84
116
178
154
42
0
186
67
46
190
180
80
69
0
80
162
168
139
75
73
174
168
170
64
146
69
57
54
111
24
78
183
0
0
174
177
70
109
147
70
0
42
34
119
155
175
45
185
36
67
153
111
83
55
158
184
114
134
54
123
0
184
156
115
176
110
67
64
175
175
164
0
179
134
0
48
61
148
34
129
176
112
42
135
126
102
63
73
0
68
43
135
0
26
109
0
28
62
0
50
26
61
123
80
186
55
193
37
105
0
44
78
168
149
145
109
100
75
82
98
182
60
52
36
104
0
76
157
38
97
62
100
89
65
114
84
197
193
141
0
126
85
165
196
145
182
43
196
89
88
74
100
90
129
61
27
128
92
181
77
42
210
0
25
193
0
48
28
175
161
0
92
118
73
107
199
182
48
107
89
57
138
35
147
127
175
41
193
90
180
173
28
189
113
0
54
190
30
177
200
0
0
145
190
23
125
89
107
27
69
117
0
160
28
49
61
178
98
37
81
103
29
166
94
178
170
0
151
172
70
25
121
145
66
116
61
158
189
139
84
197
99
72
42
114
148
176
53
174
159
133
175
93
157
102
191
38
170
29
119
150
173
98
0
50
97
181
92
87
133
61
102
103
46
77
0
35
140
37
103
135
177
188
65
151
190
32
43
92
0
94
92
0
191
125
0
153
192
32
176
126
152
36
53
38
0
176
194
135
105
42
25
0
85
119
0
32
164
192
30
64
128
96
88
0
184
29
74
0
201
0
69
143
163
106
69
93
47
45
71
81
63
158
0
171
37
169
217
0
197
26
53
143
143
114
0
44
140
153
83
119
90
130
150
30
111
0
154
153
127
186
184
135
145
193
81
84
143
111
179
163
115
42
74
68
40
102
162
163
46
41
104
197
102
105
119
0
97
32
80
175
0
185
28
123
100
90
83
91
70
141
155
0
84
141
26
108
31
66
35
98
172
120
136
98
57
42
46
46
99
127
75
173
134
62
85
58
60
108
187
84
135
168
0
165
41
157
41
170
176
158
108
150
171
0
153
115
96
97
52
30
180
0
32
174
150
31
39
89
45
115
173
58
133
136
173
194
121
136
195
82
32
119
129
91
86
49
0
91
198
122
47
69
172
129
124
0
14
94
47
146
67
148
133
169
84
125
176
159
199
113
189
41
82
81
117
197
180
41
26
103
79
0
147
61
170
53
163
184
59
152
130
0
113
97
38
0
0
193
109
48
46
180
73
122
90
157
0
24
108
180
99
146
127
176
107
163
67
101
50
98
104
96
87
29
149
128
184
145
0
193
113
169
187
165
28
186
141
31
28
40
179
131
123
171
0
181
68
52
45
124
51
181
41
171
120
86
81
180
170
168
184
161
136
40
0
145
191
0
45
179
151
105
45
49
192
134
102
148
25
108
0
0
128
43
74
164
174
35
170
0
106
165
84
141
53
170
118
50
160
181
0
111
137
151
134
51
45
71
36
73
89
0
196
0
71
171
176
65
46
87
43
124
37
87
94
117
0
179
133
30
24
80
154
0
167
157
81
107
110
32
66
119
186
80
104
157
82
38
122
0
171
150
0
92
0
83
169
78
43
123
57
112
56
41
85
130
29
172
0
127
63
172
46
0
133
72
80
158
0
0
121
0
145
179
32
48
103
148
105
29
35
151
79
188
106
36
95
96
77
125
64
117
0
23
99
177
108
202
0
50
184
125
0
54
109
91
77
0
80
111
34
103
179
52
26
78
164
183
92
190
0
31
132
79
0
22
30
124
52
141
41
45
0
0
186
101
107
194
49
128
114
79
113
0
192
0
80
106
73
43
110
67
42
105
179
92
81
108
41
82
155
0
193
31
186
161
0
146
166
182
0
32
75
32
192
166
41
0
67
61
132
166
107
152
141
176
84
0
170
213
0
217
0
106
144
73
59
78
44
26
209
0
53
211
0
143
29
171
191
136
40
113
131
113
0
89
124
176
144
139
151
123
0
65
103
103
84
70
64
176
32
153
189
145
100
164
86
71
180
52
185
188
163
60
72
135
107
26
107
109
39
110
124
51
29
179
161
111
119
27
159
115
35
0
89
148
28
88
176
29
128
180
44
83
184
97
49
173
39
177
61
59
81
120
165
63
85
174
48
52
203
0
43
25
120
70
0
114
64
196
185
148
53
120
135
179
34
44
65
178
85
48
135
61
113
156
125
0
168
32
55
163
45
142
0
169
131
0
134
31
85
134
83
161
87
140
68
70
190
122
196
153
137
44
100
190
0
120
172
69
50
195
130
40
63
77
0
28
170
103
102
118
88
161
196
150
197
0
87
122
80
170
0
46
88
0
169
81
0
175
152
0
80
170
0
71
146
154
188
88
163
100
24
200
0
193
127
58
35
207
0
113
100
82
146
134
172
145
145
195
52
78
162
193
165
109
111
92
48
60
108
113
156
118
77
0
154
195
119
147
0
111
0
57
158
174
166
95
0
67
128
65
199
183
27
94
45
189
113
82
133
0
29
74
34
108
72
103
43
91
0
136
109
199
97
36
97
41
0
92
137
133
0
89
158
176
97
194
61
55
142
87
64
93
83
127
32
192
71
178
0
185
199
0
53
125
118
159
42
112
83
107
48
176
23
133
83
147
54
201
0
150
141
78
97
86
0
181
129
0
63
196
142
124
0
181
35
154
30
86
125
190
196
69
182
123
199
0
179
173
0
73
185
63
104
160
0
95
102
92
0
193
0
97
156
0
15
199
194
89
0
29
126
99
44
141
62
24
179
44
89
204
0
43
199
198
123
51
0
169
91
153
28
76
156
133
101
39
153
119
99
0
110
111
96
112
0
159
117
97
44
47
187
97
35
0
155
129
0
45
68
177
117
104
83
83
184
108
128
0
50
136
173
185
208
0
160
142
33
63
104
0
37
87
139
37
0
130
131
36
107
35
181
48
184
151
86
45
103
26
138
0
37
127
168
109
128
105
138
53
142
66
182
0
98
127
62
25
69
23
67
171
136
143
49
67
168
163
162
53
34
170
116
39
126
150
33
0
89
159
34
162
62
0
198
199
102
149
40
148
54
55
141
177
182
141
29
191
105
103
178
95
184
154
35
159
121
76
78
37
60
162
172
57
57
168
61
171
197
123
197
142
44
119
135
0
64
81
181
150
167
144
42
212
0
68
158
71
26
60
0
120
118
188
83
166
127
90
79
167
156
199
32
139
33
82
36
76
0
0
77
134
174
169
70
77
61
0
59
173
29
111
84
0
82
138
188
166
128
38
87
88
199
35
150
111
67
188
106
0
97
50
89
170
74
134
67
136
129
50
124
93
190
188
98
65
53
96
91
107
50
0
186
162
49
68
59
166
92
90
70
0
81
112
131
0
80
164
68
189
44
179
0
17
105
23
41
183
194
90
119
0
116
143
187
24
199
63
171
196
90
79
191
155
197
75
51
151
114
203
0
94
0
67
187
0
123
124
121
169
158
100
34
183
0
59
109
79
172
182
98
190
128
56
25
183
154
145
130
116
0
192
35
0
31
184
76
97
134
59
0
75
159
0
90
145
107
185
39
146
133
30
131
135
153
96
98
27
131
180
69
76
165
120
0
149
199
0
176
61
119
145
77
88
82
96
49
39
88
54
66
198
133
130
43
75
91
147
175
54
85
145
199
169
79
103
115
157
129
87
133
86
170
41
141
0
193
130
40
112
199
89
0
87
185
120
126
86
193
30
59
66
63
0
125
130
61
58
62
132
153
0
159
56
108
59
102
125
119
147
65
0
0
154
24
93
0
27
112
124
199
172
186
92
106
97
35
115
69
39
121
0
169
73
33
135
39
99
144
125
192
150
0
87
183
162
51
23
115
23
124
49
24
138
153
71
109
36
133
0
105
119
155
117
191
181
25
75
0
0
52
208
0
86
42
189
0
32
151
71
0
95
111
106
26
147
179
128
105
71
0
94
63
176
174
0
70
47
57
53
92
42
133
52
185
104
0
167
35
161
122
169
139
152
101
177
112
187
156
155
134
0
76
103
193
128
0
129
57
0
118
97
0
176
0
156
0
17
134
182
125
152
71
45
27
0
162
76
190
23
24
107
187
144
177
121
149
99
170
39
0
193
107
0
176
134
111
106
76
70
133
167
27
162
139
134
151
0
128
0
184
130
52
29
56
91
129
0
45
88
0
63
118
78
0
141
154
29
128
196
29
51
33
135
34
0
89
31
150
146
48
83
98
137
67
141
182
95
98
141
151
56
175
196
164
143
0
71
69
96
182
134
129
92
63
176
55
148
181
37
70
23
153
192
80
72
0
190
81
50
47
175
117
31
187
152
112
39
25
163
205
0
53
148
75
28
163
136
126
85
67
68
126
169
153
143
134
0
115
181
140
121
0
50
108
0
52
63
188
175
101
0
122
120
34
129
24
105
0
130
0
120
184
143
89
36
44
38
88
205
0
14
187
136
67
120
60
0
46
188
89
0
56
85
28
76
184
138
107
182
44
194
0
193
31
171
115
92
141
192
170
125
176
148
112
0
179
135
63
95
107
148
43
140
158
172
174
0
86
0
137
190
125
0
108
181
92
100
33
84
82
152
168
145
75
36
0
158
191
26
137
0
105
99
60
0
81
117
0
153
88
135
109
31
156
117
79
64
115
198
175
130
181
92
0
152
26
82
197
162
194
69
150
144
79
0
47
140
93
49
46
0
154
107
108
155
57
103
189
196
81
52
42
0
0
192
105
62
48
185
23
28
177
76
103
142
162
0
159
162
30
79
55
171
189
123
26
167
147
88
73
63
97
138
45
0
79
182
75
192
129
142
49
96
160
27
129
196
60
112
0
95
159
171
74
162
85
50
106
88
136
123
54
0
119
45
109
184
86
108
73
154
154
45
0
185
107
39
158
0
147
120
0
112
189
55
28
146
87
77
57
40
106
140
168
193
64
122
0
17
37
148
181
0
125
33
112
85
141
106
176
81
62
131
33
0
77
153
160
120
182
144
170
116
198
71
50
191
23
26
48
65
0
20
58
122
80
87
171
78
75
186
68
48
114
125
161
113
64
68
154
23
62
54
25
96
159
185
83
140
80
83
103
143
0
195
0
66
23
35
184
158
0
0
130
143
130
187
105
138
189
76
46
172
115
76
91
47
123
51
0
139
113
0
186
154
40
178
187
73
196
168
129
115
83
94
208
0
106
54
71
174
102
110
130
0
26
149
60
47
164
198
195
0
25
128
76
175
33
111
89
160
0
195
80
0
149
154
186
183
166
155
0
17
0
76
83
110
118
63
143
107
175
122
168
65
153
83
49
68
173
99
83
61
102
191
55
0
98
91
131
96
83
157
0
198
196
0
77
51
44
163
33
142
176
196
141
63
76
175
102
87
56
27
86
138
65
138
167
186
168
171
117
69
0
154
145
35
143
48
65
189
166
192
181
38
82
112
69
152
140
48
23
59
182
66
76
91
0
157
106
107
32
184
188
103
157
112
93
54
0
146
0
0
58
24
104
101
75
191
0
55
183
113
159
147
50
196
83
118
82
39
149
166
185
85
156
133
27
81
138
72
113
177
127
42
163
40
93
176
165
31
31
161
80
119
50
68
193
37
77
198
145
0
117
52
0
22
49
159
32
193
133
130
187
61
66
149
46
139
68
0
109
121
112
145
180
37
190
99
79
177
32
137
64
113
0
137
122
151
143
74
82
163
137
186
173
0
94
165
46
183
128
170
92
0
44
179
69
192
140
90
168
172
0
51
40
45
131
50
178
164
123
89
113
0
139
133
126
169
112
110
119
45
190
0
182
129
135
93
0
188
106
182
176
131
61
51
0
45
69
0
50
98
175
64
187
96
159
87
158
185
156
109
189
140
28
188
23
62
142
72
44
149
196
131
186
137
157
0
157
47
51
108
54
108
120
182
0
34
0
108
147
50
46
109
106
0
162
23
30
121
171
89
112
126
37
101
205
0
35
150
171
135
126
158
161
197
131
65
212
0
114
176
145
42
0
82
185
24
123
69
0
199
108
152
0
20
90
159
161
0
26
133
120
64
101
39
104
75
162
169
73
179
130
198
76
47
327038