101
55
0
102
0
193
85
193
30
146
191
126
34
93
175
86
34
95
28
150
0
77
192
76
62
146
0
37
197
193
117
0
139
28
46
78
187
70
191
179
98
155
141
74
131
136
43
98
122
0
0
79
47
86
88
140
196
145
107
83
112
106
36
168
134
153
192
166
54
65
0
0
184
155
112
27
118
102
198
42
56
0
71
110
35
156
125
0
159
65
139
126
199
95
54
84
139
120
167
36
40
58
117
70
172
84
43
34
30
152
0
50
135
131
198
133
49
161
66
118
50
149
39
48
0
109
85
97
173
180
85
181
175
137
194
158
107
44
43
148
0
67
127
0
0
155
80
25
141
178
43
33
73
193
136
126
101
101
0
29
65
137
198
93
197
182
141
44
0
158
116
48
172
162
169
42
156
86
55
69
130
91
37
117
161
58
165
186
156
163
99
51
170
99
39
167
143
84
74
150
136
55
0
71
50
139
73
75
31
105
197
0
126
160
34
134
65
0
32
123
95
163
138
87
164
111
76
167
57
0
173
199
94
81
119
76
133
156
60
99
60
0
197
159
123
149
24
56
66
160
62
190
32
44
101
68
165
0
0
74
135
46
170
27
134
146
194
54
25
70
109
175
192
0
29
101
143
29
90
167
147
110
122
127
164
138
146
166
0
74
121
188
69
74
101
142
85
45
157
199
162
160
74
140
53
68
119
0
92
69
36
182
101
119
65
113
39
113
156
94
164
83
0
151
0
159
75
108
142
203
0
195
148
92
0
188
78
100
90
85
0
73
50
28
109
0
199
113
108
68
48
26
37
114
181
123
48
50
110
105
94
42
86
63
59
104
182
132
74
110
151
162
165
196
162
0
89
184
184
106
41
32
96
146
0
184
0
40
190
159
125
0
128
172
107
190
122
118
188
153
39
0
158
98
132
0
183
0
36
183
104
0
137
51
0
69
0
63
0
28
188
42
40
152
24
136
65
29
87
43
46
197
77
150
66
58
61
59
150
0
39
113
176
57
127
75
192
90
77
140
77
186
45
135
166
170
43
43
171
72
56
0
63
134
135
0
112
110
0
70
108
162
182
77
49
192
0
130
96
78
75
145
0
135
78
121
67
108
140
48
151
194
47
113
51
118
33
0
147
181
100
203
0
98
0
108
52
70
97
129
165
156
182
61
89
94
132
125
65
24
64
83
55
32
98
66
134
35
47
50
128
55
127
151
104
0
107
84
118
115
37
216
0
40
77
0
79
28
89
175
65
0
42
207
0
120
0
106
36
176
28
189
27
157
0
181
73
67
143
72
106
33
55
177
0
126
53
68
0
0
37
0
181
113
166
68
145
0
172
125
26
88
143
0
176
41
142
0
152
150
0
0
69
85
92
124
61
0
64
191
45
163
131
156
185
119
129
146
154
158
74
134
162
193
152
44
154
81
138
136
0
41
0
53
147
187
120
174
197
112
176
0
149
29
0
191
161
183
190
142
197
169
81
99
106
54
55
96
158
109
85
31
163
42
24
157
0
118
175
149
152
133
27
161
185
165
124
97
84
0
34
165
144
189
93
126
165
34
137
128
199
26
161
124
206
0
86
139
70
154
114
0
56
43
131
143
148
0
109
75
189
57
0
194
88
72
0
0
151
131
35
119
42
27
123
30
127
41
0
153
60
108
117
114
153
127
172
0
29
176
190
132
195
42
68
113
178
0
75
32
140
28
104
25
139
44
0
159
199
107
68
26
100
32
29
160
71
102
194
133
124
44
122
142
98
110
59
190
177
0
102
64
89
81
188
187
61
163
169
51
155
118
0
60
195
73
72
178
111
82
82
74
0
118
190
94
130
0
199
0
131
149
53
86
184
190
85
165
0
178
29
184
56
90
124
83
36
157
0
77
99
136
31
168
49
195
127
120
152
24
120
188
53
58
141
0
141
0
196
76
183
133
119
192
32
48
121
0
61
129
0
141
65
77
70
196
0
126
55
64
150
30
98
0
193
118
163
135
41
119
135
27
80
0
42
56
72
0
149
148
32
62
145
86
124
187
66
32
125
156
115
138
183
86
31
194
104
166
195
0
146
37
0
114
176
114
52
52
150
50
45
0
153
61
39
83
72
170
0
0
174
32
87
129
157
78
182
83
143
0
52
27
30
57
31
76
190
59
111
152
115
191
112
63
53
174
132
161
71
0
66
77
126
0
199
98
38
25
199
138
70
177
152
103
91
0
92
204
0
168
145
159
140
56
62
166
40
180
88
0
36
99
198
191
180
124
64
0
157
89
0
124
187
115
105
114
111
195
76
82
37
110
100
87
198
187
76
106
86
148
75
136
164
0
168
63
176
148
123
111
0
87
113
123
86
169
67
0
93
128
180
38
92
142
0
58
187
75
87
39
34
153
84
129
156
70
195
48
144
106
198
152
53
108
0
149
73
199
114
124
51
0
167
77
146
76
157
0
193
179
122
191
129
176
79
0
82
108
73
0
128
51
142
160
126
177
49
0
105
57
0
131
86
103
50
68
0
52
49
195
43
89
170
168
174
132
193
96
153
129
197
197
83
75
29
43
0
95
70
144
153
193
78
81
49
168
120
45
133
52
84
94
0
104
178
77
63
106
171
175
157
168
165
74
190
125
169
174
95
136
162
161
62
197
83
66
43
109
69
198
196
73
85
52
155
108
167
171
125
198
97
179
74
140
85
48
133
61
156
107
135
144
68
44
52
73
62
194
193
194
110
138
199
198
144
70
193
161
123
171
0
179
141
175
101
107
67
84
59
160
171
179
57
195
72
173
86
128
129
217
0
66
0
158
109
136
56
55
0
155
109
126
183
157
116
49
104
48
67
24
85
138
82
0
150
0
99
113
0
71
161
69
53
29
178
68
0
106
195
137
102
110
150
188
194
123
0
139
200
0
64
170
164
0
197
119
45
0
169
162
185
161
106
97
116
82
45
27
197
81
91
74
101
189
63
0
147
139
51
138
195
35
78
158
124
24
64
67
163
158
140
0
0
155
128
164
190
87
148
148
72
96
62
43
92
86
139
157
0
78
174
0
0
26
106
102
160
85
95
144
0
45
163
137
95
0
55
74
127
89
66
45
60
188
54
39
0
132
142
41
58
159
70
118
138
183
143
96
137
169
149
70
78
59
127
190
195
70
179
126
43
61
0
56
142
73
48
150
0
147
41
24
88
97
56
163
128
78
137
191
177
39
168
44
81
156
70
177
68
0
85
0
47
48
48
0
57
194
165
0
194
49
0
168
36
145
197
37
94
51
157
127
173
44
67
72
206
0
156
46
113
86
137
75
45
101
80
106
171
99
183
0
49
101
177
84
58
34
64
32
108
0
159
125
57
155
113
125
125
95
91
106
0
154
156
43
163
71
100
64
110
163
0
73
132
0
77
128
48
136
0
119
167
80
0
52
128
89
159
177
159
65
162
39
0
80
0
107
156
24
66
33
94
0
148
37
171
0
58
152
152
97
188
31
81
118
193
56
87
90
153
182
154
190
122
156
101
123
100
149
52
102
57
137
32
94
0
132
25
194
37
0
175
195
0
76
79
0
27
133
81
32
172
169
84
26
171
0
67
89
63
0
199
51
75
37
176
191
93
124
65
99
197
86
88
134
195
98
29
82
162
48
131
217
0
0
64
122
155
183
165
163
159
82
170
29
132
106
0
139
0
36
0
154
196
124
144
27
142
85
38
0
154
52
105
122
0
169
0
152
107
182
192
36
61
0
0
95
0
102
161
175
54
138
58
113
154
181
83
58
111
29
0
103
192
94
103
156
89
68
110
161
192
0
24
0
78
194
172
196
164
83
145
93
133
24
179
117
101
55
132
126
83
0
141
60
119
80
80
88
0
46
144
130
117
194
167
53
167
54
28
66
148
108
72
122
78
95
187
27
80
93
128
75
197
26
185
179
164
184
112
129
49
82
68
109
169
24
60
61
57
149
171
68
34
28
32
197
158
0
56
93
0
156
163
150
163
95
168
72
88
0
0
75
190
148
71
87
82
142
0
0
135
146
125
131
0
85
0
111
62
49
0
128
32
175
40
91
88
62
51
96
125
152
41
103
56
191
139
162
0
0
84
111
63
35
191
187
48
0
125
47
157
185
120
0
61
138
188
53
135
57
71
77
178
119
121
26
129
94
0
105
63
0
175
153
171
146
147
145
75
88
82
199
70
86
72
130
146
81
155
97
182
198
0
172
92
116
48
128
71
187
139
145
141
62
182
119
89
28
39
27
149
0
121
152
0
167
38
121
75
0
168
170
167
126
108
66
128
155
155
52
188
172
134
199
96
166
0
128
0
77
38
77
136
53
117
64
158
185
156
112
125
68
192
61
47
72
85
0
25
116
0
83
37
30
124
65
109
167
123
70
126
80
92
131
95
85
187
42
76
117
117
61
107
96
83
0
122
142
157
167
67
115
148
112
182
175
199
49
129
97
136
86
118
81
0
0
73
168
151
44
61
26
51
0
34
81
40
95
82
0
147
110
43
165
138
168
187
73
149
181
152
73
170
178
119
0
141
123
187
58
158
0
123
147
86
93
109
82
71
47
0
178
42
140
52
81
52
70
0
153
0
24
164
187
141
126
189
156
113
198
0
88
87
41
51
123
124
121
64
79
186
159
69
78
0
171
91
121
101
127
0
90
135
173
127
0
113
0
188
91
59
139
54
53
185
0
50
159
103
146
56
28
187
197
196
184
101
172
0
99
138
31
129
138
213
0
185
111
173
188
40
56
42
0
110
165
126
89
98
43
177
131
0
189
79
61
106
155
127
104
177
58
79
128
126
75
89
139
0
120
161
30
100
0
158
181
0
0
50
178
0
26
168
82
197
57
0
114
122
74
75
86
160
187
103
81
114
98
77
161
31
164
118
0
158
135
166
173
32
0
60
139
40
66
97
0
146
69
39
129
34
162
61
198
108
41
39
76
186
42
148
122
0
93
65
77
73
0
93
36
51
168
0
161
141
77
66
87
156
103
0
190
122
0
159
147
113
152
144
0
131
33
137
27
31
65
59
161
32
106
0
98
25
150
88
143
29
0
110
181
141
182
81
148
182
156
62
43
157
140
134
25
175
161
80
63
81
76
115
194
184
93
155
0
0
115
179
66
75
190
93
160
164
161
190
55
130
190
119
65
193
122
193
0
147
183
93
122
89
48
75
138
37
111
182
61
0
42
75
173
82
66
0
147
58
73
166
45
117
121
181
25
171
117
156
156
0
167
148
56
155
187
31
93
39
0
114
101
119
130
45
165
80
103
73
92
157
24
156
79
195
41
108
63
166
145
171
0
91
117
105
61
108
156
0
160
54
0
153
126
0
148
141
69
47
137
196
102
177
180
142
155
0
162
104
135
111
131
120
35
79
28
185
173
111
84
198
38
98
86
151
37
86
86
174
130
76
76
0
77
129
136
109
77
132
0
0
140
97
93
69
31
50
170
30
84
97
178
0
151
0
100
128
48
140
146
53
48
80
0
98
0
193
56
0
184
87
181
159
188
97
45
43
191
34
137
86
134
189
117
168
102
157
68
25
78
194
156
0
25
48
134
169
59
94
57
121
145
88
0
45
0
82
130
0
44
57
173
107
0
75
0
151
0
123
107
181
192
0
62
188
164
183
63
103
0
155
62
133
99
57
180
70
0
56
53
44
117
189
36
60
163
188
120
173
163
83
76
103
159
155
53
51
27
68
91
0
124
124
91
199
187
52
98
0
40
80
133
96
52
168
131
0
142
103
111
146
87
143
189
53
74
79
47
89
195
35
65
183
168
78
117
156
60
95
102
133
128
71
0
52
37
93
0
91
133
93
84
172
191
85
136
74
0
147
168
40
175
24
49
92
169
189
182
0
179
52
60
45
142
163
169
76
37
63
106
154
75
0
92
110
174
161
0
163
191
41
133
117
131
110
42
42
67
75
181
182
44
184
115
42
94
0
181
131
143
50
152
66
121
0
87
0
73
66
103
138
162
56
177
91
53
171
38
187
75
63
134
0
176
0
110
30
0
37
183
0
141
0
36
98
0
68
145
61
195
124
0
197
100
129
128
176
86
91
0
28
187
34
101
147
145
125
35
92
133
195
0
0
39
0
161
170
148
59
0
106
64
107
89
198
139
98
30
181
116
134
121
74
192
186
136
121
166
78
164
36
0
108
40
198
30
170
76
87
0
81
56
175
62
143
0
27
122
174
152
185
59
124
177
135
0
122
72
58
76
46
118
179
75
206
0
60
122
149
129
131
145
137
159
33
55
48
110
103
76
82
177
188
0
128
132
130
208
0
0
114
0
121
37
134
90
24
64
0
189
71
195
131
117
128
184
179
39
99
172
199
125
0
0
89
170
38
91
0
70
52
163
132
46
42
172
159
98
137
42
161
0
118
40
180
43
32
112
130
75
184
198
29
174
144
105
173
43
42
94
98
136
166
183
85
161
47
153
72
40
149
0
123
67
0
42
188
161
136
113
74
118
97
54
158
197
42
184
95
100
0
60
35
0
192
24
0
30
74
118
127
161
26
49
96
77
63
158
142
193
153
65
183
53
140
121
95
180
0
142
91
169
42
0
99
34
198
88
131
96
153
168
86
167
26
88
203
0
177
199
102
85
0
0
44
67
155
30
0
139
80
191
172
95
137
105
166
42
165
149
72
132
126
178
202
0
0
69
135
170
135
156
0
107
36
28
38
93
50
0
190
74
69
80
80
0
197
71
117
0
66
0
208
0
0
0
33
102
40
167
0
0
29
165
0
101
45
167
152
175
112
67
196
73
68
116
192
140
186
72
0
87
44
139
58
168
125
114
69
78
45
118
118
177
103
47
76
34
40
48
175
122
0
137
177
124
51
143
98
180
109
150
183
138
116
77
103
88
135
199
129
77
123
158
0
169
25
96
141
29
101
0
39
72
41
46
50
159
102
104
0
36
187
127
123
47
167
0
128
0
128
48
0
189
174
132
187
107
158
43
88
196
35
0
83
41
58
0
104
0
120
140
180
97
194
0
194
121
97
97
108
29
0
128
197
132
195
183
61
187
124
163
193
42
177
137
80
112
26
0
108
141
37
85
27
86
147
177
90
115
94
148
61
50
118
67
186
0
198
127
122
0
0
117
36
178
69
115
162
187
136
173
190
80
73
53
140
159
158
73
70
147
0
167
93
176
0
0
30
27
114
112
172
102
0
85
109
179
0
203
0
62
110
157
155
43
170
57
173
0
75
178
186
196
74
38
167
0
113
28
100
180
67
47
57
51
211
0
113
45
167
138
85
0
0
72
146
0
45
0
171
64
68
0
82
138
177
45
152
62
72
66
39
0
142
96
0
94
73
0
115
111
75
167
51
50
114
154
87
26
28
34
153
32
58
58
178
105
167
92
0
173
86
32
136
153
0
109
194
91
187
111
0
60
89
154
87
147
119
46
46
101
110
104
129
43
93
146
103
188
192
0
197
162
40
99
134
50
39
131
29
46
156
95
153
88
78
56
60
92
89
153
95
192
124
168
118
96
178
161
188
0
166
29
138
192
152
184
65
107
174
71
153
156
105
88
203
0
198
116
83
0
0
167
176
47
73
81
77
97
36
52
156
27
86
117
182
123
43
72
132
50
119
45
120
193
158
63
87
108
181
0
104
65
0
52
156
183
121
142
0
186
111
0
181
198
175
146
140
80
61
154
110
147
108
95
151
32
79
63
188
189
28
45
0
76
109
67
47
155
0
55
48
48
123
86
90
142
28
87
120
27
73
24
64
50
147
45
0
182
79
181
54
109
74
157
167
187
131
122
182
110
41
0
52
86
47
133
150
0
138
0
0
95
165
160
183
51
160
176
0
38
33
0
35
145
147
146
35
101
130
67
83
164
0
162
121
97
177
127
97
117
43
138
102
213
0
108
152
57
38
158
199
0
152
163
38
163
147
186
64
103
46
99
140
108
134
82
140
61
173
65
42
157
37
168
123
0
33
152
46
34
153
166
63
78
25
27
147
0
124
159
161
61
194
125
196
96
83
106
169
157
87
71
0
33
162
0
38
69
74
42
180
50
118
199
185
102
113
56
151
108
204
0
76
122
51
183
175
164
156
73
0
133
66
101
142
0
0
121
64
199
81
84
112
147
173
0
65
96
101
199
164
51
191
117
194
26
62
107
65
123
156
199
144
75
180
191
80
80
126
148
89
183
196
171
142
74
148
116
174
81
137
84
24
185
168
85
170
50
61
110
158
35
24
93
98
80
144
144
197
0
97
123
172
33
133
163
152
75
101
35
0
100
186
131
157
187
148
164
84
0
93
84
90
126
99
114
53
211
0
85
88
84
154
34
198
152
193
96
99
106
127
151
170
182
113
39
129
153
0
85
123
145
34
24
34
42
90
168
0
141
133
114
140
0
58
145
0
104
116
197
172
114
0
115
145
43
141
93
183
192
0
108
116
208
0
191
193
114
0
97
141
0
158
42
138
91
143
74
30
72
0
199
166
186
64
47
172
30
161
57
101
0
45
115
0
0
91
118
43
81
73
132
154
172
49
59
76
147
196
146
116
86
87
178
173
82
0
137
114
0
25
79
138
96
0
198
53
0
167
62
196
181
34
122
0
0
122
79
59
71
86
146
193
155
126
106
37
121
0
132
102
191
0
35
143
175
0
32
141
105
72
86
88
137
54
123
91
197
165
139
170
36
143
0
168
65
173
139
122
148
180
77
52
78
44
136
101
170
131
0
47
0
89
33
99
179
0
128
189
198
97
0
78
79
103
188
46
77
183
192
97
131
129
0
37
154
0
123
146
128
151
35
46
99
128
98
42
161
49
152
100
184
123
0
105
178
198
133
55
58
0
78
84
133
87
117
175
187
150
137
0
88
0
100
63
59
151
78
191
172
143
127
92
0
186
142
25
123
49
103
46
161
0
0
25
36
197
110
124
97
30
179
70
69
0
71
129
34
155
161
32
64
81
41
131
158
140
113
185
36
85
157
35
0
45
144
0
158
152
155
137
122
25
40
38
30
106
25
88
126
0
30
88
176
90
62
0
105
53
136
124
67
133
123
184
85
26
69
126
73
0
82
89
81
100
122
99
32
112
196
168
39
115
171
75
176
31
192
121
117
112
118
24
83
142
61
109
0
86
84
0
39
134
183
0
107
75
105
0
70
137
26
0
53
158
186
146
0
107
188
192
118
160
177
81
167
195
152
150
82
181
165
0
158
49
169
0
107
74
24
113
194
0
123
48
59
198
0
99
0
178
124
212
0
194
27
81
149
81
0
0
200
0
83
134
40
138
118
0
50
0
115
204
0
0
157
146
218
0
64
0
129
0
59
92
60
186
65
38
192
98
38
45
173
75
143
118
171
0
169
0
119
191
181
79
121
168
178
113
0
44
136
152
129
180
157
128
99
100
31
189
0
37
42
147
71
195
30
0
25
147
115
198
163
149
184
63
107
0
0
106
97
75
122
118
69
133
54
102
29
164
168
91
44
195
102
184
39
202
0
137
136
74
0
144
174
84
129
25
0
42
59
194
149
86
51
129
169
186
43
154
134
0
66
148
182
98
54
127
152
191
158
44
122
170
70
26
34
50
0
110
151
125
47
66
0
51
143
58
121
190
0
55
176
126
135
169
45
30
182
69
86
92
117
72
34
122
47
56
118
105
52
149
26
150
109
50
43
100
71
0
161
151
118
98
56
24
36
103
173
114
99
77
94
79
149
186
172
95
93
37
196
159
31
126
144
34
169
76
181
198
31
178
174
99
0
63
117
31
173
32
41
26
80
164
84
165
61
0
41
0
45
158
62
0
68
0
69
196
184
78
119
150
75
96
170
113
198
41
179
33
93
106
183
170
33
38
27
178
182
108
101
162
64
0
160
119
55
0
181
117
0
156
132
70
26
182
194
99
101
0
180
96
169
185
0
32
51
63
111
154
168
29
165
63
0
184
0
41
56
85
68
195
172
140
177
155
64
103
162
176
180
198
86
0
0
197
102
53
120
135
0
59
0
179
55
138
196
119
203
0
90
151
94
104
41
176
177
57
0
111
0
109
42
0
150
145
109
112
190
0
103
68
177
173
0
51
85
0
70
0
148
124
41
198
119
148
33
124
129
83
0
155
107
190
134
120
0
26
215
0
50
0
81
184
62
44
74
111
97
73
0
133
197
46
186
99
0
122
119
153
0
0
178
197
76
45
117
141
90
0
120
184
24
168
68
139
193
160
47
77
73
194
190
109
0
159
169
56
110
70
175
135
160
160
170
123
172
128
150
173
62
194
59
111
89
103
27
118
0
82
45
167
51
194
177
0
55
85
121
98
172
53
174
30
166
169
38
0
41
187
119
159
175
97
50
121
78
163
130
61
182
0
0
171
43
108
201
0
40
66
56
123
185
34
143
189
92
32
25
168
101
105
51
119
160
162
177
148
44
134
45
92
58
132
187
124
101
139
62
0
91
27
120
133
108
0
166
65
182
55
102
191
126
46
102
48
158
41
156
139
175
119
177
69
0
62
0
110
197
60
144
56
117
56
0
0
153
88
103
78
111
99
138
81
182
183
101
79
77
39
0
78
0
152
203
0
182
161
115
62
87
137
0
0
107
0
69
0
195
64
39
63
100
152
80
237
0
0
210
0
192
24
52
94
149
173
89
97
70
67
89
46
159
105
165
134
157
142
75
105
28
119
65
145
112
114
86
175
0
163
116
173
132
88
130
65
167
42
158
163
199
43
192
100
185
142
57
155
114
71
106
196
65
184
56
0
0
157
193
0
144
158
52
165
28
94
164
121
54
385370