23
0
151
0
250
0
195
139
0
221
0
0
98
171
95
145
91
96
132
162
132
0
119
137
154
0
190
129
90
184
0
0
148
0
88
204
0
0
267
0
0
0
0
130
0
93
79
129
134
0
191
0
0
0
158
0
161
106
81
220
0
185
115
97
107
227
0
190
0
286
0
0
116
135
79
253
0
178
85
138
161
79
156
0
238
0
208
0
94
184
0
167
0
199
0
98
174
0
112
293
0
0
178
102
118
107
182
0
183
0
219
0
118
282
0
0
0
124
199
0
159
184
192
88
223
0
0
127
0
80
250
0
0
0
194
156
113
0
101
0
134
0
93
87
0
84
93
177
121
170
135
130
174
220
0
0
0
213
0
0
116
153
0
171
139
0
179
0
259
0
150
218
0
0
288
0
0
184
160
194
0
268
0
296
0
0
139
0
182
142
88
230
0
142
216
0
152
0
155
191
0
248
0
82
154
163
170
0
242
0
0
186
0
111
173
166
0
168
0
218
0
184
0
165
129
196
128
230
0
89
78
198
98
0
90
247
0
0
165
0
83
113
111
176
195
0
181
130
79
96
160
0
192
182
0
162
152
163
0
185
111
120
161
0
133
155
119
176
198
0
96
111
125
150
395
0
0
0
0
184
0
124
270
0
0
0
113
426
0
0
0
0
0
178
320
0
0
0
0
0
0
94
199
176
98
0
155
216
0
0
160
0
0
170
234
0
96
195
0
97
194
170
188
117
87
221
0
0
0
0
137
137
198
82
154
138
275
0
0
0
196
160
201
0
182
87
172
228
0
0
0
99
109
198
140
82
134
203
0
0
200
0
0
184
0
125
127
185
205
0
163
0
0
165
0
183
0
222
0
0
226
0
0
0
108
93
0
139
0
106
115
89
182
201
0
0
0
99
152
90
107
126
196
214
0
160
0
148
191
164
0
252
0
0
132
193
115
165
0
179
0
165
0
192
139
0
165
0
215
0
114
239
0
136
0
171
309
0
0
0
0
180
150
141
0
187
252
0
150
125
184
186
209
0
154
359
0
0
0
0
194
0
184
150
122
87
137
145
134
0
95
192
91
187
78
187
143
192
138
303
0
0
0
86
136
172
114
171
0
175
151
94
165
0
0
186
164
0
172
0
166
157
133
241
0
0
0
0
94
78
176
81
160
199
89
83
101
91
79
119
142
189
160
0
177
275
0
0
138
165
187
171
0
186
145
200
0
195
140
135
157
128
108
164
0
0
145
262
0
0
0
0
118
0
209
0
117
178
0
193
198
200
0
190
0
0
0
93
275
0
0
0
0
143
0
315
0
0
192
153
166
147
195
278
0
0
177
0
151
100
194
92
153
137
89
175
0
165
130
146
96
241
0
207
0
140
168
110
190
109
170
231
0
0
163
96
0
128
234
0
0
139
0
133
174
192
0
186
147
162
0
130
161
0
177
0
172
0
0
277
0
0
0
184
0
138
79
215
0
0
175
0
122
119
0
207
0
161
0
156
0
243
0
0
0
193
165
175
118
0
182
0
89
0
121
240
0
0
0
114
0
79
120
203
0
0
0
192
0
0
141
133
0
144
160
0
196
169
0
173
139
83
122
225
0
0
181
186
0
0
106
78
79
171
232
0
211
0
121
117
120
241
0
173
254
0
130
165
0
133
0
156
0
0
114
238
0
171
108
395
0
0
0
0
0
179
0
0
0
0
183
114
165
180
124
0
0
320
0
0
0
0
80
110
288
0
0
220
0
135
179
196
0
112
250
0
0
232
0
0
0
335
0
0
0
103
149
168
0
98
153
141
0
189
82
98
90
165
160
180
98
139
0
182
160
142
0
212
0
122
173
0
188
93
224
0
197
95
90
132
142
207
0
0
0
0
149
0
128
0
141
182
288
0
0
246
0
126
173
146
137
183
81
237
0
128
157
0
160
145
198
0
211
0
0
191
0
0
138
0
78
243
0
0
129
193
0
135
149
0
147
329
0
0
179
0
247
0
0
122
250
0
0
168
158
0
82
183
305
0
0
0
270
0
0
0
136
113
182
191
103
0
189
170
124
144
102
139
230
0
0
157
104
138
0
101
214
0
172
134
181
146
0
0
134
0
106
0
176
113
0
0
95
238
0
0
101
159
0
169
140
89
275
0
0
0
229
0
80
140
111
0
160
228
0
195
0
0
256
0
115
229
0
174
136
137
150
0
155
229
0
102
144
0
116
142
0
167
87
162
129
0
184
170
0
131
131
141
145
107
0
109
185
0
133
198
0
97
97
88
155
90
158
218
0
157
213
0
125
188
173
0
0
88
122
89
80
82
85
109
172
0
78
172
0
145
166
83
0
174
131
154
199
158
97
115
128
217
0
0
136
170
169
200
0
264
0
0
278
0
0
193
0
0
0
121
142
174
0
0
119
113
0
252
0
0
282
0
0
254
0
121
197
241
0
0
151
0
173
147
218
0
0
84
209
0
130
115
170
115
0
95
194
107
80
195
199
188
251
0
0
190
112
0
0
147
97
81
211
0
0
171
122
242
0
106
206
0
0
230
0
0
0
162
0
138
132
122
223
0
165
189
106
222
0
122
86
221
0
242
0
144
135
94
187
136
175
213
0
0
121
78
166
0
146
98
166
233
0
0
186
107
81
273
0
178
139
198
233
0
0
90
107
115
158
182
124
247
0
0
0
0
180
0
205
0
164
166
141
0
197
204
0
97
82
113
190
148
0
191
190
171
163
164
102
107
153
0
135
154
0
152
129
95
169
0
113
199
108
195
174
0
0
0
82
99
91
147
126
130
129
90
128
0
192
376
0
0
0
0
0
0
0
169
113
170
176
335
0
0
0
126
124
0
267
0
192
0
168
184
159
0
163
104
0
158
298
0
0
0
0
85
211
0
259
0
149
149
255
0
0
0
0
295
0
0
94
0
188
0
418
0
0
0
0
0
259
0
0
176
117
105
95
360
0
0
0
0
174
0
183
175
128
0
154
149
88
125
170
138
0
78
112
118
0
0
161
0
136
103
153
169
162
199
0
161
140
0
217
0
0
291
0
0
0
0
79
185
127
255
0
310
0
0
232
0
130
0
0
151
179
159
185
0
125
167
277
0
0
0
148
0
102
112
0
0
173
0
88
195
87
0
168
230
0
0
80
203
0
158
174
0
190
0
232
0
0
183
0
87
106
0
80
327
0
0
196
117
0
0
129
182
156
189
160
0
122
0
79
223
0
0
189
168
84
197
166
177
95
93
179
188
0
98
184
326
0
0
0
0
141
140
164
175
145
99
244
0
143
0
0
269
0
163
152
246
0
0
245
0
0
0
119
0
239
0
152
0
190
0
0
146
224
0
119
122
194
182
0
103
218
0
181
139
78
158
0
0
198
199
84
83
157
0
104
126
82
146
0
79
132
124
0
166
301
0
0
0
0
134
0
0
83
234
0
172
191
0
184
0
171
83
194
205
0
0
88
163
0
112
0
90
148
81
189
137
120
0
130
278
0
0
0
125
204
0
0
197
143
223
0
177
0
0
136
201
0
0
0
292
0
0
0
0
171
153
0
0
173
180
147
165
0
0
147
186
173
99
181
0
0
194
0
166
0
98
116
209
0
0
155
130
249
0
285
0
0
0
81
197
237
0
179
141
190
0
0
139
210
0
174
0
0
254
0
121
127
0
0
188
178
187
136
148
84
185
82
110
177
131
0
0
142
0
198
271
0
0
170
0
214
0
342
0
0
0
0
0
182
183
200
0
224
0
0
121
93
0
146
204
0
0
0
0
166
139
105
149
91
84
82
194
93
134
111
170
93
0
137
109
106
121
205
0
0
226
0
188
166
195
0
89
190
112
106
318
0
0
0
187
262
0
167
111
119
179
131
0
168
106
187
129
152
177
88
143
160
134
0
170
151
0
0
179
0
236
0
0
0
184
148
139
167
0
79
161
174
226
0
0
0
166
184
158
91
211
0
0
89
232
0
191
0
0
161
183
189
0
78
229
0
232
0
0
0
210
0
145
0
189
132
214
0
0
191
218
0
0
122
220
0
125
193
178
171
209
0
87
164
151
195
146
111
183
0
298
0
0
107
116
0
83
190
121
154
111
125
0
304
0
0
186
0
183
170
0
0
134
205
0
160
165
232
0
0
135
148
0
159
171
174
214
0
0
0
193
151
0
310
0
0
167
148
0
0
109
149
0
0
165
0
0
192
173
188
112
103
0
204
0
253
0
158
222
0
167
0
160
214
0
0
246
0
0
0
0
161
138
188
104
119
229
0
244
0
0
105
138
177
186
102
103
135
324
0
0
167
0
144
0
146
170
161
156
85
206
0
170
0
132
209
0
0
195
191
189
177
151
177
131
177
152
275
0
0
0
128
228
0
250
0
0
192
180
184
108
217
0
90
145
0
136
0
114
115
217
0
0
171
90
167
118
138
162
233
0
0
0
131
85
0
199
136
188
0
172
151
137
95
187
224
0
0
170
112
0
135
239
0
185
0
157
104
212
0
0
232
0
140
300
0
0
181
0
152
151
84
209
0
0
146
0
170
252
0
0
177
119
0
146
84
97
134
133
0
139
0
184
198
0
209
0
0
120
147
128
191
0
139
209
0
236
0
0
148
148
0
88
181
196
151
0
192
110
143
182
171
157
131
287
0
0
0
167
0
144
144
97
120
191
198
183
122
95
157
196
0
211
0
240
0
0
158
136
0
140
103
129
0
134
172
0
0
149
0
81
140
175
110
195
189
0
140
184
0
0
92
109
244
0
0
86
170
192
102
145
0
166
205
0
204
0
0
0
0
201
0
0
0
171
146
0
90
121
175
336
0
0
0
0
0
180
0
0
165
0
0
83
137
151
0
111
116
185
328
0
0
0
191
0
111
291
0
0
0
0
171
127
228
0
0
312
0
0
0
0
0
197
0
177
207
0
109
166
0
209
0
270
0
80
242
0
0
293
0
0
0
226
0
0
0
85
106
412
0
0
0
0
0
0
269
0
0
0
195
182
111
135
0
101
130
105
162
102
145
191
122
157
155
0
113
118
0
139
177
111
109
177
193
153
0
106
166
246
0
204
0
230
0
104
0
193
214
0
176
0
182
163
222
0
0
160
0
0
176
199
0
138
0
261
0
0
0
136
185
235
0
181
182
184
172
156
185
233
0
179
154
0
170
103
103
0
103
134
197
172
171
95
171
156
126
0
176
109
210
0
0
144
0
0
163
231
0
0
107
0
156
133
98
197
98
176
127
169
259
0
117
104
139
141
80
167
0
180
163
86
122
219
0
151
0
138
127
419
0
0
0
0
0
0
142
172
0
121
166
86
128
105
119
255
0
0
134
158
192
138
179
0
184
0
0
118
0
98
199
156
0
212
0
256
0
117
175
178
94
134
208
0
83
186
0
0
169
172
187
124
264
0
157
198
213
0
0
86
223
0
0
0
114
0
172
83
256
0
96
78
106
107
223
0
187
246
0
158
181
0
0
159
85
227
0
0
0
94
0
104
182
153
0
195
189
218
0
128
262
0
0
0
304
0
0
0
0
0
139
0
90
0
190
147
135
231
0
0
231
0
0
0
217
0
0
92
259
0
94
123
0
138
140
203
0
0
0
165
253
0
141
187
0
195
0
116
213
0
185
121
92
189
168
0
87
152
83
126
282
0
0
153
118
122
162
0
84
221
0
0
127
0
178
199
198
0
161
0
160
245
0
189
162
108
205
0
0
187
160
190
0
153
210
0
0
143
177
95
119
193
131
209
0
0
169
152
316
0
0
0
166
149
96
108
194
134
230
0
129
204
0
0
0
0
0
182
155
223
0
93
0
138
0
83
108
0
94
187
174
124
140
176
0
137
0
180
109
0
102
166
92
197
0
96
0
84
229
0
0
107
169
163
84
187
0
179
234
0
0
0
149
184
83
129
391
0
0
0
0
216
0
0
117
0
220
0
207
0
0
339
0
0
0
0
158
99
241
0
0
119
167
283
0
0
0
0
0
178
186
146
139
0
123
0
152
157
186
168
176
148
192
0
194
101
139
142
184
145
0
196
0
185
180
0
252
0
0
0
140
192
189
138
109
243
0
0
161
191
0
0
0
169
106
0
169
0
117
215
0
0
106
223
0
183
0
0
159
180
283
0
0
90
176
0
106
88
152
0
104
0
160
108
124
184
112
135
267
0
111
351
0
0
0
95
169
119
0
197
161
219
0
0
150
0
296
0
0
155
193
103
0
82
194
85
191
135
165
90
174
0
0
0
129
0
85
125
270
0
0
0
104
207
0
0
0
121
181
87
117
136
0
192
0
177
0
0
359
0
0
0
201
0
153
0
225
0
164
0
0
174
0
0
133
0
117
140
0
129
0
165
265
0
124
163
197
191
114
226
0
206
0
174
181
146
169
158
0
139
0
78
101
164
104
221
0
166
130
219
0
151
114
0
0
192
0
0
98
186
0
0
124
313
0
0
0
0
118
159
276
0
0
416
0
0
0
0
0
0
199
0
191
135
148
151
239
0
131
143
197
183
220
0
0
149
0
0
180
134
0
311
0
0
183
185
180
214
0
0
229
0
0
0
210
0
186
0
194
165
0
118
0
194
99
0
170
0
104
117
98
120
96
193
127
173
0
98
136
100
260
0
0
246
0
0
125
86
105
144
238
0
0
0
182
154
227
0
0
151
194
192
225
0
0
144
171
149
198
174
167
0
0
206
0
316
0
0
0
0
373
0
0
0
0
504
0
0
0
0
0
0
0
268
0
0
157
178
151
89
185
187
149
204
0
87
134
125
271
0
0
84
151
216
0
239
0
270
0
0
0
249
0
215
0
0
0
86
88
170
134
89
149
0
229
0
0
194
0
270
0
0
198
141
0
133
0
149
0
106
126
164
154
107
196
153
0
111
219
0
164
92
250
0
0
198
154
186
0
206
0
136
125
111
217
0
127
120
152
79
148
0
302
0
0
320
0
0
200
0
168
175
148
155
129
170
0
0
215
0
0
155
0
154
155
151
196
103
111
134
170
89
226
0
107
0
114
0
189
0
130
211
0
134
173
180
238
0
131
0
97
200
0
0
111
0
106
189
186
0
113
0
102
125
0
149
191
139
0
169
176
120
103
260
0
0
122
92
122
214
0
169
0
198
111
165
151
160
87
140
0
133
154
122
0
183
193
190
460
0
0
0
0
0
0
0
0
134
0
230
0
190
0
0
153
178
85
128
88
117
198
153
174
0
162
0
0
140
124
101
0
140
0
187
171
103
167
143
84
94
162
148
123
229
0
0
204
0
0
198
118
147
140
95
129
179
0
149
110
150
114
0
199
0
141
243
0
0
154
0
192
165
0
0
173
85
80
236
0
122
146
0
0
251
0
0
0
0
179
0
190
0
0
0
187
117
177
0
193
106
106
0
122
115
176
0
171
102
0
280
0
0
0
154
183
131
152
79
135
94
80
200
0
0
160
157
0
227
0
142
152
151
140
112
152
184
89
0
274
0
0
176
0
116
206
0
0
181
193
0
130
0
109
125
165
147
0
141
130
228
0
0
122
187
198
140
180
0
204
0
239
0
96
193
0
81
147
170
187
0
133
264
0
177
97
146
210
0
0
177
124
199
0
0
0
169
136
277
0
0
117
146
0
0
96
86
313
0
0
0
189
0
84
166
198
0
0
0
187
0
0
78
136
0
111
189
0
0
0
91
133
137
231
0
0
0
164
196
149
192
216
0
0
152
146
184
165
0
251
0
0
290
0
0
117
162
183
227
0
0
178
0
160
182
0
163
164
177
0
176
0
113
160
111
195
0
97
0
85
149
0
165
0
109
204
0
173
148
141
0
126
105
118
160
133
0
127
186
178
0
196
229
0
0
139
0
134
0
95
145
121
194
115
209
0
184
196
0
199
230
0
168
98
130
0
0
0
85
264
0
189
108
137
0
239
0
0
168
173
170
174
160
132
0
381
0
0
0
372
0
0
0
0
0
0
0
102
249
0
0
178
96
113
158
106
0
80
117
166
284
0
0
0
0
0
112
188
184
188
98
142
0
0
190
141
261
0
0
132
171
101
154
0
112
193
0
0
227
0
351
0
0
0
0
148
93
115
227
0
161
0
153
145
186
156
186
0
199
86
128
0
286
0
0
159
166
164
112
97
300
0
0
113
0
255
0
229
0
223
0
0
0
188
181
192
0
0
0
161
161
191
0
239
0
0
0
222
0
272
0
0
0
0
235
0
93
0
104
121
253
0
0
0
0
0
92
259
0
169
0
0
203
0
0
191
0
129
197
94
100
231
0
0
172
112
156
94
0
196
107
135
158
112
327
0
0
0
242
0
0
93
181
123
122
0
83
141
134
140
0
108
84
154
85
148
113
0
139
109
106
0
248
0
153
0
0
211
0
115
135
174
185
0
188
139
195
99
165
143
115
123
120
0
145
152
133
211
0
150
0
137
232
0
151
0
94
296
0
0
0
114
156
162
0
339
0
0
247
0
0
182
0
99
180
0
0
135
183
0
147
157
190
0
136
239
0
188
198
0
0
126
139
0
100
167
124
143
229
0
0
231
0
104
330
0
0
0
0
0
148
0
78
156
94
150
0
191
121
0
148
0
118
0
192
0
253
0
129
0
190
121
177
110
99
0
191
172
130
136
0
155
140
263
0
0
0
188
190
0
0
130
156
187
165
168
141
198
0
196
0
0
317
0
0
0
0
0
138
284
0
0
0
145
196
110
0
100
103
102
200
0
0
80
86
181
176
0
195
0
0
163
169
137
0
125
136
0
164
91
244
0
111
0
122
211
0
269
0
0
0
153
137
226
0
0
0
78
212
0
124
0
102
234
0
106
162
190
0
146
142
0
182
154
0
103
127
168
169
138
110
117
194
186
193
0
111
85
302
0
0
242
0
0
196
182
120
136
184
0
0
145
253
0
0
0
97
257
0
0
0
0
0
194
250
0
149
0
140
0
189
198
114
170
131
186
0
186
173
84
182
196
198
90
141
0
0
214
0
0
311
0
0
128
0
79
280
0
0
0
0
155
148
407
0
0
0
0
0
137
0
0
164
136
170
124
0
177
0
159
159
96
114
217
0
0
159
199
0
101
185
188
176
131
97
261
0
0
0
153
329
0
0
0
0
0
127
128
0
0
205
0
0
84
206
0
0
0
168
0
81
84
95
107
0
186
226
0
0
90
165
140
227
0
0
192
104
177
0
0
256
0
238
0
0
112
85
196
97
146
116
113
184
185
0
0
198
150
0
141
160
148
0
227
0
0
0
0
145
0
0
0
0
165
181
0
161
98
105
112
155
82
235
0
0
173
0
184
0
96
171
0
115
93
83
151
0
177
85
118
135
196
109
112
136
175
78
165
0
147
136
84
164
186
187
178
188
178
112
193
120
128
140
140
143
0
162
187
181
0
180
148
187
120
0
183
130
198
129
0
0
190
0
83
146
135
200
0
171
167
185
175
0
94
152
0
207
0
223
0
268
0
0
0
0
183
96
0
164
0
91
0
78
120
173
0
0
137
0
188
186
0
212
0
0
94
374
0
0
0
0
107
163
131
0
179
106
88
194
100
171
0
183
159
0
0
0
175
0
161
182
0
0
170
195
147
106
170
0
171
155
138
150
117
122
100
152
121
0
134
0
170
82
114
166
134
173
0
181
160
0
0
0
292
0
0
173
238
0
0
0
186
156
0
157
184
0
0
177
164
0
0
131
92
169
193
181
105
139
0
234
0
0
95
226
0
194
0
0
119
188
91
103
131
133
0
163
132
188
0
192
137
0
243
0
148
90
168
103
192
126
0
86
190
184
81
161
179
98
119
411
0
0
0
0
0
0
0
0
206
0
0
114
149
88
166
102
183
286
0
0
94
120
102
106
164
0
0
0
84
156
161
171
0
0
113
0
128
117
80
161
0
102
96
162
111
168
0
0
150
0
0
125
96
230
0
136
107
176
0
134
97
230
0
97
160
0
99
173
93
278
0
0
0
120
135
0
192
142
0
269
0
0
214
0
80
148
0
139
81
133
192
0
171
0
198
97
181
0
145
164
155
152
126
92
86
383
0
0
0
0
147
0
113
128
245
0
140
200
0
247
0
263
0
0
194
0
257
0
0
0
90
129
183
0
0
181
121
123
194
0
196
255
0
0
119
148
0
232
0
104
137
251
0
0
153
222
0
112
185
122
181
270
0
0
0
170
142
209
0
100
124
163
159
0
378
0
0
0
0
0
0
176
218
0
107
0
78
284
0
0
195
237
0
0
0
107
244
0
0
218
0
103
107
143
364
0
0
0
0
142
0
92
260
0
0
165
0
0
157
0
0
0
198
0
0
232
0
160
159
197
0
0
173
233
0
121
109
82
145
187
0
0
0
134
0
137
107
229
0
113
201
0
0
244
0
0
0
161
0
83
127
111
0
164
163
0
214
0
0
91
132
138
189
0
83
142
215
0
226
0
115
197
170
177
195
127
0
0
147
0
314
0
0
0
0
166
132
0
169
116
0
86
135
145
195
167
110
158
225
0
0
98
84
164
0
187
90
189
0
0
130
160
190
0
0
86
293
0
0
0
147
0
198
125
165
0
169
0
147
0
226
0
0
164
244
0
0
0
0
290
0
0
0
0
226
0
0
0
0
96
169
232
0
202
0
0
123
149
155
0
101
234
0
0
198
0
262
0
168
181
0
117
103
0
182
92
286
0
0
199
0
97
245
0
0
0
159
97
202
0
0
153
0
99
144
102
121
116
156
166
223
0
81
119
165
0
186
230
0
180
103
0
149
0
161
175
0
191
275
0
0
0
183
195
203
0
129
140
93
184
198
0
185
180
0
0
185
220
0
0
174
155
190
0
161
175
154
108
118
319
0
0
0
183
133
148
234
0
0
97
0
99
190
222
0
360
0
0
0
0
0
128
261
0
0
126
170
0
0
0
180
148
134
138
93
193
0
0
212
0
0
79
135
213
0
0
141
275
0
0
160
0
0
193
102
129
209
0
0
173
341
0
0
0
171
153
133
144
121
160
0
114
0
0
206
0
120
235
0
0
185
0
0
84
210
0
93
243
0
351
0
0
0
126
125
195
269
0
0
158
0
193
137
161
101
188
0
204
0
198
0
186
206
0
0
297
0
0
179
0
172
106
187
193
0
235
0
114
0
108
134
174
0
103
104
166
0
95
222
0
0
0
141
146
0
176
130
127
157
0
141
170
189
0
278
0
0
0
0
282
0
0
0
0
168
0
160
164
0
212
0
163
195
186
194
0
164
248
0
0
0
0
242
0
0
117
115
270
0
0
0
0
0
209
0
125
163
183
147
170
0
79
114
166
0
80
80
183
0
176
219
0
0
128
239
0
0
86
107
0
114
158
91
181
163
197
225
0
189
138
175
89
117
173
0
0
87
189
165
224
0
171
0
188
114
226
0
157
93
204
0
149
0
124
154
0
161
143
0
221
0
0
134
168
0
150
260
0
0
192
183
94
176
162
0
150
81
145
197
239
0
0
0
144
134
240
0
0
82
188
132
0
110
0
243
0
180
0
171
0
114
138
132
0
183
182
121
0
145
180
0
0
0
0
114
80
85
247
0
124
0
144
135
168
138
166
145
0
170
91
95
152
191
0
123
130
78
152
121
241
0
0
113
0
111
103
107
233
0
81
240
0
269
0
0
0
196
0
181
159
138
156
106
139
124
119
199
0
146
172
145
186
0
0
158
150
0
167
152
140
0
183
101
138
97
118
137
163
178
0
196
0
0
184
0
333
0
0
0
0
110
128
159
148
136
0
165
197
143
178
131
135
0
0
197
0
122
0
95
78
108
253
0
0
0
191
113
225
0
0
170
139
0
238
0
0
81
185
202
0
97
133
0
199
153
151
0
316
0
0
0
261
0
0
197
0
0
150
0
121
193
139
158
143
118
150
0
137
0
145
150
83
164
123
117
234
0
0
143
0
156
175
83
190
0
139
100
155
133
0
170
243
0
0
244
0
255
0
0
192
247
0
144
0
197
188
0
130
199
0
89
140
172
155
151
124
175
131
0
86
0
143
0
178
0
165
230
0
176
80
158
89
166
131
0
191
150
163
0
86
199
0
0
96
151
131
0
130
0
149
84
125
144
114
142
120
215
0
0
168
0
160
188
222
0
0
116
0
249
0
184
0
0
0
153
183
112
165
0
90
132
155
120
172
169
0
124
160
218
0
0
181
0
88
175
189
183
101
159
129
192
0
86
121
0
86
113
188
139
190
0
174
95
160
0
118
182
0
0
139
123
0
123
198
81
130
182
0
0
104
0
92
105
0
79
143
215
0
197
91
101
162
142
223
0
140
261
0
0
129
102
190
0
124
162
231
0
0
218
0
171
106
184
179
0
109
0
90
214
0
0
153
0
0
0
0
128
0
279
0
0
0
0
151
0
202
0
328
0
0
0
160
129
0
0
114
270
0
0
0
194
0
182
0
107
189
127
160
192
97
143
96
181
102
221
0
0
146
0
0
108
170
0
151
115
188
0
166
142
0
136
0
122
178
0
192
175
98
180
213
0
0
139
199
124
437760