187
100
148
133
127
96
141
192
179
168
164
150
0
134
72
0
66
92
31
117
169
107
0
0
151
135
195
143
163
166
112
93
129
71
94
0
142
167
61
96
148
54
168
0
69
77
0
117
103
104
100
92
204
0
183
155
142
135
0
195
165
106
181
0
148
100
124
123
85
81
104
154
182
176
100
25
48
118
196
135
0
177
0
98
35
132
0
164
161
91
82
151
181
115
109
184
40
192
168
130
39
113
124
185
63
64
210
0
67
124
56
46
165
168
189
0
95
64
131
116
148
140
121
88
113
189
0
92
25
198
0
87
137
75
87
0
0
131
141
91
27
173
142
188
92
100
89
132
154
0
0
159
84
99
91
57
122
195
0
86
52
48
124
196
183
60
51
154
34
62
149
90
84
125
40
41
151
175
28
72
39
52
95
51
163
130
38
166
127
151
74
96
123
158
84
151
116
120
110
123
192
0
120
65
0
205
0
57
64
47
110
99
60
198
107
74
31
175
126
132
34
150
97
87
92
115
0
0
13
90
49
146
70
88
57
70
136
48
0
168
117
155
0
66
166
113
170
65
74
164
77
94
192
135
191
198
112
0
45
45
62
167
40
82
186
56
109
108
179
123
157
114
33
83
121
127
187
49
51
0
170
127
178
125
0
149
0
19
81
159
0
184
68
0
71
0
107
46
95
59
70
146
195
114
176
111
58
160
108
134
0
73
0
114
190
62
169
0
32
176
93
159
155
0
190
72
186
40
39
152
131
145
102
172
154
77
191
159
90
64
144
133
26
29
186
0
167
45
100
0
155
50
70
0
154
138
110
60
115
0
137
32
72
0
23
101
70
79
104
47
86
45
0
74
128
71
0
173
113
72
124
0
77
85
93
88
191
168
37
175
0
86
136
0
195
0
68
130
155
172
177
187
176
71
171
164
28
134
188
75
41
0
194
166
30
0
17
60
141
136
0
120
150
0
55
79
182
185
122
63
37
143
148
39
148
0
92
118
106
119
140
163
141
35
172
75
27
0
74
26
96
165
219
0
181
99
83
45
124
153
84
0
143
86
55
127
140
26
38
37
110
165
129
0
71
99
92
95
84
34
148
77
197
76
65
47
104
183
175
0
0
194
191
0
191
155
173
136
157
147
69
76
28
136
0
152
0
183
151
116
74
0
78
0
120
48
135
48
174
96
0
81
71
82
0
193
0
162
195
36
94
43
158
103
144
108
151
152
186
155
65
158
154
51
187
199
43
181
32
0
183
0
133
72
132
197
0
45
173
153
27
88
130
134
93
196
70
68
169
140
90
44
126
66
32
0
89
124
140
143
83
0
174
57
105
26
184
0
142
195
115
117
0
72
173
97
190
189
65
185
62
77
163
0
65
76
164
182
63
128
151
91
63
122
88
189
141
187
138
199
180
97
142
139
69
137
188
111
172
86
47
86
108
55
155
74
55
87
181
199
187
102
31
76
188
93
86
163
178
127
26
32
137
0
82
198
159
133
82
164
76
38
0
134
125
30
116
112
83
153
0
85
112
42
40
126
52
39
51
0
117
170
73
107
90
75
99
127
164
25
75
134
0
50
199
86
183
190
93
114
90
190
0
196
186
168
191
46
116
179
134
28
51
168
194
60
34
112
117
92
88
26
124
28
121
69
117
0
85
30
0
28
96
177
34
63
181
44
95
78
176
141
56
71
150
135
0
131
0
196
36
127
186
0
169
95
86
144
0
61
44
82
0
42
136
194
0
148
134
122
180
108
134
0
141
164
188
125
188
122
0
115
156
181
94
174
132
193
52
128
35
189
78
84
36
73
95
153
174
60
111
93
103
0
50
129
0
87
168
164
60
54
174
146
192
90
72
171
116
182
41
145
152
45
0
144
71
156
35
0
125
158
105
0
136
64
0
45
100
156
142
38
191
193
56
37
54
178
33
179
45
0
167
78
99
55
175
80
0
79
114
143
107
0
22
199
53
190
107
0
142
198
90
0
40
78
84
119
0
152
173
108
92
131
114
180
40
50
94
60
79
102
93
87
111
148
35
182
137
130
148
121
123
34
113
147
37
0
51
100
92
113
184
41
197
154
183
168
0
168
44
0
91
110
134
60
98
176
179
0
125
142
98
111
192
60
38
135
54
38
28
161
108
57
126
45
114
165
74
0
150
0
92
67
184
181
0
146
148
77
141
192
39
176
159
135
161
0
28
141
194
83
0
82
181
60
131
164
0
143
150
127
105
85
0
160
41
102
30
78
129
31
191
0
0
139
142
0
162
105
57
98
85
104
143
34
99
182
60
158
174
28
137
199
158
162
179
127
130
95
195
91
69
65
133
0
19
59
184
119
111
53
146
0
179
172
49
110
146
66
188
51
101
192
180
155
0
128
175
186
112
96
56
150
36
32
102
190
37
189
92
95
132
54
174
58
126
27
173
137
174
69
71
72
167
120
126
144
92
110
33
0
103
149
167
171
26
48
94
149
77
156
120
90
76
72
149
180
52
160
95
0
0
155
145
33
49
199
177
49
78
71
99
96
88
0
0
109
35
109
71
185
146
0
98
0
165
81
115
126
89
79
165
174
76
96
190
81
166
122
42
51
66
144
139
170
181
108
77
186
0
75
141
87
156
81
190
55
177
139
114
130
120
92
154
64
167
31
186
118
115
91
196
114
92
29
0
0
44
158
116
106
37
61
92
107
188
144
185
121
102
172
133
0
45
44
176
57
142
125
82
75
171
116
0
0
72
113
68
178
137
0
189
156
174
0
51
0
137
140
68
147
0
157
140
0
197
162
106
38
63
55
0
140
146
84
54
188
114
185
140
120
153
171
125
124
179
136
117
0
96
89
106
153
27
0
198
153
115
82
53
99
52
38
194
85
141
105
0
16
158
169
133
182
53
134
0
70
182
49
34
193
0
140
159
46
178
39
71
162
131
181
0
131
147
0
99
90
79
96
0
0
111
37
66
26
63
99
0
21
52
118
78
129
57
40
113
107
166
78
117
42
34
193
174
66
173
202
0
135
93
100
101
148
0
185
119
94
0
153
110
95
0
100
31
48
77
0
154
63
0
45
0
156
59
0
91
61
145
166
147
168
82
53
85
167
84
33
80
144
38
112
57
92
121
71
177
188
193
155
110
125
0
134
157
86
67
106
32
48
194
49
154
0
194
66
187
173
39
184
49
43
165
140
159
116
187
0
198
0
0
19
139
78
50
76
0
115
77
161
163
46
60
167
87
166
122
190
147
184
152
195
73
0
199
57
75
42
122
116
138
87
109
164
131
181
29
189
77
134
150
115
166
132
139
27
104
35
94
173
0
75
196
91
0
91
147
57
138
169
178
157
31
190
46
114
58
198
157
157
54
133
193
83
157
85
171
34
184
92
72
187
143
170
65
0
192
0
170
194
55
195
0
35
142
50
0
162
198
181
124
147
29
27
176
0
174
101
175
0
163
125
182
45
196
75
87
131
145
0
153
0
95
115
33
149
0
153
167
144284